datetime,PM10,PM2.5,temperature,rain,pressure,precipitation,wind_speed,clouds,wind_direction
2024-05-02 20:00:00,4.0,2.0,14.0,0.0,1008.0,82.0,15.0,0.0,0.0
2024-05-02 21:00:00,7.0,5.0,13.0,0.0,1008.0,89.0,4.0,0.0,0.0
2024-05-02 22:00:00,5.0,3.0,13.0,0.0,1009.0,89.0,3.0,0.0,0.0
2024-05-02 23:00:00,7.0,4.0,13.0,0.0,1009.0,90.0,5.0,0.0,0.0
2024-05-03 00:00:00,8.0,5.0,13.0,0.0,1010.0,92.0,5.0,0.0,0.0
2024-05-03 01:00:00,7.0,4.0,13.0,0.0,1010.0,90.0,8.0,0.0,0.0
2024-05-03 02:00:00,11.560903776530107,8.702765767285584,12.0,0.0,1010.0,86.0,7.0,0.0,0.0
2024-05-03 03:00:00,5.0,3.0,12.0,0.0,1009.0,85.0,8.0,0.0,0.0
2024-05-03 04:00:00,5.0,2.0,12.0,0.0,1009.0,82.0,8.0,0.0,0.0
2024-05-03 05:00:00,5.0,2.0,12.0,0.0,1010.0,83.0,5.0,0.0,0.0
2024-05-03 06:00:00,5.0,2.0,14.0,0.0,1010.0,79.0,5.0,0.0,0.0
2024-05-03 07:00:00,6.0,2.0,16.0,0.0,1010.0,63.0,4.0,0.0,0.0
2024-05-03 08:00:00,5.0,2.0,17.0,0.0,1011.0,58.0,3.0,0.0,0.0
2024-05-03 09:00:00,5.0,2.0,16.0,0.0,1011.0,66.0,10.0,0.0,0.0
2024-05-03 10:00:00,4.0,2.0,16.0,0.0,1011.0,65.0,12.0,0.0,0.0
2024-05-03 11:00:00,4.0,2.0,14.0,0.0,1012.0,84.0,8.0,0.0,0.0
2024-05-03 12:00:00,4.0,2.0,13.0,0.0,1012.0,90.0,9.0,0.0,0.0
2024-05-03 13:00:00,7.0,3.0,15.0,0.0,1012.0,78.0,15.0,0.0,0.0
2024-05-03 14:00:00,6.0,3.0,16.0,0.1,1012.0,69.0,13.0,0.0,0.0
2024-05-03 15:00:00,6.0,4.0,16.0,0.4,1012.0,72.0,13.0,0.0,0.0
2024-05-03 16:00:00,5.0,2.0,16.0,0.6,1012.0,71.0,6.0,0.0,0.0
2024-05-03 17:00:00,4.0,2.0,15.0,1.0,1013.0,71.0,3.0,0.0,0.0
2024-05-03 18:00:00,3.0,2.0,14.0,1.6,1013.0,79.0,2.0,0.0,0.0
2024-05-03 19:00:00,3.0,2.0,14.0,0.5,1014.0,85.0,1.0,0.0,0.0
2024-05-03 20:00:00,4.0,2.0,14.0,0.8,1014.0,86.0,1.0,0.0,0.0
2024-05-03 21:00:00,4.0,3.0,14.0,0.0,1014.0,88.0,4.0,0.0,0.0
2024-05-03 22:00:00,4.0,2.0,14.0,0.0,1014.0,88.0,7.0,0.0,0.0
2024-05-03 23:00:00,3.0,2.0,13.0,0.0,1014.0,91.0,4.0,0.0,0.0
2024-05-04 00:00:00,3.0,2.0,13.0,0.2,1014.0,93.0,3.0,0.0,0.0
2024-05-04 01:00:00,5.0,3.0,13.0,0.8,1014.0,96.0,3.0,0.0,0.0
2024-05-04 02:00:00,14.147334425772648,11.207893113514544,13.0,0.0,1014.0,97.0,6.0,0.0,0.0
2024-05-04 03:00:00,5.0,3.0,13.0,0.0,1014.0,100.0,5.0,0.0,0.0
2024-05-04 04:00:00,6.0,4.0,12.0,0.0,1014.0,92.0,4.0,0.0,0.0
2024-05-04 05:00:00,8.0,5.0,13.0,0.0,1015.0,92.0,3.0,0.0,0.0
2024-05-04 06:00:00,7.0,6.0,14.0,0.0,1015.0,89.0,6.0,0.0,0.0
2024-05-04 07:00:00,9.0,6.0,15.0,0.0,1016.0,80.0,2.0,0.0,0.0
2024-05-04 08:00:00,9.0,6.0,17.0,0.0,1016.0,74.0,3.0,0.0,0.0
2024-05-04 09:00:00,8.0,5.0,18.0,0.0,1016.0,66.0,9.0,0.0,0.0
2024-05-04 10:00:00,9.0,6.0,18.0,0.0,1016.0,66.0,13.0,0.0,0.0
2024-05-04 11:00:00,7.0,5.0,16.0,0.0,1016.0,65.0,12.0,0.0,0.0
2024-05-04 12:00:00,7.0,5.0,17.0,0.0,1016.0,62.0,9.0,0.0,0.0
2024-05-04 13:00:00,10.0,8.0,18.0,0.0,1016.0,57.0,7.0,0.0,0.0
2024-05-04 14:00:00,11.0,9.0,18.0,0.0,1015.0,60.0,8.0,0.0,0.0
2024-05-04 15:00:00,7.0,5.0,18.0,0.0,1015.0,52.0,14.0,0.0,0.0
2024-05-04 16:00:00,4.0,2.0,19.0,0.0,1015.0,49.0,12.0,0.0,0.0
2024-05-04 17:00:00,3.0,2.0,17.0,0.0,1015.0,56.0,10.0,0.0,0.0
2024-05-04 18:00:00,5.0,3.0,17.0,0.0,1015.0,75.0,4.0,0.0,0.0
2024-05-04 19:00:00,6.0,4.0,17.0,0.0,1016.0,66.0,5.0,0.0,0.0
2024-05-04 20:00:00,7.0,5.0,17.0,0.0,1016.0,68.0,5.0,0.0,0.0
2024-05-04 21:00:00,8.0,6.0,16.0,0.0,1016.0,68.0,8.0,0.0,0.0
2024-05-04 22:00:00,8.0,5.0,15.0,0.0,1016.0,66.0,7.0,0.0,0.0
2024-05-04 23:00:00,9.0,6.0,12.0,0.0,1016.0,75.0,7.0,0.0,0.0
2024-05-05 00:00:00,8.0,6.0,12.0,0.0,1016.0,75.0,7.0,0.0,0.0
2024-05-05 01:00:00,7.0,5.0,11.0,0.0,1016.0,81.0,7.0,0.0,0.0
2024-05-05 02:00:00,11.074618462256359,7.220682628657386,14.0,0.0,1016.0,58.0,14.0,0.0,0.0
2024-05-05 03:00:00,8.0,5.0,12.0,0.0,1016.0,68.0,9.0,0.0,0.0
2024-05-05 04:00:00,5.0,3.0,11.0,0.0,1015.0,74.0,8.0,0.0,0.0
2024-05-05 05:00:00,6.0,3.0,13.0,0.0,1016.0,70.0,9.0,0.0,0.0
2024-05-05 06:00:00,6.0,4.0,15.0,0.0,1016.0,69.0,8.0,0.0,0.0
2024-05-05 07:00:00,7.0,5.0,18.0,0.0,1016.0,59.0,2.0,0.0,0.0
2024-05-05 08:00:00,7.0,4.0,21.0,0.0,1016.0,56.0,1.0,0.0,0.0
2024-05-05 09:00:00,7.0,4.0,20.0,0.0,1016.0,56.0,7.0,0.0,0.0
2024-05-05 10:00:00,8.0,6.0,22.0,0.0,1016.0,53.0,9.0,0.0,0.0
2024-05-05 11:00:00,10.0,8.0,19.0,0.0,1015.0,66.0,14.0,0.0,0.0
2024-05-05 12:00:00,12.0,9.0,19.0,0.0,1015.0,66.0,15.0,0.0,0.0
2024-05-05 13:00:00,10.0,8.0,21.0,0.0,1015.0,67.0,12.0,0.0,0.0
2024-05-05 14:00:00,9.0,6.0,21.0,0.0,1015.0,64.0,11.0,0.0,0.0
2024-05-05 15:00:00,7.0,5.0,22.0,0.0,1014.0,47.0,9.0,0.0,0.0
2024-05-05 16:00:00,7.0,4.0,22.0,0.0,1014.0,42.0,7.0,0.0,0.0
2024-05-05 17:00:00,4.0,3.0,21.0,0.0,1014.0,47.0,8.0,0.0,0.0
2024-05-05 18:00:00,7.0,5.0,20.0,0.0,1014.0,54.0,8.0,0.0,0.0
2024-05-05 19:00:00,6.0,4.0,19.0,0.0,1015.0,63.0,8.0,0.0,0.0
2024-05-05 20:00:00,5.0,3.0,18.0,0.0,1015.0,52.0,10.0,0.0,0.0
2024-05-05 21:00:00,6.0,4.0,17.0,0.0,1015.0,63.0,4.0,0.0,0.0
2024-05-05 22:00:00,6.0,4.0,16.0,0.0,1015.0,65.0,4.0,0.0,0.0
2024-05-05 23:00:00,6.0,5.0,16.0,0.0,1014.0,71.0,6.0,0.0,0.0
2024-05-06 00:00:00,8.0,6.0,16.0,0.0,1014.0,72.0,6.0,0.0,0.0
2024-05-06 01:00:00,7.0,5.0,15.0,0.0,1014.0,77.0,4.0,0.0,0.0
2024-05-06 02:00:00,11.942008470086646,8.39353421945674,14.0,0.0,1014.0,72.0,9.0,0.0,0.0
2024-05-06 03:00:00,7.0,5.0,14.0,0.0,1013.0,69.0,7.0,0.0,0.0
2024-05-06 04:00:00,6.0,4.0,13.0,0.0,1013.0,73.0,8.0,0.0,0.0
2024-05-06 05:00:00,6.0,4.0,15.0,0.0,1013.0,68.0,8.0,0.0,0.0
2024-05-06 06:00:00,6.0,4.0,18.0,0.0,1014.0,63.0,6.0,0.0,0.0
2024-05-06 07:00:00,7.0,4.0,21.0,0.0,1014.0,53.0,8.0,0.0,0.0
2024-05-06 08:00:00,7.0,4.0,23.0,0.0,1014.0,51.0,8.0,0.0,0.0
2024-05-06 09:00:00,7.0,4.0,23.0,0.0,1014.0,51.0,12.0,0.0,0.0
2024-05-06 10:00:00,6.0,4.0,24.0,0.0,1014.0,48.0,18.0,0.0,0.0
2024-05-06 11:00:00,8.0,4.0,22.0,0.0,1014.0,47.0,9.0,0.0,0.0
2024-05-06 12:00:00,8.0,5.0,22.0,0.0,1014.0,53.0,11.0,0.0,0.0
2024-05-06 13:00:00,9.0,4.0,22.0,0.0,1014.0,53.0,10.0,0.0,0.0
2024-05-06 14:00:00,6.0,3.0,21.0,0.0,1014.0,54.0,10.0,0.0,0.0
2024-05-06 15:00:00,6.0,3.0,21.0,0.0,1014.0,51.0,17.0,0.0,0.0
2024-05-06 16:00:00,6.0,3.0,20.0,0.0,1013.0,44.0,21.0,0.0,0.0
2024-05-06 17:00:00,6.0,3.0,19.0,1.0,1014.0,60.0,10.0,0.0,0.0
2024-05-06 18:00:00,6.0,3.0,19.0,0.2,1014.0,66.0,5.0,0.0,0.0
2024-05-06 19:00:00,8.0,4.0,17.0,0.0,1014.0,81.0,15.0,0.0,0.0
2024-05-06 20:00:00,7.0,4.0,16.0,0.0,1014.0,84.0,14.0,0.0,0.0
2024-05-06 21:00:00,7.0,4.0,17.0,0.0,1014.0,71.0,7.0,0.0,0.0
2024-05-06 22:00:00,7.0,4.0,16.0,0.0,1014.0,72.0,9.0,0.0,0.0
2024-05-06 23:00:00,8.0,5.0,18.0,0.0,1014.0,72.0,5.0,0.0,0.0
2024-05-07 00:00:00,8.0,5.0,18.0,0.0,1013.0,69.0,5.0,0.0,0.0
2024-05-07 01:00:00,7.0,5.0,18.0,0.0,1013.0,74.0,6.0,0.0,0.0
2024-05-07 02:00:00,12.784688177902208,9.050648042004497,16.0,0.0,1013.0,76.0,1.0,0.0,0.0
2024-05-07 03:00:00,8.0,6.0,16.0,0.0,1013.0,70.0,6.0,0.0,0.0
2024-05-07 04:00:00,7.0,5.0,16.0,0.2,1012.0,73.0,9.0,0.0,0.0
2024-05-07 05:00:00,7.0,5.0,16.0,0.0,1012.0,76.0,4.0,0.0,0.0
2024-05-07 06:00:00,7.0,5.0,17.0,1.1,1013.0,69.0,4.0,0.0,0.0
2024-05-07 07:00:00,9.0,6.0,18.0,0.0,1013.0,75.0,1.0,0.0,0.0
2024-05-07 08:00:00,10.0,7.0,18.0,0.5,1013.0,76.0,7.0,0.0,0.0
2024-05-07 09:00:00,14.0,9.0,18.0,2.7,1013.0,74.0,9.0,0.0,0.0
2024-05-07 10:00:00,17.0,11.0,18.0,0.5,1014.0,74.0,7.0,0.0,0.0
2024-05-07 11:00:00,14.0,9.0,18.0,0.3,1013.0,75.0,4.0,0.0,0.0
2024-05-07 12:00:00,11.0,8.0,17.0,0.0,1014.0,85.0,1.0,0.0,0.0
2024-05-07 13:00:00,12.0,9.0,18.0,0.0,1013.0,83.0,10.0,0.0,0.0
2024-05-07 14:00:00,16.0,10.0,18.0,0.0,1014.0,75.0,11.0,0.0,0.0
2024-05-07 15:00:00,13.0,8.0,17.0,0.0,1014.0,85.0,20.0,0.0,0.0
2024-05-07 16:00:00,11.0,7.0,18.0,0.0,1013.0,80.0,7.0,0.0,0.0
2024-05-07 17:00:00,10.0,7.0,18.0,0.0,1013.0,85.0,4.0,0.0,0.0
2024-05-07 18:00:00,13.0,7.0,16.0,0.4,1014.0,88.0,8.0,0.0,0.0
2024-05-07 19:00:00,7.0,4.0,14.0,0.0,1014.0,98.0,7.0,0.0,0.0
2024-05-07 20:00:00,6.0,3.0,14.0,0.0,1014.0,91.0,6.0,0.0,0.0
2024-05-07 21:00:00,8.0,5.0,14.0,0.0,1014.0,89.0,3.0,0.0,0.0
2024-05-07 22:00:00,6.0,4.0,14.0,0.0,1015.0,90.0,5.0,0.0,0.0
2024-05-07 23:00:00,7.0,4.0,14.0,0.0,1015.0,94.0,6.0,0.0,0.0
2024-05-08 00:00:00,6.0,4.0,13.0,0.0,1015.0,94.0,6.0,0.0,0.0
2024-05-08 01:00:00,6.0,4.0,13.0,0.0,1015.0,97.0,10.0,0.0,0.0
2024-05-08 02:00:00,5.0,3.0,13.0,0.0,1015.0,95.0,6.0,0.0,0.0
2024-05-08 03:00:00,5.0,3.0,13.0,0.0,1015.0,93.0,3.0,0.0,0.0
2024-05-08 04:00:00,6.0,4.0,13.0,0.0,1015.0,91.0,3.0,0.0,0.0
2024-05-08 05:00:00,7.0,4.0,14.0,0.0,1015.0,91.0,5.0,0.0,0.0
2024-05-08 06:00:00,8.0,5.0,15.0,0.0,1016.0,85.0,8.0,0.0,0.0
2024-05-08 07:00:00,7.0,4.0,16.0,0.0,1016.0,86.0,4.0,0.0,0.0
2024-05-08 08:00:00,9.0,6.0,18.0,0.0,1016.0,78.0,3.0,0.0,0.0
2024-05-08 09:00:00,10.0,6.0,18.0,0.0,1016.0,74.0,6.0,0.0,0.0
2024-05-08 10:00:00,13.0,8.0,18.0,0.0,1017.0,72.0,8.0,0.0,0.0
2024-05-08 11:00:00,8.0,6.0,19.0,0.0,1017.0,69.0,10.0,0.0,0.0
2024-05-08 12:00:00,7.0,5.0,20.0,0.0,1016.0,65.0,10.0,0.0,0.0
2024-05-08 13:00:00,8.0,5.0,19.0,0.0,1016.0,71.0,6.0,0.0,0.0
2024-05-08 14:00:00,7.0,4.0,19.0,0.0,1016.0,72.0,8.0,0.0,0.0
2024-05-08 15:00:00,9.0,5.0,18.0,0.6,1016.0,78.0,3.0,0.0,0.0
2024-05-08 16:00:00,7.0,4.0,18.0,0.4,1016.0,82.0,4.0,0.0,0.0
2024-05-08 17:00:00,6.0,4.0,19.0,0.0,1017.0,72.0,17.0,0.0,0.0
2024-05-08 18:00:00,6.0,3.0,18.0,0.0,1017.0,73.0,16.0,0.0,0.0
2024-05-08 19:00:00,6.0,2.0,17.0,0.0,1018.0,75.0,19.0,0.0,0.0
2024-05-08 20:00:00,5.0,2.0,16.0,0.0,1018.0,76.0,18.0,0.0,0.0
2024-05-08 21:00:00,4.0,2.0,16.0,0.0,1018.0,76.0,18.0,0.0,0.0
2024-05-08 22:00:00,4.0,2.0,16.0,0.0,1018.0,76.0,18.0,0.0,0.0
2024-05-08 23:00:00,4.0,2.0,16.0,0.0,1018.0,76.0,19.0,0.0,0.0
2024-05-09 00:00:00,5.0,3.0,16.0,0.0,1018.0,72.0,21.0,0.0,0.0
2024-05-09 01:00:00,6.0,3.0,16.0,0.0,1018.0,68.0,11.0,0.0,0.0
2024-05-09 02:00:00,10.0,6.0,16.0,0.0,1018.0,67.0,12.0,0.0,0.0
2024-05-09 03:00:00,10.0,6.0,16.0,0.0,1018.0,65.0,12.0,0.0,0.0
2024-05-09 04:00:00,11.0,6.0,16.0,0.0,1018.0,64.0,12.0,0.0,0.0
2024-05-09 05:00:00,9.0,6.0,16.0,0.0,1019.0,65.0,12.0,0.0,0.0
2024-05-09 06:00:00,8.0,5.0,17.0,0.0,1019.0,62.0,13.0,0.0,0.0
2024-05-09 07:00:00,8.0,5.0,21.0,0.0,1020.0,44.0,5.0,0.0,0.0
2024-05-09 08:00:00,9.0,5.0,22.0,0.0,1020.0,43.0,10.0,0.0,0.0
2024-05-09 09:00:00,9.0,5.0,23.0,0.0,1020.0,40.0,14.0,0.0,0.0
2024-05-09 10:00:00,10.0,5.0,23.0,0.0,1019.0,39.0,13.0,0.0,0.0
2024-05-09 11:00:00,9.0,5.0,24.0,0.0,1019.0,36.0,15.0,0.0,0.0
2024-05-09 12:00:00,9.0,4.0,24.0,0.0,1018.0,36.0,14.0,0.0,0.0
2024-05-09 13:00:00,9.0,4.0,23.0,0.0,1018.0,38.0,19.0,0.0,0.0
2024-05-09 14:00:00,10.0,5.0,22.0,0.0,1018.0,37.0,20.0,0.0,0.0
2024-05-09 15:00:00,11.0,5.0,22.0,0.0,1018.0,37.0,19.0,0.0,0.0
2024-05-09 16:00:00,13.0,6.0,22.0,0.0,1018.0,39.0,20.0,0.0,0.0
2024-05-09 17:00:00,13.0,6.0,21.0,0.0,1019.0,40.0,18.0,0.0,0.0
2024-05-09 18:00:00,10.0,5.0,19.0,0.0,1019.0,45.0,15.0,0.0,0.0
2024-05-09 19:00:00,12.0,6.0,18.0,0.0,1019.0,52.0,14.0,0.0,0.0
2024-05-09 20:00:00,13.0,6.0,17.0,0.0,1020.0,57.0,15.0,0.0,0.0
2024-05-09 21:00:00,12.0,6.0,16.0,0.0,1020.0,54.0,15.0,0.0,0.0
2024-05-09 22:00:00,13.0,6.0,16.0,0.0,1020.0,45.0,14.0,0.0,0.0
2024-05-09 23:00:00,12.0,6.0,16.0,0.0,1020.0,48.0,14.0,0.0,0.0
2024-05-10 00:00:00,10.0,6.0,16.0,0.0,1020.0,49.0,18.0,0.0,0.0
2024-05-10 01:00:00,11.0,6.0,17.0,0.0,1020.0,54.0,14.0,0.0,0.0
2024-05-10 02:00:00,11.0,5.0,17.0,0.0,1020.0,54.0,12.0,0.0,0.0
2024-05-10 03:00:00,12.0,6.0,16.0,0.0,1019.0,55.0,10.0,0.0,0.0
2024-05-10 04:00:00,12.0,6.0,16.0,0.0,1019.0,55.0,10.0,0.0,0.0
2024-05-10 05:00:00,13.0,6.0,16.0,0.0,1019.0,56.0,10.0,0.0,0.0
2024-05-10 06:00:00,13.0,6.0,17.0,0.0,1020.0,54.0,10.0,0.0,0.0
2024-05-10 07:00:00,14.0,7.0,22.0,0.0,1020.0,35.0,7.0,0.0,0.0
2024-05-10 08:00:00,17.0,7.0,23.0,0.0,1020.0,33.0,8.0,0.0,0.0
2024-05-10 09:00:00,17.0,7.0,24.0,0.0,1020.0,30.0,13.0,0.0,0.0
2024-05-10 10:00:00,15.0,7.0,25.0,0.0,1019.0,30.0,15.0,0.0,0.0
2024-05-10 11:00:00,14.0,6.0,26.0,0.0,1019.0,30.0,18.0,0.0,0.0
2024-05-10 12:00:00,14.0,6.0,26.0,0.0,1018.0,30.0,20.0,0.0,0.0
2024-05-10 13:00:00,12.0,6.0,25.0,0.0,1018.0,33.0,12.0,0.0,0.0
2024-05-10 14:00:00,10.0,5.0,24.0,0.0,1018.0,40.0,17.0,0.0,0.0
2024-05-10 15:00:00,11.0,5.0,21.0,0.0,1018.0,50.0,17.0,0.0,0.0
2024-05-10 16:00:00,12.0,5.0,20.0,0.0,1018.0,52.0,14.0,0.0,0.0
2024-05-10 17:00:00,12.0,5.0,20.0,0.0,1018.0,52.0,8.0,0.0,0.0
2024-05-10 18:00:00,11.0,5.0,19.0,0.0,1018.0,72.0,3.0,0.0,0.0
2024-05-10 19:00:00,12.0,5.0,18.0,0.0,1018.0,72.0,1.0,0.0,0.0
2024-05-10 20:00:00,14.0,6.0,17.0,0.0,1019.0,71.0,2.0,0.0,0.0
2024-05-10 21:00:00,16.0,7.0,17.0,0.0,1019.0,71.0,3.0,0.0,0.0
2024-05-10 22:00:00,15.0,8.0,17.0,0.0,1020.0,64.0,5.0,0.0,0.0
2024-05-10 23:00:00,15.0,8.0,16.0,0.0,1020.0,61.0,6.0,0.0,0.0
2024-05-11 00:00:00,12.0,6.0,16.0,0.0,1020.0,63.0,5.0,0.0,0.0
2024-05-11 01:00:00,11.0,6.0,16.0,0.0,1019.0,68.0,4.0,0.0,0.0
2024-05-11 02:00:00,11.0,6.0,16.0,0.0,1019.0,67.0,4.0,0.0,0.0
2024-05-11 03:00:00,11.0,6.0,16.0,0.0,1019.0,67.0,4.0,0.0,0.0
2024-05-11 04:00:00,10.0,6.0,16.0,0.0,1019.0,62.0,6.0,0.0,0.0
2024-05-11 05:00:00,12.0,6.0,17.0,0.0,1019.0,63.0,5.0,0.0,0.0
2024-05-11 06:00:00,12.0,6.0,18.0,0.0,1020.0,67.0,4.0,0.0,0.0
2024-05-11 07:00:00,13.0,7.0,22.0,0.0,1020.0,40.0,9.0,0.0,0.0
2024-05-11 08:00:00,21.0,9.0,23.0,0.0,1020.0,38.0,9.0,0.0,0.0
2024-05-11 09:00:00,15.0,7.0,24.0,0.0,1020.0,35.0,9.0,0.0,0.0
2024-05-11 10:00:00,14.0,7.0,25.0,0.0,1020.0,33.0,6.0,0.0,0.0
2024-05-11 11:00:00,14.0,7.0,24.0,0.0,1019.0,35.0,1.0,0.0,0.0
2024-05-11 12:00:00,14.0,7.0,23.0,0.0,1019.0,43.0,9.0,0.0,0.0
2024-05-11 13:00:00,15.0,8.0,23.0,0.0,1018.0,46.0,19.0,0.0,0.0
2024-05-11 14:00:00,15.0,7.0,22.0,0.0,1018.0,45.0,20.0,0.0,0.0
2024-05-11 15:00:00,13.0,7.0,24.0,0.0,1018.0,33.0,16.0,0.0,0.0
2024-05-11 16:00:00,14.0,8.0,23.0,0.0,1018.0,34.0,13.0,0.0,0.0
2024-05-11 17:00:00,14.0,8.0,22.0,0.0,1018.0,35.0,7.0,0.0,0.0
2024-05-11 18:00:00,14.0,8.0,21.0,0.0,1017.0,57.0,1.0,0.0,0.0
2024-05-11 19:00:00,13.0,7.0,20.0,0.0,1018.0,63.0,3.0,0.0,0.0
2024-05-11 20:00:00,17.0,9.0,18.0,0.0,1018.0,61.0,3.0,0.0,0.0
2024-05-11 21:00:00,14.0,7.0,17.0,0.0,1018.0,56.0,3.0,0.0,0.0
2024-05-11 22:00:00,14.0,7.0,17.0,0.0,1018.0,56.0,4.0,0.0,0.0
2024-05-11 23:00:00,14.0,9.0,16.0,0.0,1018.0,60.0,3.0,0.0,0.0
2024-05-12 00:00:00,11.0,7.0,16.0,0.0,1018.0,66.0,4.0,0.0,0.0
2024-05-12 01:00:00,11.0,7.0,16.0,0.0,1018.0,69.0,4.0,0.0,0.0
2024-05-12 02:00:00,12.0,7.0,16.0,0.0,1018.0,69.0,4.0,0.0,0.0
2024-05-12 03:00:00,13.0,7.0,15.0,0.0,1018.0,72.0,5.0,0.0,0.0
2024-05-12 04:00:00,13.0,7.0,15.0,0.0,1018.0,74.0,5.0,0.0,0.0
2024-05-12 05:00:00,11.0,7.0,16.0,0.0,1018.0,70.0,8.0,0.0,0.0
2024-05-12 06:00:00,12.0,7.0,18.0,0.0,1018.0,62.0,2.0,0.0,0.0
2024-05-12 07:00:00,12.0,7.0,20.0,0.0,1018.0,56.0,2.0,0.0,0.0
2024-05-12 08:00:00,12.0,8.0,21.0,0.0,1018.0,50.0,1.0,0.0,0.0
2024-05-12 09:00:00,14.0,7.0,22.0,0.0,1018.0,48.0,3.0,0.0,0.0
2024-05-12 10:00:00,14.0,8.0,22.0,0.0,1018.0,44.0,11.0,0.0,0.0
2024-05-12 11:00:00,14.0,8.0,23.0,0.0,1018.0,43.0,14.0,0.0,0.0
2024-05-12 12:00:00,14.0,9.0,23.0,0.0,1017.0,43.0,15.0,0.0,0.0
2024-05-12 13:00:00,15.0,9.0,23.0,0.0,1017.0,44.0,12.0,0.0,0.0
2024-05-12 14:00:00,14.0,8.0,23.0,0.0,1017.0,47.0,10.0,0.0,0.0
2024-05-12 15:00:00,13.0,7.0,22.0,0.0,1017.0,48.0,6.0,0.0,0.0
2024-05-12 16:00:00,11.0,7.0,22.0,0.0,1017.0,48.0,4.0,0.0,0.0
2024-05-12 17:00:00,12.0,7.0,21.0,0.0,1017.0,50.0,5.0,0.0,0.0
2024-05-12 18:00:00,14.0,8.0,20.0,0.0,1017.0,68.0,4.0,0.0,0.0
2024-05-12 19:00:00,15.0,8.0,18.0,0.0,1017.0,69.0,0.0,0.0,0.0
2024-05-12 20:00:00,14.0,8.0,18.0,0.0,1017.0,69.0,3.0,0.0,0.0
2024-05-12 21:00:00,14.0,8.0,18.0,0.0,1018.0,74.0,5.0,0.0,0.0
2024-05-12 22:00:00,16.0,9.0,18.0,0.0,1018.0,75.0,5.0,0.0,0.0
2024-05-12 23:00:00,16.0,9.0,18.0,0.0,1018.0,73.0,7.0,0.0,0.0
2024-05-13 00:00:00,15.0,9.0,18.0,0.0,1017.0,74.0,7.0,0.0,0.0
2024-05-13 01:00:00,10.0,7.0,18.0,0.0,1017.0,71.0,8.0,0.0,0.0
2024-05-13 02:00:00,10.0,7.0,17.0,0.0,1017.0,74.0,6.0,0.0,0.0
2024-05-13 03:00:00,9.0,6.0,17.0,0.0,1017.0,78.0,4.0,0.0,0.0
2024-05-13 04:00:00,9.0,6.0,17.0,0.0,1017.0,80.0,2.0,0.0,0.0
2024-05-13 05:00:00,9.0,7.0,17.0,0.0,1017.0,78.0,4.0,0.0,0.0
2024-05-13 06:00:00,10.0,7.0,17.0,0.0,1018.0,75.0,9.0,0.0,0.0
2024-05-13 07:00:00,12.0,8.0,19.0,0.0,1016.0,68.0,4.0,0.0,0.0
2024-05-13 08:00:00,13.0,8.0,19.0,0.0,1016.0,67.0,2.0,0.0,0.0
2024-05-13 09:00:00,18.0,10.0,20.0,0.4,1016.0,66.0,4.0,0.0,0.0
2024-05-13 10:00:00,22.0,10.0,22.0,0.4,1016.0,59.0,4.0,0.0,0.0
2024-05-13 11:00:00,20.0,11.0,22.0,0.0,1016.0,55.0,0.0,0.0,0.0
2024-05-13 12:00:00,15.0,9.0,21.0,0.0,1016.0,60.0,7.0,0.0,0.0
2024-05-13 13:00:00,12.0,8.0,21.0,0.0,1015.0,59.0,6.0,0.0,0.0
2024-05-13 14:00:00,12.0,8.0,21.0,1.0,1015.0,58.0,5.0,0.0,0.0
2024-05-13 15:00:00,16.0,10.0,21.0,0.6,1014.0,59.0,6.0,0.0,0.0
2024-05-13 16:00:00,18.0,12.0,21.0,0.0,1014.0,60.0,3.0,0.0,0.0
2024-05-13 17:00:00,18.0,11.0,21.0,0.0,1014.0,60.0,12.0,0.0,0.0
2024-05-13 18:00:00,17.0,11.0,19.0,0.0,1014.0,67.0,17.0,0.0,0.0
2024-05-13 19:00:00,17.0,11.0,18.0,0.0,1014.0,80.0,11.0,0.0,0.0
2024-05-13 20:00:00,16.0,10.0,18.0,0.0,1014.0,79.0,6.0,0.0,0.0
2024-05-13 21:00:00,15.0,10.0,17.0,0.0,1014.0,86.0,3.0,0.0,0.0
2024-05-13 22:00:00,19.0,13.0,16.0,0.1,1015.0,87.0,5.0,0.0,0.0
2024-05-13 23:00:00,21.0,14.0,15.0,0.3,1015.0,95.0,4.0,0.0,0.0
2024-05-14 00:00:00,21.0,14.0,15.0,0.6,1014.0,96.0,4.0,0.0,0.0
2024-05-14 01:00:00,18.0,13.0,15.0,0.3,1014.0,96.0,4.0,0.0,0.0
2024-05-14 02:00:00,17.0,14.0,15.0,0.8,1013.0,96.0,3.0,0.0,0.0
2024-05-14 03:00:00,14.0,11.0,15.0,0.9,1013.0,95.0,4.0,0.0,0.0
2024-05-14 04:00:00,14.0,11.0,15.0,0.1,1012.0,93.0,4.0,0.0,0.0
2024-05-14 05:00:00,12.0,9.0,15.0,0.0,1012.0,91.0,4.0,0.0,0.0
2024-05-14 06:00:00,11.0,8.0,16.0,0.0,1012.0,88.0,4.0,0.0,0.0
2024-05-14 07:00:00,10.0,7.0,17.0,0.0,1012.0,82.0,4.0,0.0,0.0
2024-05-14 08:00:00,11.0,7.0,18.0,0.0,1012.0,76.0,3.0,0.0,0.0
2024-05-14 09:00:00,11.0,8.0,19.0,0.1,1012.0,75.0,1.0,0.0,0.0
2024-05-14 10:00:00,11.0,7.0,19.0,0.0,1012.0,76.0,4.0,0.0,0.0
2024-05-14 11:00:00,10.0,7.0,19.0,0.0,1012.0,78.0,10.0,0.0,0.0
2024-05-14 12:00:00,9.0,7.0,18.0,1.7,1012.0,85.0,8.0,0.0,0.0
2024-05-14 13:00:00,9.0,7.0,17.0,7.0,1012.0,88.0,17.0,0.0,0.0
2024-05-14 14:00:00,10.0,7.0,18.0,0.1,1012.0,78.0,8.0,0.0,0.0
2024-05-14 15:00:00,10.0,7.0,18.0,0.2,1011.0,83.0,3.0,0.0,0.0
2024-05-14 16:00:00,10.0,7.0,18.0,0.0,1011.0,85.0,3.0,0.0,0.0
2024-05-14 17:00:00,10.0,7.0,18.0,0.0,1011.0,86.0,6.0,0.0,0.0
2024-05-14 18:00:00,14.0,8.0,18.0,0.0,1012.0,89.0,5.0,0.0,0.0
2024-05-14 19:00:00,14.0,9.0,17.0,0.0,1012.0,92.0,1.0,0.0,0.0
2024-05-14 20:00:00,10.0,7.0,16.0,0.0,1012.0,94.0,1.0,0.0,0.0
2024-05-14 21:00:00,10.0,4.0,16.0,0.0,1012.0,93.0,3.0,0.0,0.0
2024-05-14 22:00:00,8.0,5.0,15.0,0.0,1013.0,92.0,5.0,0.0,0.0
2024-05-14 23:00:00,8.0,5.0,14.0,0.0,1012.0,92.0,5.0,0.0,0.0
2024-05-15 00:00:00,8.0,5.0,14.0,0.0,1012.0,92.0,6.0,0.0,0.0
2024-05-15 01:00:00,6.0,4.0,14.0,0.0,1012.0,90.0,7.0,0.0,0.0
2024-05-15 02:00:00,6.0,4.0,14.0,0.0,1012.0,86.0,6.0,0.0,0.0
2024-05-15 03:00:00,7.0,5.0,14.0,0.0,1012.0,83.0,6.0,0.0,0.0
2024-05-15 04:00:00,7.0,5.0,14.0,0.0,1011.0,82.0,7.0,0.0,0.0
2024-05-15 05:00:00,7.0,5.0,14.0,0.0,1012.0,81.0,6.0,0.0,0.0
2024-05-15 06:00:00,7.0,5.0,15.0,0.0,1012.0,81.0,4.0,0.0,0.0
2024-05-15 07:00:00,8.0,6.0,21.0,0.0,1011.0,66.0,4.0,0.0,0.0
2024-05-15 08:00:00,9.0,6.0,22.0,0.0,1011.0,62.0,4.0,0.0,0.0
2024-05-15 09:00:00,39.0,13.0,22.0,0.0,1011.0,55.0,5.0,0.0,0.0
2024-05-15 10:00:00,29.0,10.0,22.0,0.0,1012.0,56.0,19.0,0.0,0.0
2024-05-15 11:00:00,13.0,7.0,19.0,1.0,1012.0,74.0,11.0,0.0,0.0
2024-05-15 12:00:00,13.0,7.0,19.0,0.5,1012.0,76.0,13.0,0.0,0.0
2024-05-15 13:00:00,16.0,8.0,20.0,0.0,1012.0,74.0,12.0,0.0,0.0
2024-05-15 14:00:00,13.0,8.0,20.0,0.0,1011.0,73.0,14.0,0.0,0.0
2024-05-15 15:00:00,11.0,8.0,21.0,0.0,1010.0,68.0,13.0,0.0,0.0
2024-05-15 16:00:00,14.0,9.0,21.0,0.0,1010.0,64.0,13.0,0.0,0.0
2024-05-15 17:00:00,12.0,8.0,20.0,0.0,1010.0,67.0,13.0,0.0,0.0
2024-05-15 18:00:00,12.0,9.0,19.0,0.0,1010.0,72.0,10.0,0.0,0.0
2024-05-15 19:00:00,15.0,11.0,18.0,0.0,1010.0,77.0,6.0,0.0,0.0
2024-05-15 20:00:00,14.0,10.0,18.0,0.0,1010.0,78.0,5.0,0.0,0.0
2024-05-15 21:00:00,15.0,11.0,17.0,0.0,1011.0,86.0,2.0,0.0,0.0
2024-05-15 22:00:00,17.0,12.0,17.0,0.3,1011.0,87.0,10.0,0.0,0.0
2024-05-15 23:00:00,17.0,12.0,16.0,1.5,1011.0,94.0,8.0,0.0,0.0
2024-05-16 00:00:00,16.0,11.0,16.0,0.0,1011.0,90.0,7.0,0.0,0.0
2024-05-16 01:00:00,13.0,10.0,17.0,0.5,1010.0,86.0,12.0,0.0,0.0
2024-05-16 02:00:00,12.0,9.0,16.0,0.6,1009.0,88.0,8.0,0.0,0.0
2024-05-16 03:00:00,11.0,8.0,17.0,0.0,1009.0,82.0,9.0,0.0,0.0
2024-05-16 04:00:00,11.0,7.0,17.0,0.0,1009.0,80.0,10.0,0.0,0.0
2024-05-16 05:00:00,11.0,7.0,18.0,0.0,1009.0,79.0,9.0,0.0,0.0
2024-05-16 06:00:00,10.0,7.0,18.0,0.0,1009.0,78.0,9.0,0.0,0.0
2024-05-16 07:00:00,9.0,5.0,20.0,0.0,1009.0,71.0,9.0,0.0,0.0
2024-05-16 08:00:00,8.0,5.0,21.0,0.0,1009.0,67.0,8.0,0.0,0.0
2024-05-16 09:00:00,12.0,6.0,22.0,0.0,1009.0,63.0,5.0,0.0,0.0
2024-05-16 10:00:00,16.0,6.0,21.0,0.0,1008.0,62.0,5.0,0.0,0.0
2024-05-16 11:00:00,15.0,7.0,22.0,0.0,1008.0,67.0,8.0,0.0,0.0
2024-05-16 12:00:00,19.0,8.0,22.0,0.0,1007.0,64.0,11.0,0.0,0.0
2024-05-16 13:00:00,22.0,10.0,23.0,0.0,1006.0,64.0,12.0,0.0,0.0
2024-05-16 14:00:00,20.0,9.0,23.0,0.0,1005.0,64.0,17.0,0.0,0.0
2024-05-16 15:00:00,15.0,7.0,23.0,0.0,1004.0,66.0,23.0,0.0,0.0
2024-05-16 16:00:00,17.0,8.0,22.0,0.0,1003.0,63.0,24.0,0.0,0.0
2024-05-16 17:00:00,17.0,8.0,22.0,0.0,1003.0,63.0,26.0,0.0,0.0
2024-05-16 18:00:00,19.0,9.0,21.0,0.5,1004.0,70.0,18.0,0.0,0.0
2024-05-16 19:00:00,19.0,11.0,18.0,3.9,1004.0,86.0,22.0,0.0,0.0
2024-05-16 20:00:00,17.0,9.0,18.0,0.0,1004.0,86.0,25.0,0.0,0.0
2024-05-16 21:00:00,18.0,10.0,18.0,0.0,1004.0,87.0,23.0,0.0,0.0
2024-05-16 22:00:00,17.0,10.0,18.0,0.0,1005.0,88.0,15.0,0.0,0.0
2024-05-16 23:00:00,21.0,12.0,18.0,0.0,1006.0,90.0,12.0,0.0,0.0
2024-05-17 00:00:00,13.0,7.0,17.0,0.0,1006.0,94.0,14.0,0.0,0.0
2024-05-17 01:00:00,11.0,5.0,17.0,0.0,1007.0,91.0,12.0,0.0,0.0
2024-05-17 02:00:00,22.0,10.0,17.0,0.0,1007.0,90.0,19.0,0.0,0.0
2024-05-17 03:00:00,12.0,7.0,16.0,0.0,1008.0,85.0,14.0,0.0,0.0
2024-05-17 04:00:00,11.0,6.0,16.0,0.0,1008.0,87.0,11.0,0.0,0.0
2024-05-17 05:00:00,10.0,6.0,16.0,0.0,1009.0,86.0,9.0,0.0,0.0
2024-05-17 06:00:00,8.0,5.0,17.0,0.0,1009.0,81.0,16.0,0.0,0.0
2024-05-17 07:00:00,8.0,5.0,18.0,0.0,1009.0,82.0,12.0,0.0,0.0
2024-05-17 08:00:00,6.0,4.0,19.0,0.0,1010.0,75.0,11.0,0.0,0.0
2024-05-17 09:00:00,7.0,4.0,20.0,0.0,1010.0,70.0,12.0,0.0,0.0
2024-05-17 10:00:00,7.0,4.0,20.0,0.0,1011.0,68.0,17.0,0.0,0.0
2024-05-17 11:00:00,8.0,4.0,20.0,0.0,1012.0,68.0,22.0,0.0,0.0
2024-05-17 12:00:00,8.0,4.0,20.0,0.0,1012.0,65.0,20.0,0.0,0.0
2024-05-17 13:00:00,9.0,4.0,21.0,0.0,1012.0,63.0,17.0,0.0,0.0
2024-05-17 14:00:00,9.0,4.0,21.0,0.0,1012.0,64.0,20.0,0.0,0.0
2024-05-17 15:00:00,9.0,4.0,21.0,0.0,1012.0,64.0,18.0,0.0,0.0
2024-05-17 16:00:00,7.0,4.0,21.0,0.0,1012.0,63.0,13.0,0.0,0.0
2024-05-17 17:00:00,7.0,4.0,20.0,0.0,1012.0,66.0,8.0,0.0,0.0
2024-05-17 18:00:00,8.0,4.0,19.0,0.0,1012.0,80.0,1.0,0.0,0.0
2024-05-17 19:00:00,8.0,4.0,18.0,0.0,1012.0,78.0,4.0,0.0,0.0
2024-05-17 20:00:00,9.0,4.0,17.0,0.0,1013.0,76.0,6.0,0.0,0.0
2024-05-17 21:00:00,9.0,4.0,17.0,0.0,1014.0,77.0,5.0,0.0,0.0
2024-05-17 22:00:00,8.0,4.0,16.0,0.0,1014.0,79.0,6.0,0.0,0.0
2024-05-17 23:00:00,7.0,4.0,16.0,0.0,1014.0,81.0,7.0,0.0,0.0
2024-05-18 00:00:00,8.0,5.0,15.0,0.0,1014.0,82.0,6.0,0.0,0.0
2024-05-18 01:00:00,7.0,4.0,15.0,0.0,1014.0,82.0,6.0,0.0,0.0
2024-05-18 02:00:00,8.0,4.0,15.0,0.0,1014.0,81.0,5.0,0.0,0.0
2024-05-18 03:00:00,8.0,4.0,15.0,0.0,1014.0,81.0,5.0,0.0,0.0
2024-05-18 04:00:00,8.0,4.0,14.0,0.0,1014.0,81.0,6.0,0.0,0.0
2024-05-18 05:00:00,7.0,4.0,15.0,0.0,1014.0,82.0,6.0,0.0,0.0
2024-05-18 06:00:00,7.0,4.0,16.0,0.0,1014.0,80.0,3.0,0.0,0.0
2024-05-18 07:00:00,7.0,4.0,22.0,0.0,1014.0,51.0,6.0,0.0,0.0
2024-05-18 08:00:00,8.0,4.0,23.0,0.0,1014.0,48.0,3.0,0.0,0.0
2024-05-18 09:00:00,8.0,4.0,24.0,0.0,1014.0,46.0,1.0,0.0,0.0
2024-05-18 10:00:00,9.0,5.0,25.0,0.0,1014.0,45.0,9.0,0.0,0.0
2024-05-18 11:00:00,8.0,4.0,25.0,0.0,1014.0,48.0,14.0,0.0,0.0
2024-05-18 12:00:00,9.0,5.0,24.0,0.0,1014.0,46.0,18.0,0.0,0.0
2024-05-18 13:00:00,9.0,6.0,23.0,0.0,1014.0,50.0,19.0,0.0,0.0
2024-05-18 14:00:00,11.0,5.0,23.0,0.0,1014.0,51.0,18.0,0.0,0.0
2024-05-18 15:00:00,9.0,4.0,22.0,0.0,1013.0,56.0,15.0,0.0,0.0
2024-05-18 16:00:00,8.0,4.0,21.0,0.0,1013.0,60.0,10.0,0.0,0.0
2024-05-18 17:00:00,7.0,4.0,20.0,0.0,1013.0,57.0,7.0,0.0,0.0
2024-05-18 18:00:00,9.0,5.0,20.0,0.0,1012.0,63.0,3.0,0.0,0.0
2024-05-18 19:00:00,8.0,5.0,18.0,0.0,1012.0,76.0,1.0,0.0,0.0
2024-05-18 20:00:00,10.0,5.0,17.0,0.0,1012.0,76.0,2.0,0.0,0.0
2024-05-18 21:00:00,10.0,5.0,17.0,0.0,1013.0,77.0,2.0,0.0,0.0
2024-05-18 22:00:00,10.0,6.0,17.0,0.0,1013.0,78.0,2.0,0.0,0.0
2024-05-18 23:00:00,10.0,6.0,17.0,0.0,1013.0,78.0,3.0,0.0,0.0
2024-05-19 00:00:00,9.0,5.0,17.0,0.0,1013.0,68.0,4.0,0.0,0.0
2024-05-19 01:00:00,23.0,10.0,17.0,0.0,1013.0,67.0,3.0,0.0,0.0
2024-05-19 02:00:00,17.0,8.0,17.0,0.0,1012.0,68.0,3.0,0.0,0.0
2024-05-19 03:00:00,24.0,12.0,17.0,0.0,1012.0,71.0,5.0,0.0,0.0
2024-05-19 04:00:00,24.0,12.0,16.0,0.0,1012.0,76.0,4.0,0.0,0.0
2024-05-19 05:00:00,31.0,14.0,17.0,0.0,1013.0,79.0,5.0,0.0,0.0
2024-05-19 06:00:00,34.0,16.0,17.0,0.0,1013.0,80.0,4.0,0.0,0.0
2024-05-19 07:00:00,35.0,17.0,20.0,0.0,1013.0,66.0,3.0,0.0,0.0
2024-05-19 08:00:00,32.0,16.0,21.0,0.0,1013.0,61.0,3.0,0.0,0.0
2024-05-19 09:00:00,33.0,16.0,20.0,0.0,1013.0,62.0,6.0,0.0,0.0
2024-05-19 10:00:00,34.0,17.0,18.0,0.0,1012.0,76.0,6.0,0.0,0.0
2024-05-19 11:00:00,36.0,18.0,19.0,0.0,1012.0,70.0,8.0,0.0,0.0
2024-05-19 12:00:00,33.0,17.0,20.0,0.0,1012.0,68.0,6.0,0.0,0.0
2024-05-19 13:00:00,34.0,18.0,21.0,0.0,1012.0,69.0,5.0,0.0,0.0
2024-05-19 14:00:00,32.0,17.0,22.0,0.0,1012.0,69.0,6.0,0.0,0.0
2024-05-19 15:00:00,31.0,16.0,21.0,0.1,1011.0,73.0,6.0,0.0,0.0
2024-05-19 16:00:00,30.0,16.0,21.0,0.1,1011.0,78.0,5.0,0.0,0.0
2024-05-19 17:00:00,25.0,14.0,20.0,0.0,1011.0,79.0,6.0,0.0,0.0
2024-05-19 18:00:00,25.0,14.0,20.0,0.0,1011.0,78.0,5.0,0.0,0.0
2024-05-19 19:00:00,24.0,13.0,19.0,0.0,1011.0,87.0,4.0,0.0,0.0
2024-05-19 20:00:00,28.0,15.0,17.0,0.0,1012.0,93.0,5.0,0.0,0.0
2024-05-19 21:00:00,32.0,17.0,16.0,0.0,1012.0,96.0,3.0,0.0,0.0
2024-05-19 22:00:00,34.0,17.0,17.0,0.0,1013.0,96.0,2.0,0.0,0.0
2024-05-19 23:00:00,35.0,18.0,16.0,0.0,1012.0,97.0,1.0,0.0,0.0
2024-05-20 00:00:00,34.0,18.0,16.0,0.0,1012.0,96.0,3.0,0.0,0.0
2024-05-20 01:00:00,33.0,19.0,16.0,0.0,1012.0,95.0,3.0,0.0,0.0
2024-05-20 02:00:00,33.0,19.0,16.0,0.0,1012.0,93.0,4.0,0.0,0.0
2024-05-20 03:00:00,34.0,19.0,16.0,0.0,1011.0,90.0,4.0,0.0,0.0
2024-05-20 04:00:00,34.0,19.0,16.0,0.0,1011.0,91.0,1.0,0.0,0.0
2024-05-20 05:00:00,30.0,17.0,16.0,0.0,1012.0,90.0,4.0,0.0,0.0
2024-05-20 06:00:00,32.0,17.0,17.0,0.0,1012.0,88.0,2.0,0.0,0.0
2024-05-20 07:00:00,31.0,17.0,20.0,0.0,1012.0,76.0,8.0,0.0,0.0
2024-05-20 08:00:00,37.0,19.0,21.0,0.0,1012.0,74.0,4.0,0.0,0.0
2024-05-20 09:00:00,47.0,21.0,22.0,0.0,1012.0,74.0,3.0,0.0,0.0
2024-05-20 10:00:00,53.0,24.0,21.0,0.0,1012.0,74.0,6.0,0.0,0.0
2024-05-20 11:00:00,46.0,22.0,22.0,0.0,1012.0,71.0,6.0,0.0,0.0
2024-05-20 12:00:00,52.0,23.0,21.0,0.0,1012.0,72.0,8.0,0.0,0.0
2024-05-20 13:00:00,51.0,22.0,21.0,0.0,1011.0,71.0,9.0,0.0,0.0
2024-05-20 14:00:00,52.0,22.0,21.0,0.0,1010.0,71.0,9.0,0.0,0.0
2024-05-20 15:00:00,48.0,21.0,21.0,0.0,1010.0,71.0,7.0,0.0,0.0
2024-05-20 16:00:00,46.0,21.0,21.0,0.0,1009.0,70.0,5.0,0.0,0.0
2024-05-20 17:00:00,47.0,21.0,20.0,0.0,1009.0,68.0,3.0,0.0,0.0
2024-05-20 18:00:00,56.0,24.0,20.0,0.0,1009.0,65.0,1.0,0.0,0.0
2024-05-20 19:00:00,61.0,25.0,19.0,0.0,1009.0,84.0,1.0,0.0,0.0
2024-05-20 20:00:00,58.0,24.0,19.0,0.0,1009.0,83.0,3.0,0.0,0.0
2024-05-20 21:00:00,65.0,25.0,19.0,0.0,1008.0,85.0,2.0,0.0,0.0
2024-05-20 22:00:00,64.0,27.0,19.0,0.0,1008.0,84.0,3.0,0.0,0.0
2024-05-20 23:00:00,53.0,23.0,19.0,0.0,1008.0,82.0,3.0,0.0,0.0
2024-05-21 00:00:00,46.0,21.0,19.0,0.0,1008.0,77.0,6.0,0.0,0.0
2024-05-21 01:00:00,45.0,21.0,19.0,0.0,1008.0,75.0,5.0,0.0,0.0
2024-05-21 02:00:00,44.0,20.0,19.0,0.0,1007.0,77.0,4.0,0.0,0.0
2024-05-21 03:00:00,41.0,19.0,18.0,0.0,1006.0,78.0,5.0,0.0,0.0
2024-05-21 04:00:00,39.0,18.0,18.0,0.0,1005.0,85.0,2.0,0.0,0.0
2024-05-21 05:00:00,39.0,17.0,18.0,0.0,1005.0,84.0,3.0,0.0,0.0
2024-05-21 06:00:00,41.0,18.0,19.0,0.0,1005.0,82.0,6.0,0.0,0.0
2024-05-21 07:00:00,39.0,18.0,19.0,2.6,1006.0,94.0,4.0,0.0,0.0
2024-05-21 08:00:00,40.0,18.0,20.0,1.6,1006.0,84.0,4.0,0.0,0.0
2024-05-21 09:00:00,35.0,16.0,18.0,0.4,1006.0,100.0,14.0,0.0,0.0
2024-05-21 10:00:00,20.0,10.0,16.0,1.1,1005.0,100.0,12.0,0.0,0.0
2024-05-21 11:00:00,10.0,4.0,16.0,13.0,1006.0,96.0,12.0,0.0,0.0
2024-05-21 12:00:00,10.0,4.0,17.0,2.5,1006.0,95.0,10.0,0.0,0.0
2024-05-21 13:00:00,11.0,5.0,18.0,0.1,1006.0,89.0,8.0,0.0,0.0
2024-05-21 14:00:00,14.0,6.0,20.0,0.0,1006.0,83.0,13.0,0.0,0.0
2024-05-21 15:00:00,13.0,6.0,18.0,0.5,1006.0,89.0,18.0,0.0,0.0
2024-05-21 16:00:00,13.0,6.0,18.0,0.0,1006.0,86.0,16.0,0.0,0.0
2024-05-21 17:00:00,13.0,6.0,19.0,0.0,1006.0,83.0,12.0,0.0,0.0
2024-05-21 18:00:00,6.0,3.0,18.0,0.0,1006.0,83.0,16.0,0.0,0.0
2024-05-21 19:00:00,6.0,2.0,18.0,0.0,1007.0,83.0,19.0,0.0,0.0
2024-05-21 20:00:00,4.0,2.0,18.0,0.0,1007.0,82.0,23.0,0.0,0.0
2024-05-21 21:00:00,5.0,2.0,18.0,0.0,1007.0,83.0,24.0,0.0,0.0
2024-05-21 22:00:00,6.0,3.0,18.0,0.0,1008.0,84.0,21.0,0.0,0.0
2024-05-21 23:00:00,6.0,3.0,18.0,0.0,1008.0,83.0,20.0,0.0,0.0
2024-05-22 00:00:00,9.0,4.0,18.0,0.0,1008.0,82.0,16.0,0.0,0.0
2024-05-22 01:00:00,11.0,5.0,17.0,0.0,1009.0,83.0,16.0,0.0,0.0
2024-05-22 02:00:00,11.0,5.0,17.0,0.0,1009.0,83.0,12.0,0.0,0.0
2024-05-22 03:00:00,11.0,5.0,17.0,0.0,1009.0,83.0,11.0,0.0,0.0
2024-05-22 04:00:00,12.0,5.0,17.0,0.0,1010.0,82.0,13.0,0.0,0.0
2024-05-22 05:00:00,11.0,5.0,17.0,0.0,1010.0,81.0,15.0,0.0,0.0
2024-05-22 06:00:00,12.0,5.0,18.0,0.0,1010.0,79.0,15.0,0.0,0.0
2024-05-22 07:00:00,11.0,5.0,20.0,0.0,1011.0,72.0,11.0,0.0,0.0
2024-05-22 08:00:00,12.0,5.0,21.0,0.0,1012.0,71.0,10.0,0.0,0.0
2024-05-22 09:00:00,12.0,5.0,22.0,0.0,1012.0,68.0,9.0,0.0,0.0
2024-05-22 10:00:00,13.0,6.0,22.0,0.0,1012.0,65.0,10.0,0.0,0.0
2024-05-22 11:00:00,11.0,5.0,22.0,0.0,1012.0,66.0,14.0,0.0,0.0
2024-05-22 12:00:00,10.0,5.0,22.0,0.0,1012.0,65.0,15.0,0.0,0.0
2024-05-22 13:00:00,9.0,5.0,22.0,0.0,1012.0,65.0,15.0,0.0,0.0
2024-05-22 14:00:00,10.0,5.0,21.0,0.0,1012.0,66.0,15.0,0.0,0.0
2024-05-22 15:00:00,9.0,5.0,22.0,0.0,1012.0,63.0,11.0,0.0,0.0
2024-05-22 16:00:00,9.0,5.0,22.0,0.0,1012.0,62.0,10.0,0.0,0.0
2024-05-22 17:00:00,12.0,6.0,21.0,0.0,1013.0,65.0,11.0,0.0,0.0
2024-05-22 18:00:00,11.0,6.0,19.0,0.0,1014.0,79.0,25.0,0.0,0.0
2024-05-22 19:00:00,10.0,6.0,17.0,0.1,1014.0,85.0,16.0,0.0,0.0
2024-05-22 20:00:00,9.0,5.0,16.0,0.0,1015.0,88.0,5.0,0.0,0.0
2024-05-22 21:00:00,10.0,5.0,16.0,0.0,1015.0,90.0,3.0,0.0,0.0
2024-05-22 22:00:00,18.0,8.0,16.0,0.0,1015.0,91.0,1.0,0.0,0.0
2024-05-22 23:00:00,10.0,6.0,15.0,0.0,1015.0,92.0,7.0,0.0,0.0
2024-05-23 00:00:00,6.0,4.0,15.0,0.0,1015.0,93.0,3.0,0.0,0.0
2024-05-23 01:00:00,7.0,4.0,14.0,0.0,1015.0,92.0,4.0,0.0,0.0
2024-05-23 02:00:00,7.0,4.0,14.0,0.0,1016.0,92.0,4.0,0.0,0.0
2024-05-23 03:00:00,7.0,4.0,14.0,0.0,1016.0,91.0,4.0,0.0,0.0
2024-05-23 04:00:00,8.0,5.0,14.0,0.0,1016.0,91.0,6.0,0.0,0.0
2024-05-23 05:00:00,8.0,5.0,14.0,0.0,1016.0,90.0,6.0,0.0,0.0
2024-05-23 06:00:00,8.0,5.0,16.0,0.0,1017.0,86.0,2.0,0.0,0.0
2024-05-23 07:00:00,9.0,5.0,20.0,0.0,1017.0,67.0,5.0,0.0,0.0
2024-05-23 08:00:00,12.0,7.0,21.0,0.0,1017.0,64.0,1.0,0.0,0.0
2024-05-23 09:00:00,11.0,5.0,22.0,0.0,1017.0,66.0,6.0,0.0,0.0
2024-05-23 10:00:00,9.0,5.0,22.0,0.0,1017.0,69.0,10.0,0.0,0.0
2024-05-23 11:00:00,8.0,5.0,21.0,0.0,1017.0,72.0,9.0,0.0,0.0
2024-05-23 12:00:00,8.0,5.0,20.0,0.3,1016.0,75.0,10.0,0.0,0.0
2024-05-23 13:00:00,8.0,5.0,21.0,0.0,1016.0,71.0,13.0,0.0,0.0
2024-05-23 14:00:00,7.0,4.0,20.0,0.0,1016.0,74.0,12.0,0.0,0.0
2024-05-23 15:00:00,5.0,3.0,21.0,0.0,1016.0,73.0,10.0,0.0,0.0
2024-05-23 16:00:00,6.0,4.0,20.0,0.0,1016.0,74.0,8.0,0.0,0.0
2024-05-23 17:00:00,7.0,4.0,20.0,0.0,1016.0,77.0,3.0,0.0,0.0
2024-05-23 18:00:00,7.0,4.0,19.0,0.0,1016.0,81.0,2.0,0.0,0.0
2024-05-23 19:00:00,8.0,5.0,18.0,0.0,1016.0,86.0,2.0,0.0,0.0
2024-05-23 20:00:00,8.0,5.0,18.0,0.0,1017.0,85.0,3.0,0.0,0.0
2024-05-23 21:00:00,9.0,5.0,15.0,2.0,1020.0,90.0,29.0,0.0,0.0
2024-05-23 22:00:00,9.0,4.0,14.0,3.0,1020.0,95.0,17.0,0.0,0.0
2024-05-23 23:00:00,8.0,3.0,14.0,0.0,1019.0,88.0,8.0,0.0,0.0
2024-05-24 00:00:00,8.0,3.0,14.0,0.0,1018.0,86.0,8.0,0.0,0.0
2024-05-24 01:00:00,8.0,4.0,14.0,0.0,1018.0,88.0,6.0,0.0,0.0
2024-05-24 02:00:00,8.0,4.0,14.0,0.0,1018.0,88.0,6.0,0.0,0.0
2024-05-24 03:00:00,6.0,4.0,14.0,0.0,1018.0,88.0,3.0,0.0,0.0
2024-05-24 04:00:00,6.0,4.0,14.0,0.0,1018.0,88.0,3.0,0.0,0.0
2024-05-24 05:00:00,7.0,4.0,15.0,0.0,1019.0,86.0,4.0,0.0,0.0
2024-05-24 06:00:00,7.0,4.0,15.0,0.0,1019.0,82.0,2.0,0.0,0.0
2024-05-24 07:00:00,10.0,6.0,20.0,0.0,1019.0,57.0,1.0,0.0,0.0
2024-05-24 08:00:00,8.0,5.0,21.0,0.0,1019.0,53.0,1.0,0.0,0.0
2024-05-24 09:00:00,11.0,5.0,22.0,0.0,1019.0,51.0,4.0,0.0,0.0
2024-05-24 10:00:00,6.0,3.0,22.0,0.0,1019.0,50.0,9.0,0.0,0.0
2024-05-24 11:00:00,5.0,3.0,22.0,0.0,1019.0,53.0,10.0,0.0,0.0
2024-05-24 12:00:00,6.0,3.0,21.0,0.0,1019.0,55.0,11.0,0.0,0.0
2024-05-24 13:00:00,5.0,3.0,21.0,0.0,1018.0,57.0,10.0,0.0,0.0
2024-05-24 14:00:00,6.0,3.0,21.0,0.0,1018.0,59.0,9.0,0.0,0.0
2024-05-24 15:00:00,6.0,3.0,21.0,0.0,1018.0,60.0,8.0,0.0,0.0
2024-05-24 16:00:00,5.0,3.0,20.0,0.0,1018.0,60.0,8.0,0.0,0.0
2024-05-24 17:00:00,5.0,3.0,20.0,0.0,1018.0,60.0,5.0,0.0,0.0
2024-05-24 18:00:00,5.0,3.0,20.0,0.0,1018.0,61.0,3.0,0.0,0.0
2024-05-24 19:00:00,6.0,4.0,18.0,0.0,1018.0,71.0,2.0,0.0,0.0
2024-05-24 20:00:00,5.0,3.0,18.0,0.0,1018.0,70.0,4.0,0.0,0.0
2024-05-24 21:00:00,7.0,4.0,17.0,0.0,1018.0,69.0,4.0,0.0,0.0
2024-05-24 22:00:00,8.0,4.0,17.0,0.0,1018.0,73.0,4.0,0.0,0.0
2024-05-24 23:00:00,8.0,5.0,16.0,0.0,1018.0,73.0,4.0,0.0,0.0
2024-05-25 00:00:00,10.0,6.0,16.0,0.0,1018.0,72.0,5.0,0.0,0.0
2024-05-25 01:00:00,8.0,5.0,16.0,0.0,1018.0,72.0,4.0,0.0,0.0
2024-05-25 02:00:00,8.0,5.0,16.0,0.0,1018.0,74.0,6.0,0.0,0.0
2024-05-25 03:00:00,7.0,4.0,16.0,0.0,1018.0,74.0,4.0,0.0,0.0
2024-05-25 04:00:00,6.0,4.0,16.0,0.0,1017.0,75.0,4.0,0.0,0.0
2024-05-25 05:00:00,7.0,5.0,16.0,0.0,1017.0,76.0,4.0,0.0,0.0
2024-05-25 06:00:00,6.0,4.0,17.0,0.0,1017.0,71.0,3.0,0.0,0.0
2024-05-25 07:00:00,7.0,5.0,20.0,0.0,1017.0,63.0,3.0,0.0,0.0
2024-05-25 08:00:00,8.0,5.0,21.0,0.0,1017.0,62.0,1.0,0.0,0.0
2024-05-25 09:00:00,14.0,6.0,20.0,0.0,1017.0,66.0,11.0,0.0,0.0
2024-05-25 10:00:00,13.905829443636941,8.79185047161792,20.0,0.0,1017.0,65.0,9.0,0.0,0.0
2024-05-25 11:00:00,7.0,5.0,21.0,0.0,1017.0,59.0,10.0,0.0,0.0
2024-05-25 12:00:00,8.0,5.0,22.0,0.0,1017.0,59.0,11.0,0.0,0.0
2024-05-25 13:00:00,8.0,5.0,22.0,0.0,1016.0,60.0,12.0,0.0,0.0
2024-05-25 14:00:00,7.0,4.0,22.0,0.0,1016.0,58.0,10.0,0.0,0.0
2024-05-25 15:00:00,8.0,5.0,22.0,0.0,1016.0,58.0,10.0,0.0,0.0
2024-05-25 16:00:00,11.0,6.0,22.0,0.0,1015.0,57.0,8.0,0.0,0.0
2024-05-25 17:00:00,10.0,6.0,22.0,0.0,1015.0,54.0,6.0,0.0,0.0
2024-05-25 18:00:00,8.0,4.0,21.0,0.0,1016.0,59.0,8.0,0.0,0.0
2024-05-25 19:00:00,9.0,4.0,20.0,0.0,1016.0,70.0,4.0,0.0,0.0
2024-05-25 20:00:00,9.0,5.0,18.0,0.0,1017.0,81.0,16.0,0.0,0.0
2024-05-25 21:00:00,10.0,6.0,18.0,0.0,1017.0,82.0,4.0,0.0,0.0
2024-05-25 22:00:00,13.0,7.0,18.0,0.0,1017.0,81.0,2.0,0.0,0.0
2024-05-25 23:00:00,13.0,8.0,17.0,0.0,1017.0,84.0,5.0,0.0,0.0
2024-05-26 00:00:00,12.0,8.0,17.0,0.0,1016.0,82.0,4.0,0.0,0.0
2024-05-26 01:00:00,10.0,7.0,17.0,0.0,1016.0,84.0,1.0,0.0,0.0
2024-05-26 02:00:00,10.0,7.0,17.0,0.0,1016.0,85.0,2.0,0.0,0.0
2024-05-26 03:00:00,9.0,6.0,17.0,0.0,1016.0,85.0,3.0,0.0,0.0
2024-05-26 04:00:00,9.0,7.0,17.0,0.0,1016.0,87.0,3.0,0.0,0.0
2024-05-26 05:00:00,10.0,7.0,18.0,0.0,1017.0,88.0,5.0,0.0,0.0
2024-05-26 06:00:00,10.0,8.0,19.0,0.0,1017.0,68.0,9.0,0.0,0.0
2024-05-26 07:00:00,8.0,5.0,21.0,0.0,1017.0,66.0,11.0,0.0,0.0
2024-05-26 08:00:00,7.0,5.0,23.0,0.0,1017.0,61.0,13.0,0.0,0.0
2024-05-26 09:00:00,7.0,5.0,24.0,0.0,1017.0,57.0,10.0,0.0,0.0
2024-05-26 10:00:00,7.0,4.0,24.0,0.0,1017.0,52.0,9.0,0.0,0.0
2024-05-26 11:00:00,6.0,4.0,25.0,0.0,1017.0,50.0,10.0,0.0,0.0
2024-05-26 12:00:00,7.0,4.0,24.0,0.0,1017.0,55.0,10.0,0.0,0.0
2024-05-26 13:00:00,7.0,4.0,24.0,0.0,1017.0,56.0,12.0,0.0,0.0
2024-05-26 14:00:00,11.0,5.0,24.0,0.0,1017.0,55.0,13.0,0.0,0.0
2024-05-26 15:00:00,13.0,7.0,24.0,0.0,1018.0,56.0,15.0,0.0,0.0
2024-05-26 16:00:00,10.0,6.0,23.0,0.0,1018.0,59.0,12.0,0.0,0.0
2024-05-26 17:00:00,9.0,6.0,22.0,0.0,1018.0,62.0,8.0,0.0,0.0
2024-05-26 18:00:00,8.0,6.0,22.0,0.0,1018.0,65.0,10.0,0.0,0.0
2024-05-26 19:00:00,10.0,7.0,20.0,0.0,1018.0,78.0,5.0,0.0,0.0
2024-05-26 20:00:00,7.0,5.0,19.0,0.0,1019.0,79.0,3.0,0.0,0.0
2024-05-26 21:00:00,8.0,5.0,18.0,0.0,1019.0,80.0,3.0,0.0,0.0
2024-05-26 22:00:00,9.0,6.0,18.0,0.0,1020.0,83.0,3.0,0.0,0.0
2024-05-26 23:00:00,10.0,7.0,18.0,0.0,1020.0,84.0,4.0,0.0,0.0
2024-05-27 00:00:00,10.0,7.0,18.0,0.0,1020.0,84.0,3.0,0.0,0.0
2024-05-27 01:00:00,9.0,7.0,18.0,0.0,1019.0,85.0,2.0,0.0,0.0
2024-05-27 02:00:00,7.0,6.0,17.0,0.0,1019.0,86.0,3.0,0.0,0.0
2024-05-27 03:00:00,7.0,6.0,17.0,0.0,1019.0,86.0,3.0,0.0,0.0
2024-05-27 04:00:00,8.0,6.0,17.0,0.0,1019.0,86.0,5.0,0.0,0.0
2024-05-27 05:00:00,7.0,5.0,17.0,0.0,1019.0,85.0,5.0,0.0,0.0
2024-05-27 06:00:00,7.0,6.0,18.0,0.0,1019.0,80.0,3.0,0.0,0.0
2024-05-27 07:00:00,7.0,6.0,22.0,0.0,1019.0,61.0,1.0,0.0,0.0
2024-05-27 08:00:00,10.0,6.0,24.0,0.0,1019.0,57.0,1.0,0.0,0.0
2024-05-27 09:00:00,14.0,7.0,24.0,0.0,1019.0,59.0,4.0,0.0,0.0
2024-05-27 10:00:00,13.0,7.0,24.0,0.0,1018.0,58.0,10.0,0.0,0.0
2024-05-27 11:00:00,15.0,8.0,24.0,0.0,1018.0,58.0,9.0,0.0,0.0
2024-05-27 12:00:00,11.0,7.0,23.0,0.0,1018.0,63.0,13.0,0.0,0.0
2024-05-27 13:00:00,11.0,7.0,23.0,0.0,1018.0,66.0,15.0,0.0,0.0
2024-05-27 14:00:00,11.0,7.0,23.0,0.0,1017.0,68.0,13.0,0.0,0.0
2024-05-27 15:00:00,11.0,7.0,22.0,0.0,1017.0,69.0,9.0,0.0,0.0
2024-05-27 16:00:00,12.0,7.0,22.0,0.0,1016.0,71.0,6.0,0.0,0.0
2024-05-27 17:00:00,11.0,7.0,22.0,0.0,1016.0,70.0,4.0,0.0,0.0
2024-05-27 18:00:00,12.0,7.0,21.0,0.0,1016.0,74.0,4.0,0.0,0.0
2024-05-27 19:00:00,11.0,7.0,20.0,0.0,1016.0,84.0,2.0,0.0,0.0
2024-05-27 20:00:00,9.0,6.0,19.0,0.0,1016.0,88.0,1.0,0.0,0.0
2024-05-27 21:00:00,9.0,6.0,19.0,0.0,1017.0,83.0,2.0,0.0,0.0
2024-05-27 22:00:00,11.0,7.0,19.0,0.0,1017.0,85.0,2.0,0.0,0.0
2024-05-27 23:00:00,18.0,9.0,19.0,0.0,1016.0,87.0,3.0,0.0,0.0
2024-05-28 00:00:00,13.0,9.0,18.0,0.0,1016.0,88.0,1.0,0.0,0.0
2024-05-28 01:00:00,13.0,9.0,18.0,0.0,1016.0,89.0,3.0,0.0,0.0
2024-05-28 02:00:00,12.0,9.0,18.0,0.0,1016.0,88.0,5.0,0.0,0.0
2024-05-28 03:00:00,12.0,9.0,18.0,0.0,1016.0,87.0,6.0,0.0,0.0
2024-05-28 04:00:00,11.0,9.0,18.0,0.0,1015.0,87.0,6.0,0.0,0.0
2024-05-28 05:00:00,10.0,7.0,18.0,0.0,1015.0,88.0,4.0,0.0,0.0
2024-05-28 06:00:00,9.0,7.0,19.0,0.0,1016.0,85.0,2.0,0.0,0.0
2024-05-28 07:00:00,13.0,9.0,22.0,0.0,1015.0,65.0,3.0,0.0,0.0
2024-05-28 08:00:00,14.0,10.0,22.0,0.0,1015.0,65.0,1.0,0.0,0.0
2024-05-28 09:00:00,25.0,10.0,22.0,0.0,1015.0,71.0,12.0,0.0,0.0
2024-05-28 10:00:00,15.0,8.0,22.0,0.0,1015.0,72.0,14.0,0.0,0.0
2024-05-28 11:00:00,11.0,7.0,23.0,0.0,1015.0,70.0,19.0,0.0,0.0
2024-05-28 12:00:00,10.0,7.0,22.0,0.0,1015.0,75.0,28.0,0.0,0.0
2024-05-28 13:00:00,10.0,6.0,22.0,0.0,1015.0,72.0,23.0,0.0,0.0
2024-05-28 14:00:00,10.0,7.0,22.0,0.0,1015.0,68.0,18.0,0.0,0.0
2024-05-28 15:00:00,12.0,8.0,22.0,0.0,1014.0,65.0,14.0,0.0,0.0
2024-05-28 16:00:00,13.0,8.0,22.0,0.0,1014.0,67.0,16.0,0.0,0.0
2024-05-28 17:00:00,13.0,8.0,22.0,0.0,1014.0,60.0,22.0,0.0,0.0
2024-05-28 18:00:00,12.0,8.0,21.0,0.0,1014.0,59.0,22.0,0.0,0.0
2024-05-28 19:00:00,16.0,8.0,20.0,0.0,1015.0,65.0,24.0,0.0,0.0
2024-05-28 20:00:00,16.0,4.0,20.0,0.0,1015.0,64.0,22.0,0.0,0.0
2024-05-28 21:00:00,7.0,3.0,19.0,0.0,1016.0,65.0,17.0,0.0,0.0
2024-05-28 22:00:00,6.0,2.0,19.0,0.0,1016.0,67.0,16.0,0.0,0.0
2024-05-28 23:00:00,5.0,2.0,19.0,0.0,1016.0,67.0,16.0,0.0,0.0
2024-05-29 00:00:00,3.0,2.0,19.0,0.0,1016.0,67.0,18.0,0.0,0.0
2024-05-29 01:00:00,3.0,2.0,19.0,0.0,1016.0,66.0,18.0,0.0,0.0
2024-05-29 02:00:00,3.0,2.0,19.0,0.0,1016.0,65.0,17.0,0.0,0.0
2024-05-29 03:00:00,3.0,2.0,18.0,0.0,1016.0,64.0,14.0,0.0,0.0
2024-05-29 04:00:00,3.0,2.0,18.0,0.0,1016.0,64.0,10.0,0.0,0.0
2024-05-29 05:00:00,3.0,2.0,18.0,0.0,1016.0,67.0,6.0,0.0,0.0
2024-05-29 06:00:00,4.0,2.0,19.0,0.0,1016.0,65.0,5.0,0.0,0.0
2024-05-29 07:00:00,5.0,3.0,22.0,0.0,1016.0,53.0,9.0,0.0,0.0
2024-05-29 08:00:00,5.0,3.0,24.0,0.0,1016.0,51.0,9.0,0.0,0.0
2024-05-29 09:00:00,5.0,2.0,26.0,0.0,1016.0,48.0,9.0,0.0,0.0
2024-05-29 10:00:00,4.0,2.0,26.0,0.0,1015.0,47.0,6.0,0.0,0.0
2024-05-29 11:00:00,6.0,2.0,23.0,0.0,1015.0,58.0,11.0,0.0,0.0
2024-05-29 12:00:00,7.0,3.0,23.0,0.0,1014.0,57.0,5.0,0.0,0.0
2024-05-29 13:00:00,7.0,3.0,24.0,0.0,1014.0,55.0,8.0,0.0,0.0
2024-05-29 14:00:00,9.0,4.0,24.0,0.0,1013.0,58.0,8.0,0.0,0.0
2024-05-29 15:00:00,7.0,3.0,22.0,0.0,1013.0,65.0,15.0,0.0,0.0
2024-05-29 16:00:00,6.0,3.0,22.0,0.0,1012.0,63.0,12.0,0.0,0.0
2024-05-29 17:00:00,5.0,3.0,21.0,0.0,1012.0,66.0,8.0,0.0,0.0
2024-05-29 18:00:00,5.0,3.0,21.0,0.0,1012.0,68.0,6.0,0.0,0.0
2024-05-29 19:00:00,5.0,4.0,20.0,0.0,1012.0,77.0,2.0,0.0,0.0
2024-05-29 20:00:00,5.0,4.0,19.0,0.0,1012.0,77.0,4.0,0.0,0.0
2024-05-29 21:00:00,8.0,4.0,18.0,0.0,1012.0,80.0,5.0,0.0,0.0
2024-05-29 22:00:00,7.0,4.0,18.0,0.0,1012.0,80.0,4.0,0.0,0.0
2024-05-29 23:00:00,8.0,5.0,18.0,0.0,1012.0,80.0,4.0,0.0,0.0
2024-05-30 00:00:00,9.0,6.0,18.0,0.0,1011.0,80.0,4.0,0.0,0.0
2024-05-30 01:00:00,7.0,5.0,17.0,0.0,1010.0,81.0,5.0,0.0,0.0
2024-05-30 02:00:00,7.0,5.0,17.0,0.0,1010.0,80.0,4.0,0.0,0.0
2024-05-30 03:00:00,7.0,5.0,17.0,0.0,1010.0,82.0,5.0,0.0,0.0
2024-05-30 04:00:00,6.0,4.0,17.0,0.0,1010.0,82.0,5.0,0.0,0.0
2024-05-30 05:00:00,6.0,4.0,17.0,0.0,1010.0,82.0,4.0,0.0,0.0
2024-05-30 06:00:00,5.0,4.0,18.0,0.0,1010.0,79.0,3.0,0.0,0.0
2024-05-30 07:00:00,6.0,4.0,23.0,0.0,1008.0,63.0,10.0,0.0,0.0
2024-05-30 08:00:00,14.0,7.0,25.0,0.0,1008.0,57.0,11.0,0.0,0.0
2024-05-30 09:00:00,9.0,4.0,25.0,0.0,1008.0,57.0,9.0,0.0,0.0
2024-05-30 10:00:00,9.0,4.0,25.0,0.0,1008.0,57.0,5.0,0.0,0.0
2024-05-30 11:00:00,7.0,4.0,24.0,0.0,1007.0,59.0,3.0,0.0,0.0
2024-05-30 12:00:00,8.0,4.0,22.0,0.2,1007.0,74.0,13.0,0.0,0.0
2024-05-30 13:00:00,7.0,4.0,21.0,0.0,1007.0,83.0,13.0,0.0,0.0
2024-05-30 14:00:00,22.0,9.0,22.0,0.0,1006.0,77.0,10.0,0.0,0.0
2024-05-30 15:00:00,12.0,6.0,21.0,0.0,1006.0,75.0,9.0,0.0,0.0
2024-05-30 16:00:00,12.0,6.0,23.0,0.0,1006.0,66.0,13.0,0.0,0.0
2024-05-30 17:00:00,10.0,6.0,21.0,0.0,1005.0,69.0,17.0,0.0,0.0
2024-05-30 18:00:00,9.0,5.0,20.0,0.1,1006.0,79.0,16.0,0.0,0.0
2024-05-30 19:00:00,8.0,5.0,19.0,0.1,1005.0,84.0,19.0,0.0,0.0
2024-05-30 20:00:00,8.0,5.0,18.0,0.5,1005.0,89.0,14.0,0.0,0.0
2024-05-30 21:00:00,4.0,2.0,18.0,5.2,1005.0,89.0,17.0,0.0,0.0
2024-05-30 22:00:00,4.0,2.0,18.0,0.9,1004.0,88.0,22.0,0.0,0.0
2024-05-30 23:00:00,4.0,2.0,18.0,0.4,1004.0,88.0,23.0,0.0,0.0
2024-05-31 00:00:00,4.0,2.0,18.0,1.6,1003.0,89.0,22.0,0.0,0.0
2024-05-31 01:00:00,4.0,2.0,18.0,0.3,1002.0,90.0,15.0,0.0,0.0
2024-05-31 02:00:00,5.0,3.0,19.0,0.0,1002.0,88.0,19.0,0.0,0.0
2024-05-31 03:00:00,3.0,2.0,19.0,0.0,1002.0,88.0,22.0,0.0,0.0
2024-05-31 04:00:00,4.0,2.0,19.0,0.0,1002.0,88.0,21.0,0.0,0.0
2024-05-31 05:00:00,4.0,2.0,19.0,0.1,1002.0,87.0,20.0,0.0,0.0
2024-05-31 06:00:00,4.0,2.0,20.0,0.0,1002.0,85.0,18.0,0.0,0.0
2024-05-31 07:00:00,4.0,2.0,21.0,8.5,1002.0,82.0,11.0,0.0,0.0
2024-05-31 08:00:00,5.0,3.0,22.0,0.0,1003.0,76.0,10.0,0.0,0.0
2024-05-31 09:00:00,6.0,3.0,23.0,0.0,1002.0,69.0,9.0,0.0,0.0
2024-05-31 10:00:00,8.0,3.0,21.0,0.0,1003.0,78.0,11.0,0.0,0.0
2024-05-31 11:00:00,8.0,4.0,18.0,3.2,1004.0,88.0,10.0,0.0,0.0
2024-05-31 12:00:00,8.0,4.0,20.0,0.9,1004.0,84.0,12.0,0.0,0.0
2024-05-31 13:00:00,8.0,4.0,21.0,0.0,1004.0,79.0,10.0,0.0,0.0
2024-05-31 14:00:00,5.0,2.0,22.0,0.0,1003.0,74.0,9.0,0.0,0.0
2024-05-31 15:00:00,10.0,4.0,22.0,0.0,1003.0,72.0,8.0,0.0,0.0
2024-05-31 16:00:00,6.0,3.0,21.0,2.4,1004.0,80.0,15.0,0.0,0.0
2024-05-31 17:00:00,6.0,3.0,13.0,6.0,1005.0,96.0,6.0,0.0,0.0
2024-05-31 18:00:00,6.0,3.0,14.0,0.0,1006.0,94.0,7.0,0.0,0.0
2024-05-31 19:00:00,5.0,3.0,14.0,0.0,1006.0,89.0,6.0,0.0,0.0
2024-05-31 20:00:00,5.0,2.0,14.0,0.0,1007.0,88.0,5.0,0.0,0.0
2024-05-31 21:00:00,4.0,2.0,14.0,0.0,1007.0,88.0,6.0,0.0,0.0
2024-05-31 22:00:00,4.0,2.0,14.0,0.0,1007.0,88.0,9.0,0.0,0.0
2024-05-31 23:00:00,5.0,2.0,15.0,0.2,1007.0,87.0,9.0,0.0,0.0
2024-06-01 00:00:00,6.0,3.0,15.0,1.9,1007.0,90.0,7.0,0.0,0.0
2024-06-01 01:00:00,7.0,3.0,15.0,3.0,1008.0,87.0,10.0,0.0,0.0
2024-06-01 02:00:00,6.0,3.0,15.0,6.0,1008.0,91.0,10.0,0.0,0.0
2024-06-01 03:00:00,6.0,3.0,15.0,0.1,1008.0,91.0,6.0,0.0,0.0
2024-06-01 04:00:00,5.0,2.0,15.0,0.0,1009.0,91.0,6.0,0.0,0.0
2024-06-01 05:00:00,4.0,2.0,15.0,0.0,1010.0,90.0,6.0,0.0,0.0
2024-06-01 06:00:00,4.0,2.0,16.0,0.0,1011.0,86.0,4.0,0.0,0.0
2024-06-01 07:00:00,5.0,2.0,20.0,0.2,1010.0,70.0,6.0,0.0,0.0
2024-06-01 08:00:00,4.0,2.0,21.0,0.1,1011.0,69.0,3.0,0.0,0.0
2024-06-01 09:00:00,4.0,2.0,21.0,0.1,1012.0,69.0,8.0,0.0,0.0
2024-06-01 10:00:00,4.0,2.0,21.0,0.0,1012.0,70.0,9.0,0.0,0.0
2024-06-01 11:00:00,5.0,2.0,21.0,0.0,1013.0,72.0,9.0,0.0,0.0
2024-06-01 12:00:00,4.0,2.0,21.0,0.0,1013.0,72.0,12.0,0.0,0.0
2024-06-01 13:00:00,4.0,2.0,21.0,0.0,1013.0,73.0,11.0,0.0,0.0
2024-06-01 14:00:00,4.0,2.0,20.0,0.0,1013.0,72.0,10.0,0.0,0.0
2024-06-01 15:00:00,3.0,2.0,21.0,0.0,1013.0,72.0,7.0,0.0,0.0
2024-06-01 16:00:00,3.0,2.0,21.0,0.0,1013.0,72.0,4.0,0.0,0.0
2024-06-01 17:00:00,3.0,2.0,21.0,0.0,1013.0,72.0,7.0,0.0,0.0
2024-06-01 18:00:00,4.0,2.0,20.0,0.0,1014.0,83.0,7.0,0.0,0.0
2024-06-01 19:00:00,5.0,3.0,19.0,0.0,1014.0,72.0,4.0,0.0,0.0
2024-06-01 20:00:00,6.0,3.0,18.0,0.0,1014.0,77.0,6.0,0.0,0.0
2024-06-01 21:00:00,7.0,3.0,17.0,0.0,1015.0,83.0,7.0,0.0,0.0
2024-06-01 22:00:00,7.0,3.0,16.0,0.0,1015.0,84.0,6.0,0.0,0.0
2024-06-01 23:00:00,6.0,3.0,16.0,0.0,1015.0,84.0,6.0,0.0,0.0
2024-06-02 00:00:00,7.0,4.0,16.0,0.0,1015.0,80.0,6.0,0.0,0.0
2024-06-02 01:00:00,7.0,4.0,16.0,0.0,1015.0,76.0,6.0,0.0,0.0
2024-06-02 02:00:00,7.0,4.0,16.0,0.0,1015.0,73.0,6.0,0.0,0.0
2024-06-02 03:00:00,7.0,3.0,16.0,0.0,1015.0,74.0,6.0,0.0,0.0
2024-06-02 04:00:00,6.0,3.0,15.0,0.0,1015.0,81.0,6.0,0.0,0.0
2024-06-02 05:00:00,7.0,3.0,16.0,0.0,1015.0,79.0,6.0,0.0,0.0
2024-06-02 06:00:00,7.0,4.0,18.0,0.0,1015.0,78.0,4.0,0.0,0.0
2024-06-02 07:00:00,8.0,4.0,24.0,0.4,1015.0,52.0,6.0,0.0,0.0
2024-06-02 08:00:00,9.0,4.0,26.0,0.4,1014.0,49.0,4.0,0.0,0.0
2024-06-02 09:00:00,9.0,4.0,27.0,0.3,1015.0,47.0,2.0,0.0,0.0
2024-06-02 10:00:00,10.0,5.0,27.0,0.2,1015.0,48.0,3.0,0.0,0.0
2024-06-02 11:00:00,10.0,6.0,27.0,0.0,1015.0,48.0,3.0,0.0,0.0
2024-06-02 12:00:00,11.0,6.0,26.0,0.0,1015.0,51.0,3.0,0.0,0.0
2024-06-02 13:00:00,9.0,5.0,25.0,0.0,1015.0,54.0,4.0,0.0,0.0
2024-06-02 14:00:00,9.0,5.0,25.0,0.0,1014.0,51.0,12.0,0.0,0.0
2024-06-02 15:00:00,9.0,5.0,24.0,0.0,1014.0,50.0,10.0,0.0,0.0
2024-06-02 16:00:00,9.0,4.0,24.0,0.0,1015.0,53.0,21.0,0.0,0.0
2024-06-02 17:00:00,11.0,5.0,22.0,0.0,1015.0,64.0,18.0,0.0,0.0
2024-06-02 18:00:00,10.0,5.0,21.0,0.0,1015.0,73.0,5.0,0.0,0.0
2024-06-02 19:00:00,11.0,5.0,20.0,0.0,1015.0,76.0,5.0,0.0,0.0
2024-06-02 20:00:00,11.0,5.0,19.0,0.0,1015.0,79.0,4.0,0.0,0.0
2024-06-02 21:00:00,8.0,4.0,19.0,0.0,1015.0,80.0,3.0,0.0,0.0
2024-06-02 22:00:00,8.0,4.0,19.0,0.0,1015.0,80.0,2.0,0.0,0.0
2024-06-02 23:00:00,7.0,4.0,18.0,0.0,1015.0,82.0,3.0,0.0,0.0
2024-06-03 00:00:00,5.0,3.0,18.0,0.0,1015.0,80.0,6.0,0.0,0.0
2024-06-03 01:00:00,5.0,3.0,18.0,0.0,1014.0,76.0,4.0,0.0,0.0
2024-06-03 02:00:00,5.0,3.0,17.0,0.0,1014.0,76.0,5.0,0.0,0.0
2024-06-03 03:00:00,4.0,2.0,17.0,0.0,1013.0,75.0,5.0,0.0,0.0
2024-06-03 04:00:00,5.0,3.0,17.0,0.0,1013.0,75.0,4.0,0.0,0.0
2024-06-03 05:00:00,6.0,4.0,17.0,0.0,1013.0,74.0,4.0,0.0,0.0
2024-06-03 06:00:00,6.0,3.0,18.0,0.0,1013.0,73.0,3.0,0.0,0.0
2024-06-03 07:00:00,7.0,4.0,20.0,0.6,1013.0,79.0,1.0,0.0,0.0
2024-06-03 08:00:00,8.0,4.0,20.0,0.1,1013.0,75.0,4.0,0.0,0.0
2024-06-03 09:00:00,6.0,4.0,20.0,0.0,1013.0,76.0,6.0,0.0,0.0
2024-06-03 10:00:00,6.0,4.0,21.0,0.0,1013.0,76.0,8.0,0.0,0.0
2024-06-03 11:00:00,5.0,3.0,21.0,0.0,1013.0,78.0,9.0,0.0,0.0
2024-06-03 12:00:00,4.0,2.0,20.0,0.0,1012.0,80.0,10.0,0.0,0.0
2024-06-03 13:00:00,5.0,3.0,20.0,0.0,1012.0,78.0,9.0,0.0,0.0
2024-06-03 14:00:00,4.0,3.0,20.0,0.0,1012.0,77.0,12.0,0.0,0.0
2024-06-03 15:00:00,4.0,2.0,20.0,0.0,1012.0,76.0,10.0,0.0,0.0
2024-06-03 16:00:00,3.0,2.0,20.0,0.0,1012.0,75.0,9.0,0.0,0.0
2024-06-03 17:00:00,4.0,2.0,20.0,0.0,1012.0,75.0,10.0,0.0,0.0
2024-06-03 18:00:00,4.0,2.0,20.0,0.0,1012.0,77.0,10.0,0.0,0.0
2024-06-03 19:00:00,4.0,3.0,18.0,0.2,1013.0,91.0,13.0,0.0,0.0
2024-06-03 20:00:00,5.0,2.0,17.0,0.5,1013.0,95.0,7.0,0.0,0.0
2024-06-03 21:00:00,5.0,3.0,17.0,0.0,1013.0,94.0,4.0,0.0,0.0
2024-06-03 22:00:00,5.0,3.0,17.0,0.0,1013.0,93.0,5.0,0.0,0.0
2024-06-03 23:00:00,5.0,3.0,17.0,0.0,1013.0,93.0,5.0,0.0,0.0
2024-06-04 00:00:00,5.0,3.0,17.0,0.0,1013.0,92.0,5.0,0.0,0.0
2024-06-04 01:00:00,4.0,3.0,17.0,0.0,1013.0,93.0,6.0,0.0,0.0
2024-06-04 02:00:00,4.0,2.0,17.0,0.0,1013.0,92.0,6.0,0.0,0.0
2024-06-04 03:00:00,5.0,3.0,17.0,0.0,1013.0,91.0,6.0,0.0,0.0
2024-06-04 04:00:00,5.0,3.0,17.0,0.0,1013.0,90.0,4.0,0.0,0.0
2024-06-04 05:00:00,5.0,3.0,17.0,0.0,1014.0,90.0,5.0,0.0,0.0
2024-06-04 06:00:00,6.0,3.0,18.0,0.0,1014.0,87.0,4.0,0.0,0.0
2024-06-04 07:00:00,7.0,4.0,22.0,0.0,1015.0,70.0,6.0,0.0,0.0
2024-06-04 08:00:00,6.0,3.0,23.0,0.0,1015.0,64.0,7.0,0.0,0.0
2024-06-04 09:00:00,7.0,3.0,24.0,0.0,1015.0,58.0,6.0,0.0,0.0
2024-06-04 10:00:00,9.0,4.0,24.0,0.0,1015.0,56.0,5.0,0.0,0.0
2024-06-04 11:00:00,9.0,5.0,24.0,0.0,1015.0,65.0,11.0,0.0,0.0
2024-06-04 12:00:00,9.0,6.0,23.0,0.0,1014.0,66.0,10.0,0.0,0.0
2024-06-04 13:00:00,10.0,7.0,23.0,0.0,1014.0,68.0,5.0,0.0,0.0
2024-06-04 14:00:00,8.0,4.0,22.0,0.2,1014.0,74.0,10.0,0.0,0.0
2024-06-04 15:00:00,8.0,4.0,22.0,0.1,1014.0,76.0,4.0,0.0,0.0
2024-06-04 16:00:00,8.0,4.0,22.0,0.0,1014.0,74.0,8.0,0.0,0.0
2024-06-04 17:00:00,10.0,6.0,22.0,0.0,1014.0,74.0,5.0,0.0,0.0
2024-06-04 18:00:00,8.0,5.0,22.0,0.0,1014.0,73.0,6.0,0.0,0.0
2024-06-04 19:00:00,8.0,5.0,20.0,0.0,1014.0,79.0,3.0,0.0,0.0
2024-06-04 20:00:00,6.0,4.0,20.0,0.0,1014.0,83.0,1.0,0.0,0.0
2024-06-04 21:00:00,6.0,3.0,19.0,0.0,1014.0,85.0,3.0,0.0,0.0
2024-06-04 22:00:00,6.0,3.0,19.0,0.0,1015.0,86.0,5.0,0.0,0.0
2024-06-04 23:00:00,6.0,3.0,18.0,0.0,1015.0,85.0,6.0,0.0,0.0
2024-06-05 00:00:00,8.0,5.0,18.0,0.0,1015.0,86.0,7.0,0.0,0.0
2024-06-05 01:00:00,9.0,5.0,18.0,0.0,1015.0,85.0,6.0,0.0,0.0
2024-06-05 02:00:00,7.0,4.0,18.0,0.0,1015.0,86.0,5.0,0.0,0.0
2024-06-05 03:00:00,9.0,6.0,17.0,0.0,1015.0,86.0,6.0,0.0,0.0
2024-06-05 04:00:00,8.0,5.0,17.0,0.0,1015.0,86.0,7.0,0.0,0.0
2024-06-05 05:00:00,8.0,4.0,18.0,0.0,1015.0,84.0,5.0,0.0,0.0
2024-06-05 06:00:00,7.0,4.0,19.0,0.0,1015.0,79.0,3.0,0.0,0.0
2024-06-05 07:00:00,8.0,5.0,23.0,0.0,1016.0,64.0,6.0,0.0,0.0
2024-06-05 08:00:00,8.0,5.0,25.0,0.0,1016.0,61.0,3.0,0.0,0.0
2024-06-05 09:00:00,11.0,5.0,26.0,0.0,1016.0,60.0,0.0,0.0,0.0
2024-06-05 10:00:00,14.0,6.0,26.0,0.0,1016.0,59.0,4.0,0.0,0.0
2024-06-05 11:00:00,8.0,4.0,24.0,0.0,1016.0,63.0,10.0,0.0,0.0
2024-06-05 12:00:00,8.0,5.0,24.0,0.0,1016.0,64.0,9.0,0.0,0.0
2024-06-05 13:00:00,6.0,3.0,24.0,0.0,1015.0,66.0,3.0,0.0,0.0
2024-06-05 14:00:00,5.0,3.0,26.0,0.0,1015.0,60.0,10.0,0.0,0.0
2024-06-05 15:00:00,5.0,3.0,26.0,0.0,1015.0,54.0,17.0,0.0,0.0
2024-06-05 16:00:00,5.0,3.0,25.0,0.0,1015.0,56.0,15.0,0.0,0.0
2024-06-05 17:00:00,5.0,3.0,24.0,0.0,1015.0,59.0,13.0,0.0,0.0
2024-06-05 18:00:00,6.0,3.0,23.0,0.0,1015.0,64.0,9.0,0.0,0.0
2024-06-05 19:00:00,7.0,4.0,21.0,0.0,1016.0,81.0,4.0,0.0,0.0
2024-06-05 20:00:00,6.0,3.0,20.0,0.0,1016.0,87.0,3.0,0.0,0.0
2024-06-05 21:00:00,7.0,4.0,20.0,0.0,1017.0,90.0,1.0,0.0,0.0
2024-06-05 22:00:00,11.0,8.0,20.0,0.0,1017.0,87.0,2.0,0.0,0.0
2024-06-05 23:00:00,7.0,4.0,19.0,0.0,1017.0,88.0,5.0,0.0,0.0
2024-06-06 00:00:00,9.0,6.0,18.0,0.0,1017.0,90.0,5.0,0.0,0.0
2024-06-06 01:00:00,9.0,6.0,18.0,0.0,1017.0,88.0,6.0,0.0,0.0
2024-06-06 02:00:00,9.0,6.0,18.0,0.0,1017.0,85.0,5.0,0.0,0.0
2024-06-06 03:00:00,8.0,6.0,18.0,0.0,1017.0,82.0,4.0,0.0,0.0
2024-06-06 04:00:00,8.0,6.0,18.0,0.0,1017.0,81.0,5.0,0.0,0.0
2024-06-06 05:00:00,10.0,6.0,19.0,0.0,1018.0,80.0,4.0,0.0,0.0
2024-06-06 06:00:00,9.0,6.0,20.0,0.0,1018.0,76.0,3.0,0.0,0.0
2024-06-06 07:00:00,10.0,7.0,24.0,0.0,1018.0,64.0,1.0,0.0,0.0
2024-06-06 08:00:00,11.0,6.0,25.0,0.0,1018.0,62.0,3.0,0.0,0.0
2024-06-06 09:00:00,12.0,6.0,25.0,0.0,1018.0,60.0,10.0,0.0,0.0
2024-06-06 10:00:00,12.0,6.0,25.0,0.0,1018.0,60.0,11.0,0.0,0.0
2024-06-06 11:00:00,10.0,5.0,24.0,0.0,1018.0,64.0,10.0,0.0,0.0
2024-06-06 12:00:00,8.0,5.0,24.0,0.0,1018.0,64.0,4.0,0.0,0.0
2024-06-06 13:00:00,9.0,5.0,26.0,0.1,1018.0,68.0,4.0,0.0,0.0
2024-06-06 14:00:00,8.0,5.0,25.0,0.0,1017.0,71.0,7.0,0.0,0.0
2024-06-06 15:00:00,8.0,5.0,24.0,0.0,1017.0,73.0,9.0,0.0,0.0
2024-06-06 16:00:00,7.0,5.0,24.0,0.0,1017.0,71.0,8.0,0.0,0.0
2024-06-06 17:00:00,8.0,5.0,24.0,0.0,1017.0,68.0,5.0,0.0,0.0
2024-06-06 18:00:00,7.0,4.0,23.0,0.0,1017.0,68.0,1.0,0.0,0.0
2024-06-06 19:00:00,10.0,5.0,22.0,0.0,1017.0,86.0,0.0,0.0,0.0
2024-06-06 20:00:00,11.0,5.0,21.0,0.0,1017.0,86.0,2.0,0.0,0.0
2024-06-06 21:00:00,12.0,7.0,21.0,0.0,1018.0,88.0,3.0,0.0,0.0
2024-06-06 22:00:00,11.0,7.0,20.0,0.0,1018.0,87.0,2.0,0.0,0.0
2024-06-06 23:00:00,11.0,7.0,20.0,0.0,1018.0,86.0,3.0,0.0,0.0
2024-06-07 00:00:00,12.0,8.0,20.0,0.0,1018.0,87.0,1.0,0.0,0.0
2024-06-07 01:00:00,13.0,9.0,20.0,0.0,1017.0,89.0,4.0,0.0,0.0
2024-06-07 02:00:00,11.0,8.0,19.0,0.0,1017.0,89.0,1.0,0.0,0.0
2024-06-07 03:00:00,10.0,7.0,19.0,0.0,1017.0,90.0,5.0,0.0,0.0
2024-06-07 04:00:00,11.0,7.0,19.0,0.0,1017.0,88.0,5.0,0.0,0.0
2024-06-07 05:00:00,11.0,8.0,19.0,0.0,1017.0,85.0,5.0,0.0,0.0
2024-06-07 06:00:00,10.0,8.0,20.0,0.0,1018.0,80.0,3.0,0.0,0.0
2024-06-07 07:00:00,12.0,8.0,22.0,0.0,1018.0,77.0,2.0,0.0,0.0
2024-06-07 08:00:00,15.0,9.0,22.0,0.0,1018.0,78.0,6.0,0.0,0.0
2024-06-07 09:00:00,14.0,8.0,22.0,0.0,1018.0,78.0,7.0,0.0,0.0
2024-06-07 10:00:00,16.0,9.0,22.0,0.0,1018.0,78.0,8.0,0.0,0.0
2024-06-07 11:00:00,16.0,10.0,23.0,0.0,1018.0,74.0,8.0,0.0,0.0
2024-06-07 12:00:00,13.0,8.0,23.0,0.0,1018.0,72.0,9.0,0.0,0.0
2024-06-07 13:00:00,13.0,9.0,17.226222482314995,0.13547188915758213,1016.4446827431401,67.35219590696329,9.489031333383252,0.0,0.0
2024-06-07 14:00:00,12.0,8.0,17.397091191166453,0.13784622974419403,1016.2630334568086,67.01891597291979,9.597098658719858,0.0,0.0
2024-06-07 15:00:00,10.0,7.0,16.891813316228706,0.14459784641654316,1016.285409050824,67.21131979635902,9.658485595755053,0.0,0.0
2024-06-07 16:00:00,11.0,8.0,16.72094460737725,0.14222350582993304,1016.4670583371555,67.54459973040252,9.550418270418561,0.0,0.0
2024-06-07 17:00:00,15.0,10.0,17.731500357252628,0.1287202724852321,1016.4223071491247,67.15979208352428,9.427644396348,0.0,0.0
2024-06-07 18:00:00,15.0,10.0,17.731500357252628,0.1287202724852321,1016.4223071491247,67.15979208352428,9.427644396348,0.0,0.0
2024-06-07 19:00:00,16.0,10.0,18.407646941041833,0.1243429963994851,1016.2182822687776,66.63410832604131,9.474324784649355,0.0,0.0
2024-06-07 20:00:00,17.0,10.0,19.083793524830924,0.11996572031374253,1016.0142573884306,66.10842456855835,9.521005172950652,0.0,0.0
2024-06-07 21:00:00,18.0,11.0,18.912924815979522,0.1175913797271333,1016.1959066747621,66.44170450260208,9.412937847614103,0.0,0.0
2024-06-07 22:00:00,19.0,13.0,17.895040814487572,0.11721997463965206,1016.7632301277722,67.63394812817228,9.15012280863965,0.0,0.0
2024-06-07 23:00:00,21.0,14.0,18.400318689425205,0.1104683579672967,1016.7408545337568,67.44154430473282,9.088735871604456,0.0,0.0
2024-06-08 00:00:00,20.0,15.0,16.87715681299545,0.11684856955217171,1017.3305535807824,68.82619175374248,8.887307769665256,0.0,0.0
2024-06-08 01:00:00,20.0,14.0,17.724172105636057,0.11484563405303838,1016.9448794141038,67.96722806221601,9.042055483303159,0.0,0.0
2024-06-08 02:00:00,20.0,15.0,16.87715681299545,0.11684856955217171,1017.3305535807824,68.82619175374248,8.887307769665256,0.0,0.0
2024-06-08 03:00:00,20.0,15.0,16.87715681299545,0.11684856955217171,1017.3305535807824,68.82619175374248,8.887307769665256,0.0,0.0
2024-06-08 04:00:00,19.0,15.0,16.201010229206304,0.12122584563791072,1017.5345784611295,69.35187551122522,8.840627381363902,0.0,0.0
2024-06-08 05:00:00,19.0,14.0,17.048025521846967,0.11922291013878006,1017.1489042944509,68.49291181969852,8.995375095001862,0.0,0.0
2024-06-08 06:00:00,20.0,15.0,16.87715681299545,0.11684856955217171,1017.3305535807824,68.82619175374248,8.887307769665256,0.0,0.0
2024-06-08 07:00:00,19.0,15.0,24.0,0.0,1014.0,68.0,6.0,0.0,0.0
2024-06-08 08:00:00,18.0,14.0,25.0,0.3,1014.0,65.0,4.0,0.0,0.0
2024-06-08 09:00:00,29.0,16.0,26.0,0.2,1014.0,66.0,6.0,0.0,0.0
2024-06-08 10:00:00,28.0,16.0,25.0,0.0,1014.0,69.0,7.0,0.0,0.0
2024-06-08 11:00:00,23.0,17.0,25.0,0.0,1014.0,67.0,6.0,0.0,0.0
2024-06-08 12:00:00,24.0,16.0,26.0,0.0,1014.0,64.0,10.0,0.0,0.0
2024-06-08 13:00:00,26.0,16.0,26.0,0.0,1013.0,62.0,9.0,0.0,0.0
2024-06-08 14:00:00,25.0,16.0,26.0,0.0,1012.0,62.0,9.0,0.0,0.0
2024-06-08 15:00:00,21.0,14.0,26.0,0.0,1012.0,58.0,10.0,0.0,0.0
2024-06-08 16:00:00,22.0,16.0,26.0,0.0,1011.0,58.0,6.0,0.0,0.0
2024-06-08 17:00:00,21.0,14.0,25.0,0.0,1011.0,60.0,8.0,0.0,0.0
2024-06-08 18:00:00,17.0,12.0,24.0,0.0,1011.0,67.0,5.0,0.0,0.0
2024-06-08 19:00:00,19.0,13.0,23.0,0.0,1011.0,80.0,1.0,0.0,0.0
2024-06-08 20:00:00,19.0,14.0,22.0,0.0,1011.0,82.0,1.0,0.0,0.0
2024-06-08 21:00:00,23.0,15.0,22.0,0.0,1011.0,81.0,4.0,0.0,0.0
2024-06-08 22:00:00,21.0,11.0,21.0,0.0,1011.0,89.0,1.0,0.0,0.0
2024-06-08 23:00:00,17.0,11.0,21.0,0.0,1011.0,92.0,1.0,0.0,0.0
2024-06-09 00:00:00,17.0,13.0,21.0,0.0,1010.0,91.0,3.0,0.0,0.0
2024-06-09 01:00:00,18.0,12.0,21.0,0.0,1010.0,90.0,2.0,0.0,0.0
2024-06-09 02:00:00,16.0,12.0,20.0,0.0,1010.0,85.0,4.0,0.0,0.0
2024-06-09 03:00:00,17.0,12.0,21.0,0.0,1010.0,78.0,5.0,0.0,0.0
2024-06-09 04:00:00,17.0,12.0,21.0,0.0,1009.0,78.0,6.0,0.0,0.0
2024-06-09 05:00:00,16.0,11.0,22.0,0.0,1009.0,78.0,6.0,0.0,0.0
2024-06-09 06:00:00,15.0,10.0,23.0,0.0,1009.0,74.0,6.0,0.0,0.0
2024-06-09 07:00:00,15.0,9.0,27.0,0.0,1009.0,60.0,10.0,0.0,0.0
2024-06-09 08:00:00,15.0,9.0,28.0,0.0,1008.0,57.0,12.0,0.0,0.0
2024-06-09 09:00:00,15.0,9.0,28.0,0.0,1009.0,55.0,9.0,0.0,0.0
2024-06-09 10:00:00,17.0,9.0,28.0,0.0,1009.0,55.0,12.0,0.0,0.0
2024-06-09 11:00:00,16.0,9.0,28.0,0.0,1009.0,56.0,8.0,0.0,0.0
2024-06-09 12:00:00,18.0,10.0,29.0,0.0,1008.0,56.0,19.0,0.0,0.0
2024-06-09 13:00:00,18.0,10.0,29.0,0.0,1007.0,54.0,23.0,0.0,0.0
2024-06-09 14:00:00,18.0,10.0,29.0,0.0,1007.0,54.0,18.0,0.0,0.0
2024-06-09 15:00:00,16.0,9.0,29.0,0.0,1008.0,53.0,17.0,0.0,0.0
2024-06-09 16:00:00,17.0,10.0,28.0,0.0,1007.0,55.0,19.0,0.0,0.0
2024-06-09 17:00:00,18.0,10.0,27.0,0.0,1007.0,60.0,15.0,0.0,0.0
2024-06-09 18:00:00,16.0,9.0,26.0,0.0,1005.0,58.0,16.0,0.0,0.0
2024-06-09 19:00:00,21.0,11.0,25.0,0.0,1006.0,53.0,13.0,0.0,0.0
2024-06-09 20:00:00,19.0,10.0,25.0,0.0,1005.0,52.0,16.0,0.0,0.0
2024-06-09 21:00:00,20.0,11.0,24.0,0.0,1005.0,60.0,13.0,0.0,0.0
2024-06-09 22:00:00,18.0,10.0,24.0,0.0,1005.0,60.0,8.0,0.0,0.0
2024-06-09 23:00:00,20.0,11.0,25.0,0.0,1006.0,52.0,18.0,0.0,0.0
2024-06-10 00:00:00,18.0,11.0,24.0,0.0,1005.0,60.0,7.0,0.0,0.0
2024-06-10 01:00:00,19.0,12.0,22.0,0.0,1004.0,68.0,6.0,0.0,0.0
2024-06-10 02:00:00,19.0,11.0,22.0,0.0,1004.0,70.0,5.0,0.0,0.0
2024-06-10 03:00:00,19.0,10.0,22.0,0.0,1003.0,70.0,8.0,0.0,0.0
2024-06-10 04:00:00,21.0,12.0,22.0,0.0,1003.0,73.0,1.0,0.0,0.0
2024-06-10 05:00:00,25.0,13.0,23.0,0.0,1003.0,72.0,3.0,0.0,0.0
2024-06-10 06:00:00,26.0,13.0,24.0,0.0,1003.0,72.0,3.0,0.0,0.0
2024-06-10 07:00:00,26.0,13.0,25.0,0.0,1003.0,70.0,9.0,0.0,0.0
2024-06-10 08:00:00,30.0,14.0,26.0,0.0,1003.0,67.0,8.0,0.0,0.0
2024-06-10 09:00:00,32.0,15.0,26.0,0.2,1004.0,74.0,9.0,0.0,0.0
2024-06-10 10:00:00,22.0,10.0,25.0,0.6,1004.0,80.0,6.0,0.0,0.0
2024-06-10 11:00:00,17.0,10.0,26.0,0.0,1004.0,71.0,12.0,0.0,0.0
2024-06-10 12:00:00,28.0,16.0,25.0,0.0,1005.0,74.0,12.0,0.0,0.0
2024-06-10 13:00:00,28.0,16.0,25.0,0.0,1005.0,74.0,11.0,0.0,0.0
2024-06-10 14:00:00,26.0,13.0,25.0,0.0,1005.0,71.0,10.0,0.0,0.0
2024-06-10 15:00:00,25.0,12.0,25.0,0.0,1005.0,68.0,12.0,0.0,0.0
2024-06-10 16:00:00,21.0,11.0,25.0,0.0,1005.0,67.0,11.0,0.0,0.0
2024-06-10 17:00:00,22.0,11.0,25.0,0.0,1005.0,67.0,11.0,0.0,0.0
2024-06-10 18:00:00,21.0,11.0,24.0,0.0,1006.0,71.0,10.0,0.0,0.0
2024-06-10 19:00:00,20.0,10.0,22.0,0.1,1005.0,82.0,6.0,0.0,0.0
2024-06-10 20:00:00,21.0,11.0,22.0,0.0,1006.0,77.0,10.0,0.0,0.0
2024-06-10 21:00:00,21.0,11.0,21.0,0.3,1006.0,86.0,10.0,0.0,0.0
2024-06-10 22:00:00,18.0,9.0,21.0,0.2,1007.0,90.0,10.0,0.0,0.0
2024-06-10 23:00:00,18.0,8.0,21.0,1.6,1006.0,90.0,7.0,0.0,0.0
2024-06-11 00:00:00,7.0,3.0,21.0,1.0,1006.0,92.0,5.0,0.0,0.0
2024-06-11 01:00:00,3.0,2.0,20.0,0.0,1007.0,97.0,10.0,0.0,0.0
2024-06-11 02:00:00,7.0,3.0,20.0,0.0,1007.0,97.0,6.0,0.0,0.0
2024-06-11 03:00:00,8.0,4.0,20.0,0.0,1007.0,96.0,4.0,0.0,0.0
2024-06-11 04:00:00,13.0,6.0,20.0,0.0,1007.0,94.0,6.0,0.0,0.0
2024-06-11 05:00:00,14.0,6.0,19.0,0.7,1008.0,89.0,14.0,0.0,0.0
2024-06-11 06:00:00,14.0,7.0,20.0,1.3,1008.0,86.0,19.0,0.0,0.0
2024-06-11 07:00:00,14.0,7.0,20.0,0.0,1008.0,80.0,24.0,0.0,0.0
2024-06-11 08:00:00,9.0,4.0,20.0,3.6,1009.0,72.0,23.0,0.0,0.0
2024-06-11 09:00:00,7.0,3.0,21.0,0.6,1009.0,73.0,22.0,0.0,0.0
2024-06-11 10:00:00,6.0,2.0,20.0,0.7,1010.0,82.0,13.0,0.0,0.0
2024-06-11 11:00:00,5.0,2.0,20.0,1.3,1010.0,87.0,14.0,0.0,0.0
2024-06-11 12:00:00,4.0,2.0,23.0,0.2,1009.0,80.0,11.0,0.0,0.0
2024-06-11 13:00:00,7.0,3.0,23.0,0.3,1010.0,75.0,5.0,0.0,0.0
2024-06-11 14:00:00,7.0,3.0,21.0,1.5,1010.0,90.0,8.0,0.0,0.0
2024-06-11 15:00:00,9.0,4.0,22.0,0.2,1009.0,88.0,12.0,0.0,0.0
2024-06-11 16:00:00,12.0,7.0,23.0,0.0,1010.0,82.0,3.0,0.0,0.0
2024-06-11 17:00:00,10.0,5.0,24.0,0.0,1009.0,79.0,5.0,0.0,0.0
2024-06-11 18:00:00,10.0,6.0,22.0,0.0,1010.0,77.0,5.0,0.0,0.0
2024-06-11 19:00:00,12.0,6.0,22.0,0.0,1010.0,81.0,3.0,0.0,0.0
2024-06-11 20:00:00,14.0,7.0,21.0,0.0,1010.0,75.0,5.0,0.0,0.0
2024-06-11 21:00:00,15.0,8.0,20.0,0.0,1011.0,82.0,7.0,0.0,0.0
2024-06-11 22:00:00,40.0,33.0,19.0,0.0,1011.0,84.0,6.0,0.0,0.0
2024-06-11 23:00:00,14.0,8.0,20.0,0.0,1011.0,79.0,9.0,0.0,0.0
2024-06-12 00:00:00,12.0,7.0,19.0,0.0,1011.0,77.0,5.0,0.0,0.0
2024-06-12 01:00:00,13.0,7.0,19.0,2.4,1012.0,85.0,15.0,0.0,0.0
2024-06-12 02:00:00,13.0,7.0,18.0,0.0,1011.0,85.0,9.0,0.0,0.0
2024-06-12 03:00:00,12.0,6.0,18.0,0.0,1010.0,86.0,7.0,0.0,0.0
2024-06-12 04:00:00,12.0,6.0,18.0,0.0,1011.0,86.0,8.0,0.0,0.0
2024-06-12 05:00:00,12.0,6.0,19.0,0.0,1011.0,86.0,9.0,0.0,0.0
2024-06-12 06:00:00,12.0,6.0,20.0,0.0,1011.0,82.0,11.0,0.0,0.0
2024-06-12 07:00:00,9.0,5.0,21.0,0.0,1012.0,80.0,5.0,0.0,0.0
2024-06-12 08:00:00,9.0,5.0,22.0,0.0,1012.0,75.0,5.0,0.0,0.0
2024-06-12 09:00:00,10.0,6.0,23.0,0.0,1012.0,67.0,11.0,0.0,0.0
2024-06-12 10:00:00,11.0,5.0,25.0,0.0,1012.0,62.0,13.0,0.0,0.0
2024-06-12 11:00:00,10.0,4.0,23.0,0.0,1012.0,62.0,13.0,0.0,0.0
2024-06-12 12:00:00,15.0,5.0,22.0,0.0,1012.0,65.0,19.0,0.0,0.0
2024-06-12 13:00:00,14.0,5.0,22.0,0.0,1012.0,66.0,18.0,0.0,0.0
2024-06-12 14:00:00,10.0,4.0,21.0,0.0,1013.0,69.0,17.0,0.0,0.0
2024-06-12 15:00:00,8.0,3.0,21.0,0.0,1013.0,69.0,19.0,0.0,0.0
2024-06-12 16:00:00,8.0,4.0,21.0,0.0,1012.0,69.0,14.0,0.0,0.0
2024-06-12 17:00:00,8.0,4.0,21.0,0.0,1012.0,70.0,13.0,0.0,0.0
2024-06-12 18:00:00,6.0,3.0,20.0,0.0,1013.0,71.0,14.0,0.0,0.0
2024-06-12 19:00:00,9.0,4.0,19.0,0.0,1013.0,74.0,11.0,0.0,0.0
2024-06-12 20:00:00,9.0,4.0,19.0,0.0,1013.0,74.0,10.0,0.0,0.0
2024-06-12 21:00:00,8.0,3.0,18.0,0.0,1014.0,74.0,8.0,0.0,0.0
2024-06-12 22:00:00,7.0,3.0,18.0,0.0,1014.0,74.0,5.0,0.0,0.0
2024-06-12 23:00:00,5.0,3.0,18.0,0.0,1014.0,74.0,8.0,0.0,0.0
2024-06-13 00:00:00,4.0,3.0,18.0,0.0,1014.0,74.0,8.0,0.0,0.0
2024-06-13 01:00:00,4.0,2.0,17.0,0.0,1014.0,76.0,9.0,0.0,0.0
2024-06-13 02:00:00,5.0,2.0,17.0,0.0,1014.0,77.0,8.0,0.0,0.0
2024-06-13 03:00:00,4.0,2.0,17.0,0.2,1013.0,80.0,9.0,0.0,0.0
2024-06-13 04:00:00,5.0,3.0,17.0,0.0,1013.0,81.0,9.0,0.0,0.0
2024-06-13 05:00:00,6.0,3.0,17.0,0.3,1014.0,87.0,12.0,0.0,0.0
2024-06-13 06:00:00,6.0,3.0,18.0,0.2,1014.0,83.0,13.0,0.0,0.0
2024-06-13 07:00:00,5.0,3.0,19.0,0.0,1014.0,72.0,5.0,0.0,0.0
2024-06-13 08:00:00,4.0,3.0,20.0,0.0,1014.0,68.0,7.0,0.0,0.0
2024-06-13 09:00:00,5.0,3.0,21.0,0.0,1014.0,68.0,8.0,0.0,0.0
2024-06-13 10:00:00,8.0,3.0,20.0,0.3,1014.0,80.0,19.0,0.0,0.0
2024-06-13 11:00:00,7.0,3.0,18.0,1.3,1014.0,88.0,18.0,0.0,0.0
2024-06-13 12:00:00,6.0,3.0,19.0,0.5,1014.0,85.0,13.0,0.0,0.0
2024-06-13 13:00:00,6.0,3.0,21.0,0.0,1014.0,75.0,24.0,0.0,0.0
2024-06-13 14:00:00,8.0,4.0,21.0,0.0,1014.0,68.0,21.0,0.0,0.0
2024-06-13 15:00:00,10.0,5.0,21.0,0.0,1014.0,66.0,19.0,0.0,0.0
2024-06-13 16:00:00,7.0,4.0,20.0,0.3,1014.0,68.0,17.0,0.0,0.0
2024-06-13 17:00:00,6.0,4.0,19.0,0.3,1015.0,73.0,14.0,0.0,0.0
2024-06-13 18:00:00,6.0,4.0,19.0,0.0,1015.0,76.0,12.0,0.0,0.0
2024-06-13 19:00:00,6.0,4.0,18.0,0.0,1016.0,74.0,9.0,0.0,0.0
2024-06-13 20:00:00,6.0,3.0,17.0,0.0,1016.0,74.0,6.0,0.0,0.0
2024-06-13 21:00:00,5.0,3.0,17.0,0.0,1017.0,74.0,7.0,0.0,0.0
2024-06-13 22:00:00,6.0,4.0,16.0,0.0,1017.0,73.0,7.0,0.0,0.0
2024-06-13 23:00:00,7.0,4.0,16.0,0.0,1017.0,72.0,7.0,0.0,0.0
2024-06-14 00:00:00,6.0,4.0,15.0,0.0,1017.0,73.0,7.0,0.0,0.0
2024-06-14 01:00:00,6.0,4.0,15.0,0.0,1017.0,78.0,7.0,0.0,0.0
2024-06-14 02:00:00,7.0,5.0,14.0,0.0,1017.0,79.0,8.0,0.0,0.0
2024-06-14 03:00:00,7.0,5.0,14.0,0.0,1017.0,77.0,8.0,0.0,0.0
2024-06-14 04:00:00,7.0,4.0,14.0,0.0,1017.0,76.0,7.0,0.0,0.0
2024-06-14 05:00:00,6.0,4.0,14.0,0.0,1017.0,77.0,7.0,0.0,0.0
2024-06-14 06:00:00,6.0,4.0,16.0,0.0,1017.0,77.0,5.0,0.0,0.0
2024-06-14 07:00:00,6.0,4.0,20.0,0.0,1017.0,54.0,1.0,0.0,0.0
2024-06-14 08:00:00,10.0,6.0,21.0,0.0,1017.0,50.0,2.0,0.0,0.0
2024-06-14 09:00:00,7.0,4.0,23.0,0.0,1017.0,50.0,11.0,0.0,0.0
2024-06-14 10:00:00,8.0,4.0,23.0,0.0,1017.0,52.0,15.0,0.0,0.0
2024-06-14 11:00:00,8.0,4.0,24.0,0.0,1017.0,53.0,14.0,0.0,0.0
2024-06-14 12:00:00,7.0,5.0,23.0,0.0,1017.0,55.0,14.0,0.0,0.0
2024-06-14 13:00:00,7.0,5.0,23.0,0.0,1017.0,56.0,16.0,0.0,0.0
2024-06-14 14:00:00,6.0,4.0,23.0,0.0,1016.0,55.0,14.0,0.0,0.0
2024-06-14 15:00:00,6.0,4.0,23.0,0.0,1016.0,56.0,12.0,0.0,0.0
2024-06-14 16:00:00,5.0,4.0,23.0,0.0,1016.0,56.0,9.0,0.0,0.0
2024-06-14 17:00:00,5.0,3.0,23.0,0.0,1016.0,56.0,6.0,0.0,0.0
2024-06-14 18:00:00,5.0,3.0,22.0,0.0,1015.0,57.0,4.0,0.0,0.0
2024-06-14 19:00:00,4.0,2.0,21.0,0.0,1015.0,66.0,4.0,0.0,0.0
2024-06-14 20:00:00,4.0,2.0,20.0,0.0,1016.0,68.0,5.0,0.0,0.0
2024-06-14 21:00:00,5.0,3.0,20.0,0.0,1016.0,71.0,4.0,0.0,0.0
2024-06-14 22:00:00,8.0,4.0,19.0,0.0,1016.0,71.0,6.0,0.0,0.0
2024-06-14 23:00:00,11.0,8.0,18.0,0.0,1015.0,68.0,9.0,0.0,0.0
2024-06-15 00:00:00,8.0,5.0,17.0,0.0,1015.0,66.0,8.0,0.0,0.0
2024-06-15 01:00:00,8.0,5.0,17.0,0.0,1014.0,65.0,8.0,0.0,0.0
2024-06-15 02:00:00,6.0,4.0,17.0,0.0,1014.0,65.0,8.0,0.0,0.0
2024-06-15 03:00:00,6.0,4.0,17.0,0.0,1014.0,66.0,7.0,0.0,0.0
2024-06-15 04:00:00,5.0,4.0,17.0,0.0,1014.0,72.0,6.0,0.0,0.0
2024-06-15 05:00:00,5.0,3.0,18.0,0.0,1014.0,75.0,7.0,0.0,0.0
2024-06-15 06:00:00,4.0,3.0,20.0,0.0,1013.0,70.0,5.0,0.0,0.0
2024-06-15 07:00:00,5.0,3.0,24.0,0.0,1013.0,51.0,5.0,0.0,0.0
2024-06-15 08:00:00,6.0,3.0,26.0,0.0,1013.0,48.0,6.0,0.0,0.0
2024-06-15 09:00:00,8.0,4.0,28.0,0.0,1013.0,44.0,13.0,0.0,0.0
2024-06-15 10:00:00,8.0,4.0,27.0,0.0,1013.0,46.0,16.0,0.0,0.0
2024-06-15 11:00:00,8.0,4.0,27.0,0.0,1012.0,47.0,15.0,0.0,0.0
2024-06-15 12:00:00,9.0,5.0,27.0,0.0,1012.0,45.0,19.0,0.0,0.0
2024-06-15 13:00:00,11.0,5.0,27.0,0.0,1012.0,42.0,20.0,0.0,0.0
2024-06-15 14:00:00,11.0,6.0,27.0,0.0,1011.0,42.0,17.0,0.0,0.0
2024-06-15 15:00:00,11.0,5.0,27.0,0.0,1011.0,44.0,15.0,0.0,0.0
2024-06-15 16:00:00,9.0,5.0,26.0,0.0,1011.0,45.0,13.0,0.0,0.0
2024-06-15 17:00:00,9.0,5.0,26.0,0.0,1010.0,46.0,11.0,0.0,0.0
2024-06-15 18:00:00,8.0,5.0,25.0,0.0,1010.0,54.0,9.0,0.0,0.0
2024-06-15 19:00:00,7.0,4.0,24.0,0.0,1010.0,53.0,7.0,0.0,0.0
2024-06-15 20:00:00,8.0,4.0,23.0,0.0,1010.0,58.0,6.0,0.0,0.0
2024-06-15 21:00:00,9.0,5.0,22.0,0.0,1011.0,56.0,6.0,0.0,0.0
2024-06-15 22:00:00,10.0,6.0,22.0,0.0,1011.0,52.0,5.0,0.0,0.0
2024-06-15 23:00:00,11.0,6.0,23.0,0.0,1011.0,50.0,8.0,0.0,0.0
2024-06-16 00:00:00,10.0,6.0,23.0,0.0,1011.0,49.0,5.0,0.0,0.0
2024-06-16 01:00:00,8.0,5.0,22.0,0.0,1010.0,56.0,13.0,0.0,0.0
2024-06-16 02:00:00,7.0,5.0,22.0,0.0,1010.0,61.0,15.0,0.0,0.0
2024-06-16 03:00:00,8.0,4.0,22.0,0.0,1010.0,61.0,15.0,0.0,0.0
2024-06-16 04:00:00,8.0,4.0,22.0,0.0,1010.0,63.0,11.0,0.0,0.0
2024-06-16 05:00:00,8.0,5.0,22.0,0.0,1010.0,65.0,8.0,0.0,0.0
2024-06-16 06:00:00,8.0,5.0,23.0,0.0,1011.0,64.0,12.0,0.0,0.0
2024-06-16 07:00:00,9.0,5.0,25.0,0.0,1011.0,63.0,10.0,0.0,0.0
2024-06-16 08:00:00,9.0,5.0,26.0,0.0,1011.0,60.0,11.0,0.0,0.0
2024-06-16 09:00:00,9.0,5.0,26.0,0.0,1011.0,58.0,14.0,0.0,0.0
2024-06-16 10:00:00,9.0,5.0,26.0,0.0,1011.0,55.0,15.0,0.0,0.0
2024-06-16 11:00:00,8.0,4.0,27.0,0.0,1011.0,54.0,17.0,0.0,0.0
2024-06-16 12:00:00,7.0,3.0,26.0,0.0,1011.0,52.0,22.0,0.0,0.0
2024-06-16 13:00:00,8.0,4.0,27.0,0.0,1011.0,53.0,20.0,0.0,0.0
2024-06-16 14:00:00,9.0,5.0,26.0,0.0,1011.0,52.0,18.0,0.0,0.0
2024-06-16 15:00:00,11.0,6.0,26.0,0.0,1011.0,52.0,18.0,0.0,0.0
2024-06-16 16:00:00,10.0,6.0,26.0,0.0,1011.0,52.0,15.0,0.0,0.0
2024-06-16 17:00:00,9.0,5.0,25.0,0.0,1011.0,52.0,12.0,0.0,0.0
2024-06-16 18:00:00,9.0,5.0,24.0,0.0,1012.0,58.0,7.0,0.0,0.0
2024-06-16 19:00:00,7.0,4.0,22.0,0.0,1012.0,72.0,4.0,0.0,0.0
2024-06-16 20:00:00,7.0,4.0,22.0,0.0,1013.0,73.0,4.0,0.0,0.0
2024-06-16 21:00:00,10.0,6.0,21.0,0.0,1013.0,74.0,4.0,0.0,0.0
2024-06-16 22:00:00,12.0,7.0,21.0,0.0,1014.0,75.0,2.0,0.0,0.0
2024-06-16 23:00:00,15.0,8.0,20.0,0.0,1014.0,76.0,5.0,0.0,0.0
2024-06-17 00:00:00,11.0,7.0,20.0,0.0,1014.0,75.0,6.0,0.0,0.0
2024-06-17 01:00:00,10.0,6.0,19.0,0.0,1014.0,73.0,6.0,0.0,0.0
2024-06-17 02:00:00,9.0,6.0,19.0,0.0,1014.0,71.0,6.0,0.0,0.0
2024-06-17 03:00:00,9.0,6.0,19.0,0.0,1014.0,70.0,5.0,0.0,0.0
2024-06-17 04:00:00,9.0,6.0,19.0,0.0,1015.0,72.0,5.0,0.0,0.0
2024-06-17 05:00:00,8.0,5.0,20.0,0.0,1015.0,74.0,4.0,0.0,0.0
2024-06-17 06:00:00,8.0,5.0,21.0,0.0,1016.0,71.0,4.0,0.0,0.0
2024-06-17 07:00:00,9.0,5.0,25.0,0.0,1015.0,51.0,5.0,0.0,0.0
2024-06-17 08:00:00,13.0,6.0,27.0,0.0,1016.0,48.0,5.0,0.0,0.0
2024-06-17 09:00:00,13.0,6.0,27.0,0.0,1016.0,48.0,4.0,0.0,0.0
2024-06-17 10:00:00,14.0,7.0,27.0,0.0,1016.0,49.0,9.0,0.0,0.0
2024-06-17 11:00:00,13.0,7.0,27.0,0.0,1016.0,50.0,10.0,0.0,0.0
2024-06-17 12:00:00,12.0,7.0,26.0,0.0,1016.0,50.0,10.0,0.0,0.0
2024-06-17 13:00:00,10.0,6.0,26.0,0.0,1016.0,52.0,10.0,0.0,0.0
2024-06-17 14:00:00,10.0,5.0,26.0,0.0,1016.0,54.0,9.0,0.0,0.0
2024-06-17 15:00:00,9.0,5.0,26.0,0.0,1016.0,52.0,6.0,0.0,0.0
2024-06-17 16:00:00,9.0,5.0,26.0,0.0,1016.0,50.0,5.0,0.0,0.0
2024-06-17 17:00:00,11.0,6.0,26.0,0.0,1016.0,48.0,4.0,0.0,0.0
2024-06-17 18:00:00,10.0,5.0,25.0,0.0,1016.0,73.0,4.0,0.0,0.0
2024-06-17 19:00:00,10.0,5.0,23.0,0.0,1016.0,69.0,2.0,0.0,0.0
2024-06-17 20:00:00,9.0,5.0,22.0,0.0,1016.0,71.0,2.0,0.0,0.0
2024-06-17 21:00:00,12.0,6.0,22.0,0.0,1017.0,74.0,2.0,0.0,0.0
2024-06-17 22:00:00,15.0,7.0,22.0,0.0,1017.0,63.0,3.0,0.0,0.0
2024-06-17 23:00:00,12.0,6.0,21.0,0.0,1018.0,67.0,4.0,0.0,0.0
2024-06-18 00:00:00,10.0,7.0,20.0,0.0,1018.0,67.0,4.0,0.0,0.0
2024-06-18 01:00:00,10.0,6.0,21.0,0.0,1018.0,66.0,4.0,0.0,0.0
2024-06-18 02:00:00,9.0,7.0,20.0,0.0,1018.0,65.0,3.0,0.0,0.0
2024-06-18 03:00:00,10.0,6.0,20.0,0.0,1018.0,66.0,5.0,0.0,0.0
2024-06-18 04:00:00,10.0,6.0,20.0,0.0,1018.0,66.0,6.0,0.0,0.0
2024-06-18 05:00:00,9.0,6.0,20.0,0.0,1018.0,65.0,6.0,0.0,0.0
2024-06-18 06:00:00,9.0,6.0,22.0,0.0,1018.0,66.0,4.0,0.0,0.0
2024-06-18 07:00:00,11.0,7.0,24.0,0.0,1018.0,54.0,11.0,0.0,0.0
2024-06-18 08:00:00,14.0,7.0,26.0,0.0,1018.0,48.0,8.0,0.0,0.0
2024-06-18 09:00:00,18.0,7.0,27.0,0.0,1018.0,45.0,4.0,0.0,0.0
2024-06-18 10:00:00,15.0,7.0,27.0,0.0,1018.0,46.0,2.0,0.0,0.0
2024-06-18 11:00:00,16.0,8.0,27.0,0.0,1018.0,47.0,6.0,0.0,0.0
2024-06-18 12:00:00,14.0,8.0,27.0,0.0,1018.0,50.0,11.0,0.0,0.0
2024-06-18 13:00:00,12.0,7.0,27.0,0.0,1018.0,53.0,11.0,0.0,0.0
2024-06-18 14:00:00,12.0,7.0,27.0,0.0,1018.0,56.0,11.0,0.0,0.0
2024-06-18 15:00:00,11.0,7.0,26.0,0.0,1017.0,58.0,7.0,0.0,0.0
2024-06-18 16:00:00,10.0,6.0,26.0,0.0,1017.0,56.0,5.0,0.0,0.0
2024-06-18 17:00:00,10.0,6.0,26.0,0.0,1017.0,53.0,4.0,0.0,0.0
2024-06-18 18:00:00,8.0,5.0,26.0,0.0,1017.0,58.0,5.0,0.0,0.0
2024-06-18 19:00:00,8.0,5.0,23.0,0.0,1017.0,76.0,2.0,0.0,0.0
2024-06-18 20:00:00,8.0,5.0,23.0,0.0,1017.0,79.0,2.0,0.0,0.0
2024-06-18 21:00:00,12.0,6.0,22.0,0.0,1017.0,83.0,1.0,0.0,0.0
2024-06-18 22:00:00,13.0,7.0,22.0,0.0,1017.0,89.0,1.0,0.0,0.0
2024-06-18 23:00:00,14.0,7.0,22.0,0.0,1017.0,74.0,1.0,0.0,0.0
2024-06-19 00:00:00,14.0,8.0,22.0,0.0,1017.0,78.0,4.0,0.0,0.0
2024-06-19 01:00:00,11.0,8.0,22.0,0.0,1017.0,75.0,4.0,0.0,0.0
2024-06-19 02:00:00,11.0,8.0,22.0,0.0,1016.0,75.0,4.0,0.0,0.0
2024-06-19 03:00:00,10.0,8.0,21.0,0.0,1016.0,76.0,8.0,0.0,0.0
2024-06-19 04:00:00,11.0,7.0,21.0,0.0,1016.0,73.0,6.0,0.0,0.0
2024-06-19 05:00:00,12.0,7.0,21.0,0.0,1016.0,71.0,5.0,0.0,0.0
2024-06-19 06:00:00,11.0,8.0,22.0,0.0,1016.0,70.0,4.0,0.0,0.0
2024-06-19 07:00:00,11.0,7.0,26.0,0.0,1017.0,59.0,11.0,0.0,0.0
2024-06-19 08:00:00,14.0,7.0,27.0,0.0,1016.0,54.0,9.0,0.0,0.0
2024-06-19 09:00:00,20.0,9.0,28.0,0.0,1016.0,51.0,4.0,0.0,0.0
2024-06-19 10:00:00,17.0,7.0,28.0,0.0,1016.0,50.0,1.0,0.0,0.0
2024-06-19 11:00:00,15.0,8.0,28.0,0.0,1016.0,55.0,9.0,0.0,0.0
2024-06-19 12:00:00,13.0,7.0,27.0,0.0,1016.0,53.0,10.0,0.0,0.0
2024-06-19 13:00:00,14.0,8.0,29.0,0.0,1016.0,55.0,10.0,0.0,0.0
2024-06-19 14:00:00,12.0,7.0,31.0,0.0,1016.0,46.0,18.0,0.0,0.0
2024-06-19 15:00:00,12.0,6.0,30.0,0.0,1016.0,49.0,18.0,0.0,0.0
2024-06-19 16:00:00,12.0,6.0,29.0,0.0,1016.0,53.0,17.0,0.0,0.0
2024-06-19 17:00:00,12.0,6.0,28.0,0.0,1016.0,58.0,14.0,0.0,0.0
2024-06-19 18:00:00,12.0,6.0,27.0,0.0,1016.0,74.0,9.0,0.0,0.0
2024-06-19 19:00:00,12.0,6.0,25.0,0.0,1016.0,70.0,6.0,0.0,0.0
2024-06-19 20:00:00,16.0,7.0,24.0,0.0,1017.0,76.0,3.0,0.0,0.0
2024-06-19 21:00:00,16.0,6.0,24.0,0.0,1017.0,68.0,6.0,0.0,0.0
2024-06-19 22:00:00,18.0,7.0,23.0,0.0,1018.0,68.0,3.0,0.0,0.0
2024-06-19 23:00:00,15.0,6.0,23.0,0.0,1018.0,66.0,3.0,0.0,0.0
2024-06-20 00:00:00,14.0,6.0,23.0,0.0,1018.0,63.0,4.0,0.0,0.0
2024-06-20 01:00:00,14.0,7.0,23.0,0.0,1018.0,63.0,4.0,0.0,0.0
2024-06-20 02:00:00,13.0,7.0,22.0,0.0,1018.0,64.0,4.0,0.0,0.0
2024-06-20 03:00:00,14.0,7.0,22.0,0.0,1017.0,65.0,5.0,0.0,0.0
2024-06-20 04:00:00,15.0,7.0,22.0,0.0,1017.0,66.0,4.0,0.0,0.0
2024-06-20 05:00:00,16.0,7.0,23.0,0.0,1018.0,69.0,4.0,0.0,0.0
2024-06-20 06:00:00,18.0,8.0,24.0,0.0,1018.0,66.0,1.0,0.0,0.0
2024-06-20 07:00:00,20.0,8.0,26.0,0.0,1021.0,60.0,13.0,0.0,0.0
2024-06-20 08:00:00,26.0,10.0,26.0,0.0,1021.0,59.0,14.0,0.0,0.0
2024-06-20 09:00:00,32.0,15.0,27.0,0.0,1020.0,57.0,4.0,0.0,0.0
2024-06-20 10:00:00,37.0,14.0,27.0,0.0,1020.0,57.0,4.0,0.0,0.0
2024-06-20 11:00:00,27.0,10.0,29.0,0.0,1019.0,56.0,6.0,0.0,0.0
2024-06-20 12:00:00,33.0,12.0,29.0,0.0,1019.0,57.0,12.0,0.0,0.0
2024-06-20 13:00:00,28.0,12.0,30.0,0.0,1019.0,58.0,8.0,0.0,0.0
2024-06-20 14:00:00,26.0,11.0,30.0,0.0,1018.0,62.0,18.0,0.0,0.0
2024-06-20 15:00:00,25.0,12.0,28.0,0.0,1018.0,63.0,23.0,0.0,0.0
2024-06-20 16:00:00,32.0,16.0,28.0,0.0,1018.0,64.0,15.0,0.0,0.0
2024-06-20 17:00:00,57.0,37.0,28.0,0.0,1018.0,66.0,5.0,0.0,0.0
2024-06-20 18:00:00,63.0,46.0,26.0,0.0,1019.0,74.0,4.0,0.0,0.0
2024-06-20 19:00:00,65.0,44.0,25.0,0.0,1019.0,85.0,3.0,0.0,0.0
2024-06-20 20:00:00,64.0,43.0,24.0,0.0,1019.0,88.0,2.0,0.0,0.0
2024-06-20 21:00:00,58.0,37.0,24.0,0.0,1020.0,89.0,1.0,0.0,0.0
2024-06-20 22:00:00,64.0,44.0,24.0,0.0,1020.0,87.0,3.0,0.0,0.0
2024-06-20 23:00:00,63.0,46.0,23.0,0.0,1019.0,83.0,3.0,0.0,0.0
2024-06-21 00:00:00,73.0,56.0,23.0,0.0,1019.0,84.0,6.0,0.0,0.0
2024-06-21 01:00:00,64.0,49.0,23.0,0.0,1018.0,81.0,4.0,0.0,0.0
2024-06-21 02:00:00,59.0,44.0,23.0,0.0,1018.0,81.0,4.0,0.0,0.0
2024-06-21 03:00:00,55.0,40.0,23.0,0.0,1017.0,82.0,4.0,0.0,0.0
2024-06-21 04:00:00,60.0,44.0,23.0,0.0,1017.0,81.0,3.0,0.0,0.0
2024-06-21 05:00:00,73.0,57.0,23.0,0.0,1017.0,79.0,5.0,0.0,0.0
2024-06-21 06:00:00,65.0,49.0,24.0,0.0,1017.0,79.0,2.0,0.0,0.0
2024-06-21 07:00:00,68.0,44.0,26.0,0.0,1016.0,74.0,8.0,0.0,0.0
2024-06-21 08:00:00,64.0,42.0,28.0,0.0,1017.0,70.0,5.0,0.0,0.0
2024-06-21 09:00:00,62.0,33.0,28.0,0.0,1017.0,72.0,3.0,0.0,0.0
2024-06-21 10:00:00,79.0,33.0,26.0,0.0,1017.0,74.0,12.0,0.0,0.0
2024-06-21 11:00:00,84.0,36.0,26.0,0.0,1018.0,74.0,4.0,0.0,0.0
2024-06-21 12:00:00,75.0,36.0,28.0,0.0,1018.0,75.0,14.0,0.0,0.0
2024-06-21 13:00:00,84.0,36.0,28.0,0.0,1017.0,74.0,21.0,0.0,0.0
2024-06-21 14:00:00,111.0,37.0,29.0,0.0,1013.0,64.0,25.0,0.0,0.0
2024-06-21 15:00:00,98.0,36.0,30.0,0.0,1012.0,63.0,13.0,0.0,0.0
2024-06-21 16:00:00,109.0,38.0,30.0,0.0,1012.0,63.0,12.0,0.0,0.0
2024-06-21 17:00:00,102.0,38.0,30.0,0.0,1012.0,60.0,3.0,0.0,0.0
2024-06-21 18:00:00,126.0,44.0,29.0,0.0,1011.0,62.0,3.0,0.0,0.0
2024-06-21 19:00:00,154.0,53.0,27.0,0.0,1010.0,56.0,13.0,0.0,0.0
2024-06-21 20:00:00,158.0,54.0,26.0,0.0,1010.0,62.0,14.0,0.0,0.0
2024-06-21 21:00:00,162.0,55.0,25.0,0.0,1011.0,73.0,7.0,0.0,0.0
2024-06-21 22:00:00,150.0,52.0,24.0,0.0,1012.0,82.0,2.0,0.0,0.0
2024-06-21 23:00:00,134.0,46.0,25.0,0.0,1011.0,76.0,8.0,0.0,0.0
2024-06-22 00:00:00,127.0,45.0,24.0,0.0,1011.0,81.0,5.0,0.0,0.0
2024-06-22 01:00:00,123.0,40.0,24.0,0.0,1011.0,77.0,9.0,0.0,0.0
2024-06-22 02:00:00,105.0,37.0,24.0,0.0,1011.0,73.0,10.0,0.0,0.0
2024-06-22 03:00:00,104.0,36.0,24.0,0.0,1011.0,70.0,13.0,0.0,0.0
2024-06-22 04:00:00,81.0,29.0,23.0,0.0,1011.0,70.0,6.0,0.0,0.0
2024-06-22 05:00:00,69.0,27.0,23.0,0.0,1012.0,68.0,4.0,0.0,0.0
2024-06-22 06:00:00,62.0,25.0,23.0,0.0,1012.0,67.0,6.0,0.0,0.0
2024-06-22 07:00:00,51.0,20.0,26.0,0.0,1011.0,60.0,6.0,0.0,0.0
2024-06-22 08:00:00,41.0,16.0,26.0,0.0,1011.0,60.0,4.0,0.0,0.0
2024-06-22 09:00:00,37.0,15.0,27.0,0.0,1011.0,59.0,6.0,0.0,0.0
2024-06-22 10:00:00,34.0,14.0,28.0,0.0,1011.0,57.0,10.0,0.0,0.0
2024-06-22 11:00:00,31.0,13.0,28.0,0.0,1010.0,55.0,14.0,0.0,0.0
2024-06-22 12:00:00,32.0,15.0,28.0,0.0,1010.0,56.0,19.0,0.0,0.0
2024-06-22 13:00:00,30.0,14.0,28.0,0.0,1010.0,57.0,17.0,0.0,0.0
2024-06-22 14:00:00,32.0,14.0,28.0,0.0,1010.0,58.0,15.0,0.0,0.0
2024-06-22 15:00:00,28.0,13.0,27.0,0.0,1009.0,57.0,12.0,0.0,0.0
2024-06-22 16:00:00,34.0,14.0,27.0,0.0,1009.0,58.0,8.0,0.0,0.0
2024-06-22 17:00:00,34.0,14.0,26.0,0.0,1009.0,59.0,2.0,0.0,0.0
2024-06-22 18:00:00,31.0,13.0,26.0,0.0,1008.0,66.0,6.0,0.0,0.0
2024-06-22 19:00:00,27.0,11.0,24.0,0.0,1009.0,82.0,2.0,0.0,0.0
2024-06-22 20:00:00,34.0,14.0,23.0,0.0,1009.0,82.0,4.0,0.0,0.0
2024-06-22 21:00:00,32.0,13.0,23.0,0.0,1009.0,79.0,3.0,0.0,0.0
2024-06-22 22:00:00,27.0,11.0,22.0,0.0,1009.0,80.0,1.0,0.0,0.0
2024-06-22 23:00:00,28.0,12.0,22.0,0.0,1009.0,80.0,4.0,0.0,0.0
2024-06-23 00:00:00,27.0,12.0,22.0,0.0,1009.0,76.0,6.0,0.0,0.0
2024-06-23 01:00:00,24.0,11.0,22.0,0.0,1008.0,76.0,7.0,0.0,0.0
2024-06-23 02:00:00,27.0,12.0,22.0,0.0,1008.0,75.0,6.0,0.0,0.0
2024-06-23 03:00:00,25.0,11.0,22.0,0.0,1008.0,73.0,6.0,0.0,0.0
2024-06-23 04:00:00,25.0,11.0,22.0,0.0,1009.0,71.0,5.0,0.0,0.0
2024-06-23 05:00:00,25.0,11.0,22.0,0.0,1009.0,70.0,3.0,0.0,0.0
2024-06-23 06:00:00,25.0,11.0,23.0,0.0,1009.0,67.0,4.0,0.0,0.0
2024-06-23 07:00:00,23.0,10.0,27.0,0.0,1010.0,46.0,13.0,0.0,0.0
2024-06-23 08:00:00,16.0,7.0,28.0,0.0,1010.0,44.0,17.0,0.0,0.0
2024-06-23 09:00:00,13.0,5.0,28.0,0.0,1011.0,41.0,19.0,0.0,0.0
2024-06-23 10:00:00,17.0,5.0,29.0,0.0,1011.0,39.0,22.0,0.0,0.0
2024-06-23 11:00:00,16.0,5.0,29.0,0.0,1011.0,39.0,23.0,0.0,0.0
2024-06-23 12:00:00,16.0,6.0,30.0,0.0,1010.0,38.0,23.0,0.0,0.0
2024-06-23 13:00:00,17.0,6.0,30.0,0.0,1010.0,39.0,22.0,0.0,0.0
2024-06-23 14:00:00,17.0,7.0,29.0,0.0,1010.0,40.0,23.0,0.0,0.0
2024-06-23 15:00:00,16.0,7.0,29.0,0.0,1010.0,42.0,21.0,0.0,0.0
2024-06-23 16:00:00,17.0,7.0,28.0,0.0,1010.0,43.0,20.0,0.0,0.0
2024-06-23 17:00:00,16.0,7.0,27.0,0.0,1010.0,45.0,21.0,0.0,0.0
2024-06-23 18:00:00,15.0,7.0,26.0,0.0,1010.0,40.0,21.0,0.0,0.0
2024-06-23 19:00:00,16.0,6.0,26.0,0.0,1010.0,41.0,17.0,0.0,0.0
2024-06-23 20:00:00,15.0,6.0,26.0,0.0,1010.0,38.0,19.0,0.0,0.0
2024-06-23 21:00:00,15.0,6.0,25.0,0.0,1011.0,39.0,16.0,0.0,0.0
2024-06-23 22:00:00,15.0,6.0,25.0,0.0,1011.0,42.0,16.0,0.0,0.0
2024-06-23 23:00:00,16.0,6.0,25.0,0.0,1011.0,45.0,21.0,0.0,0.0
2024-06-24 00:00:00,14.0,5.0,24.0,0.0,1011.0,43.0,23.0,0.0,0.0
2024-06-24 01:00:00,12.0,5.0,25.0,0.0,1010.0,43.0,29.0,0.0,0.0
2024-06-24 02:00:00,11.0,5.0,24.0,0.0,1010.0,47.0,31.0,0.0,0.0
2024-06-24 03:00:00,16.0,6.0,23.0,0.0,1010.0,52.0,34.0,0.0,0.0
2024-06-24 04:00:00,17.0,7.0,23.0,0.0,1010.0,51.0,34.0,0.0,0.0
2024-06-24 05:00:00,23.0,8.0,23.0,0.0,1011.0,51.0,35.0,0.0,0.0
2024-06-24 06:00:00,24.0,8.0,24.0,0.0,1011.0,50.0,34.0,0.0,0.0
2024-06-24 07:00:00,18.0,7.0,25.0,0.0,1011.0,46.0,14.0,0.0,0.0
2024-06-24 08:00:00,21.0,8.0,26.0,0.1,1011.0,45.0,13.0,0.0,0.0
2024-06-24 09:00:00,26.0,8.0,26.0,0.1,1012.0,47.0,19.0,0.0,0.0
2024-06-24 10:00:00,33.0,9.0,27.0,0.0,1012.0,49.0,19.0,0.0,0.0
2024-06-24 11:00:00,23.0,8.0,29.0,0.0,1011.0,47.0,23.0,0.0,0.0
2024-06-24 12:00:00,20.0,8.0,30.0,0.0,1011.0,45.0,26.0,0.0,0.0
2024-06-24 13:00:00,16.0,8.0,30.0,0.0,1011.0,42.0,27.0,0.0,0.0
2024-06-24 14:00:00,17.0,8.0,30.0,0.0,1010.0,43.0,27.0,0.0,0.0
2024-06-24 15:00:00,19.0,9.0,30.0,0.0,1010.0,45.0,27.0,0.0,0.0
2024-06-24 16:00:00,18.0,9.0,29.0,0.0,1010.0,46.0,26.0,0.0,0.0
2024-06-24 17:00:00,20.0,10.0,28.0,0.0,1010.0,50.0,24.0,0.0,0.0
2024-06-24 18:00:00,22.0,11.0,27.0,0.0,1010.0,50.0,22.0,0.0,0.0
2024-06-24 19:00:00,22.0,12.0,26.0,0.0,1011.0,55.0,20.0,0.0,0.0
2024-06-24 20:00:00,24.0,12.0,26.0,0.0,1011.0,56.0,20.0,0.0,0.0
2024-06-24 21:00:00,22.0,11.0,26.0,0.0,1012.0,57.0,19.0,0.0,0.0
2024-06-24 22:00:00,19.0,10.0,26.0,0.0,1012.0,56.0,18.0,0.0,0.0
2024-06-24 23:00:00,16.0,9.0,25.0,0.0,1012.0,57.0,16.0,0.0,0.0
2024-06-25 00:00:00,16.0,9.0,25.0,0.0,1012.0,58.0,16.0,0.0,0.0
2024-06-25 01:00:00,16.0,8.0,25.0,0.0,1012.0,57.0,16.0,0.0,0.0
2024-06-25 02:00:00,14.0,8.0,24.0,0.0,1012.0,58.0,16.0,0.0,0.0
2024-06-25 03:00:00,15.0,8.0,24.0,0.0,1012.0,59.0,16.0,0.0,0.0
2024-06-25 04:00:00,14.0,8.0,24.0,0.0,1012.0,59.0,14.0,0.0,0.0
2024-06-25 05:00:00,13.0,8.0,24.0,0.0,1012.0,58.0,15.0,0.0,0.0
2024-06-25 06:00:00,12.0,7.0,24.0,0.0,1012.0,59.0,15.0,0.0,0.0
2024-06-25 07:00:00,14.0,7.0,25.0,0.0,1012.0,57.0,5.0,0.0,0.0
2024-06-25 08:00:00,14.0,8.0,26.0,0.0,1012.0,56.0,3.0,0.0,0.0
2024-06-25 09:00:00,17.0,9.0,26.0,0.0,1012.0,61.0,2.0,0.0,0.0
2024-06-25 10:00:00,15.0,9.0,27.0,0.0,1012.0,57.0,3.0,0.0,0.0
2024-06-25 11:00:00,17.0,9.0,29.0,0.0,1012.0,49.0,12.0,0.0,0.0
2024-06-25 12:00:00,15.0,9.0,30.0,0.0,1012.0,45.0,19.0,0.0,0.0
2024-06-25 13:00:00,15.0,8.0,30.0,0.0,1012.0,44.0,14.0,0.0,0.0
2024-06-25 14:00:00,15.0,9.0,29.0,0.0,1011.0,44.0,10.0,0.0,0.0
2024-06-25 15:00:00,12.0,7.0,29.0,0.0,1011.0,48.0,4.0,0.0,0.0
2024-06-25 16:00:00,13.0,7.0,23.0,0.3,1012.0,75.0,14.0,0.0,0.0
2024-06-25 17:00:00,17.0,9.0,24.0,0.1,1012.0,69.0,5.0,0.0,0.0
2024-06-25 18:00:00,14.0,8.0,23.0,0.0,1012.0,70.0,5.0,0.0,0.0
2024-06-25 19:00:00,13.0,8.0,22.0,0.0,1012.0,82.0,8.0,0.0,0.0
2024-06-25 20:00:00,14.0,9.0,22.0,0.0,1012.0,89.0,5.0,0.0,0.0
2024-06-25 21:00:00,15.0,10.0,21.0,0.0,1012.0,90.0,2.0,0.0,0.0
2024-06-25 22:00:00,14.0,9.0,21.0,0.0,1012.0,90.0,1.0,0.0,0.0
2024-06-25 23:00:00,14.0,9.0,21.0,0.0,1012.0,92.0,3.0,0.0,0.0
2024-06-26 00:00:00,12.0,7.0,21.0,0.0,1012.0,88.0,4.0,0.0,0.0
2024-06-26 01:00:00,10.0,6.0,21.0,0.0,1012.0,86.0,4.0,0.0,0.0
2024-06-26 02:00:00,9.0,6.0,20.0,0.0,1012.0,85.0,4.0,0.0,0.0
2024-06-26 03:00:00,8.0,5.0,20.0,0.0,1011.0,82.0,4.0,0.0,0.0
2024-06-26 04:00:00,9.0,6.0,21.0,0.0,1012.0,79.0,11.0,0.0,0.0
2024-06-26 05:00:00,10.0,6.0,21.0,0.0,1012.0,76.0,20.0,0.0,0.0
2024-06-26 06:00:00,12.0,8.0,19.0,0.3,1013.0,89.0,27.0,0.0,0.0
2024-06-26 07:00:00,12.0,7.0,22.0,0.1,1013.0,79.0,8.0,0.0,0.0
2024-06-26 08:00:00,12.0,7.0,21.0,0.0,1013.0,82.0,12.0,0.0,0.0
2024-06-26 09:00:00,10.0,6.0,23.0,0.0,1013.0,78.0,10.0,0.0,0.0
2024-06-26 10:00:00,10.0,6.0,23.0,0.0,1013.0,81.0,12.0,0.0,0.0
2024-06-26 11:00:00,10.0,5.0,24.0,0.0,1012.0,73.0,8.0,0.0,0.0
2024-06-26 12:00:00,10.0,6.0,25.0,0.0,1012.0,70.0,6.0,0.0,0.0
2024-06-26 13:00:00,7.0,5.0,25.0,0.0,1012.0,70.0,6.0,0.0,0.0
2024-06-26 14:00:00,8.0,4.0,24.0,0.0,1012.0,74.0,13.0,0.0,0.0
2024-06-26 15:00:00,8.0,3.0,23.0,0.0,1011.0,77.0,11.0,0.0,0.0
2024-06-26 16:00:00,9.0,4.0,24.0,0.0,1011.0,78.0,9.0,0.0,0.0
2024-06-26 17:00:00,8.0,5.0,24.0,0.0,1011.0,78.0,10.0,0.0,0.0
2024-06-26 18:00:00,10.0,6.0,23.0,0.0,1011.0,80.0,10.0,0.0,0.0
2024-06-26 19:00:00,10.0,6.0,22.0,0.0,1011.0,84.0,8.0,0.0,0.0
2024-06-26 20:00:00,11.0,7.0,21.0,0.0,1010.0,86.0,5.0,0.0,0.0
2024-06-26 21:00:00,11.0,6.0,20.0,0.0,1011.0,88.0,7.0,0.0,0.0
2024-06-26 22:00:00,12.0,6.0,20.0,0.0,1011.0,88.0,4.0,0.0,0.0
2024-06-26 23:00:00,12.0,7.0,20.0,0.0,1011.0,89.0,5.0,0.0,0.0
2024-06-27 00:00:00,11.0,7.0,20.0,0.0,1011.0,88.0,3.0,0.0,0.0
2024-06-27 01:00:00,12.0,7.0,19.0,0.0,1011.0,88.0,6.0,0.0,0.0
2024-06-27 02:00:00,12.0,7.0,19.0,0.0,1011.0,88.0,6.0,0.0,0.0
2024-06-27 03:00:00,12.0,7.0,19.0,0.0,1011.0,86.0,5.0,0.0,0.0
2024-06-27 04:00:00,12.0,7.0,19.0,0.0,1011.0,86.0,4.0,0.0,0.0
2024-06-27 05:00:00,13.0,7.0,20.0,0.0,1011.0,84.0,4.0,0.0,0.0
2024-06-27 06:00:00,12.0,7.0,21.0,0.0,1012.0,82.0,4.0,0.0,0.0
2024-06-27 07:00:00,13.0,8.0,26.0,0.0,1011.0,68.0,3.0,0.0,0.0
2024-06-27 08:00:00,14.0,8.0,27.0,0.0,1011.0,62.0,3.0,0.0,0.0
2024-06-27 09:00:00,15.0,9.0,27.0,0.0,1011.0,63.0,9.0,0.0,0.0
2024-06-27 10:00:00,15.0,10.0,27.0,0.0,1011.0,62.0,5.0,0.0,0.0
2024-06-27 11:00:00,16.0,10.0,27.0,0.0,1011.0,62.0,6.0,0.0,0.0
2024-06-27 12:00:00,15.0,10.0,26.0,0.0,1011.0,64.0,8.0,0.0,0.0
2024-06-27 13:00:00,16.0,10.0,26.0,0.0,1012.0,68.0,14.0,0.0,0.0
2024-06-27 14:00:00,14.0,8.0,26.0,0.0,1012.0,68.0,14.0,0.0,0.0
2024-06-27 15:00:00,14.0,8.0,25.0,0.0,1012.0,72.0,13.0,0.0,0.0
2024-06-27 16:00:00,13.0,7.0,25.0,0.0,1012.0,69.0,5.0,0.0,0.0
2024-06-27 17:00:00,11.0,7.0,25.0,0.0,1012.0,64.0,6.0,0.0,0.0
2024-06-27 18:00:00,10.0,6.0,25.0,0.0,1012.0,74.0,5.0,0.0,0.0
2024-06-27 19:00:00,12.0,7.0,24.0,0.0,1012.0,80.0,3.0,0.0,0.0
2024-06-27 20:00:00,14.0,7.0,23.0,0.0,1012.0,78.0,1.0,0.0,0.0
2024-06-27 21:00:00,16.0,8.0,23.0,0.0,1013.0,82.0,5.0,0.0,0.0
2024-06-27 22:00:00,16.0,7.0,22.0,0.0,1013.0,84.0,7.0,0.0,0.0
2024-06-27 23:00:00,17.0,8.0,22.0,0.0,1014.0,84.0,6.0,0.0,0.0
2024-06-28 00:00:00,17.0,9.0,22.0,0.0,1014.0,84.0,4.0,0.0,0.0
2024-06-28 01:00:00,16.0,9.0,21.0,0.0,1014.0,84.0,3.0,0.0,0.0
2024-06-28 02:00:00,15.0,8.0,21.0,0.0,1014.0,84.0,4.0,0.0,0.0
2024-06-28 03:00:00,13.0,8.0,21.0,0.0,1014.0,83.0,4.0,0.0,0.0
2024-06-28 04:00:00,14.0,8.0,21.0,0.0,1014.0,81.0,5.0,0.0,0.0
2024-06-28 05:00:00,13.0,9.0,22.0,0.0,1015.0,79.0,4.0,0.0,0.0
2024-06-28 06:00:00,13.0,9.0,23.0,0.0,1016.0,77.0,3.0,0.0,0.0
2024-06-28 07:00:00,14.0,9.0,27.0,0.0,1015.0,55.0,3.0,0.0,0.0
2024-06-28 08:00:00,16.0,10.0,28.0,0.0,1016.0,51.0,3.0,0.0,0.0
2024-06-28 09:00:00,17.0,10.0,29.0,0.0,1016.0,51.0,2.0,0.0,0.0
2024-06-28 10:00:00,18.0,11.0,29.0,0.0,1016.0,53.0,5.0,0.0,0.0
2024-06-28 11:00:00,18.0,10.0,27.0,0.0,1016.0,63.0,9.0,0.0,0.0
2024-06-28 12:00:00,16.0,9.0,27.0,0.0,1016.0,63.0,11.0,0.0,0.0
2024-06-28 13:00:00,15.0,8.0,27.0,0.0,1016.0,61.0,12.0,0.0,0.0
2024-06-28 14:00:00,15.0,8.0,28.0,0.0,1016.0,59.0,11.0,0.0,0.0
2024-06-28 15:00:00,16.0,10.0,27.0,0.0,1016.0,61.0,9.0,0.0,0.0
2024-06-28 16:00:00,15.0,9.0,27.0,0.0,1016.0,63.0,8.0,0.0,0.0
2024-06-28 17:00:00,13.0,9.0,26.0,0.0,1016.0,61.0,4.0,0.0,0.0
2024-06-28 18:00:00,15.0,9.0,26.0,0.0,1016.0,62.0,2.0,0.0,0.0
2024-06-28 19:00:00,13.0,7.0,25.0,0.0,1017.0,78.0,3.0,0.0,0.0
2024-06-28 20:00:00,16.0,8.0,24.0,0.0,1017.0,81.0,3.0,0.0,0.0
2024-06-28 21:00:00,13.0,8.0,23.0,0.0,1018.0,83.0,2.0,0.0,0.0
2024-06-28 22:00:00,14.0,9.0,23.0,0.0,1018.0,85.0,2.0,0.0,0.0
2024-06-28 23:00:00,12.0,8.0,24.0,0.0,1018.0,72.0,1.0,0.0,0.0
2024-06-29 00:00:00,15.0,10.0,23.0,0.0,1018.0,75.0,1.0,0.0,0.0
2024-06-29 01:00:00,16.0,11.0,23.0,0.0,1018.0,78.0,1.0,0.0,0.0
2024-06-29 02:00:00,17.0,12.0,23.0,0.0,1018.0,81.0,1.0,0.0,0.0
2024-06-29 03:00:00,17.0,12.0,23.0,0.0,1018.0,82.0,1.0,0.0,0.0
2024-06-29 04:00:00,17.0,13.0,22.0,0.0,1018.0,85.0,4.0,0.0,0.0
2024-06-29 05:00:00,17.0,13.0,23.0,0.0,1018.0,86.0,3.0,0.0,0.0
2024-06-29 06:00:00,16.0,13.0,24.0,0.0,1018.0,82.0,2.0,0.0,0.0
2024-06-29 07:00:00,17.0,13.0,29.0,0.0,1018.0,65.0,3.0,0.0,0.0
2024-06-29 08:00:00,17.0,12.0,30.0,0.0,1018.0,62.0,0.0,0.0,0.0
2024-06-29 09:00:00,20.0,13.0,30.0,0.0,1018.0,62.0,2.0,0.0,0.0
2024-06-29 10:00:00,21.0,14.0,30.0,0.0,1018.0,58.0,9.0,0.0,0.0
2024-06-29 11:00:00,22.0,16.0,30.0,0.0,1018.0,59.0,12.0,0.0,0.0
2024-06-29 12:00:00,21.0,16.0,30.0,0.0,1017.0,58.0,11.0,0.0,0.0
2024-06-29 13:00:00,23.0,17.0,30.0,0.0,1016.0,56.0,8.0,0.0,0.0
2024-06-29 14:00:00,19.0,15.0,30.0,0.0,1016.0,57.0,6.0,0.0,0.0
2024-06-29 15:00:00,15.0,12.0,29.0,0.0,1015.0,58.0,9.0,0.0,0.0
2024-06-29 16:00:00,17.0,13.0,28.0,0.0,1014.0,58.0,5.0,0.0,0.0
2024-06-29 17:00:00,18.0,13.0,29.0,0.0,1014.0,58.0,5.0,0.0,0.0
2024-06-29 18:00:00,17.0,12.0,28.0,0.0,1013.0,64.0,5.0,0.0,0.0
2024-06-29 19:00:00,15.0,10.0,26.0,0.0,1013.0,75.0,4.0,0.0,0.0
2024-06-29 20:00:00,12.0,8.0,25.0,0.0,1013.0,77.0,2.0,0.0,0.0
2024-06-29 21:00:00,16.0,11.0,25.0,0.0,1013.0,75.0,3.0,0.0,0.0
2024-06-29 22:00:00,18.0,11.0,25.0,0.0,1013.0,77.0,1.0,0.0,0.0
2024-06-29 23:00:00,17.0,11.0,24.0,0.0,1013.0,79.0,0.0,0.0,0.0
2024-06-30 00:00:00,16.0,11.0,24.0,0.0,1013.0,73.0,4.0,0.0,0.0
2024-06-30 01:00:00,15.0,11.0,24.0,0.0,1012.0,68.0,6.0,0.0,0.0
2024-06-30 02:00:00,16.0,13.0,24.0,0.0,1012.0,70.0,4.0,0.0,0.0
2024-06-30 03:00:00,17.0,12.0,24.0,0.0,1011.0,69.0,3.0,0.0,0.0
2024-06-30 04:00:00,16.0,12.0,26.0,0.0,1011.0,58.0,9.0,0.0,0.0
2024-06-30 05:00:00,17.0,13.0,26.0,0.0,1011.0,55.0,13.0,0.0,0.0
2024-06-30 06:00:00,16.0,13.0,27.0,0.0,1011.0,54.0,19.0,0.0,0.0
2024-06-30 07:00:00,13.0,10.0,29.0,0.0,1011.0,54.0,8.0,0.0,0.0
2024-06-30 08:00:00,13.0,10.0,30.0,0.0,1011.0,54.0,7.0,0.0,0.0
2024-06-30 09:00:00,16.0,10.0,32.0,0.0,1011.0,52.0,12.0,0.0,0.0
2024-06-30 10:00:00,16.0,9.0,32.0,0.0,1011.0,52.0,16.0,0.0,0.0
2024-06-30 11:00:00,14.0,8.0,31.0,0.0,1011.0,54.0,17.0,0.0,0.0
2024-06-30 12:00:00,16.0,9.0,30.0,0.0,1011.0,54.0,23.0,0.0,0.0
2024-06-30 13:00:00,15.0,8.0,30.0,0.0,1011.0,58.0,21.0,0.0,0.0
2024-06-30 14:00:00,14.0,8.0,30.0,0.0,1011.0,58.0,18.0,0.0,0.0
2024-06-30 15:00:00,15.0,8.0,29.0,0.0,1010.0,56.0,17.0,0.0,0.0
2024-06-30 16:00:00,15.0,8.0,29.0,0.0,1010.0,57.0,14.0,0.0,0.0
2024-06-30 17:00:00,15.0,7.0,28.0,0.0,1010.0,60.0,13.0,0.0,0.0
2024-06-30 18:00:00,25.0,9.0,26.0,0.0,1010.0,66.0,11.0,0.0,0.0
2024-06-30 19:00:00,28.0,9.0,25.0,0.0,1010.0,76.0,5.0,0.0,0.0
2024-06-30 20:00:00,25.0,9.0,24.0,0.0,1011.0,78.0,4.0,0.0,0.0
2024-06-30 21:00:00,22.0,9.0,24.0,0.0,1011.0,74.0,6.0,0.0,0.0
2024-06-30 22:00:00,20.0,9.0,23.0,0.0,1011.0,75.0,6.0,0.0,0.0
2024-06-30 23:00:00,20.0,9.0,23.0,0.0,1011.0,74.0,6.0,0.0,0.0
2024-07-01 00:00:00,20.0,9.0,23.0,0.0,1011.0,73.0,6.0,0.0,0.0
2024-07-01 01:00:00,18.0,9.0,22.0,0.0,1011.0,73.0,5.0,0.0,0.0
2024-07-01 02:00:00,18.0,8.0,22.0,0.0,1011.0,73.0,5.0,0.0,0.0
2024-07-01 03:00:00,18.0,8.0,22.0,0.0,1011.0,74.0,3.0,0.0,0.0
2024-07-01 04:00:00,17.0,9.0,22.0,0.0,1011.0,77.0,3.0,0.0,0.0
2024-07-01 05:00:00,17.0,8.0,23.0,0.0,1011.0,78.0,3.0,0.0,0.0
2024-07-01 06:00:00,16.0,8.0,23.0,0.0,1011.0,77.0,4.0,0.0,0.0
2024-07-01 07:00:00,17.0,8.0,29.0,0.0,1011.0,66.0,3.0,0.0,0.0
2024-07-01 08:00:00,15.0,8.0,30.0,0.0,1011.0,60.0,3.0,0.0,0.0
2024-07-01 09:00:00,17.0,8.0,32.0,0.0,1011.0,57.0,9.0,0.0,0.0
2024-07-01 10:00:00,16.0,7.0,31.0,0.0,1011.0,55.0,14.0,0.0,0.0
2024-07-01 11:00:00,15.0,7.0,30.0,0.0,1010.0,54.0,17.0,0.0,0.0
2024-07-01 12:00:00,16.0,8.0,29.0,0.0,1010.0,56.0,19.0,0.0,0.0
2024-07-01 13:00:00,20.0,10.0,29.0,0.0,1010.0,52.0,18.0,0.0,0.0
2024-07-01 14:00:00,18.0,9.0,29.0,0.0,1009.0,52.0,14.0,0.0,0.0
2024-07-01 15:00:00,15.0,8.0,29.0,0.0,1008.0,50.0,12.0,0.0,0.0
2024-07-01 16:00:00,14.0,6.0,28.0,0.0,1008.0,51.0,3.0,0.0,0.0
2024-07-01 17:00:00,13.0,7.0,28.0,0.0,1008.0,50.0,1.0,0.0,0.0
2024-07-01 18:00:00,14.0,7.0,27.0,0.0,1008.0,59.0,5.0,0.0,0.0
2024-07-01 19:00:00,15.0,6.0,25.0,0.0,1008.0,61.0,16.0,0.0,0.0
2024-07-01 20:00:00,9.0,3.0,24.0,0.2,1009.0,69.0,29.0,0.0,0.0
2024-07-01 21:00:00,9.0,4.0,20.0,4.7,1011.0,85.0,27.0,0.0,0.0
2024-07-01 22:00:00,8.0,4.0,19.0,9.3,1011.0,86.0,26.0,0.0,0.0
2024-07-01 23:00:00,5.0,2.0,18.0,5.3,1011.0,90.0,20.0,0.0,0.0
2024-07-02 00:00:00,3.0,2.0,18.0,0.1,1010.0,89.0,12.0,0.0,0.0
2024-07-02 01:00:00,2.0,2.0,19.0,0.0,1009.0,85.0,12.0,0.0,0.0
2024-07-02 02:00:00,2.0,2.0,19.0,0.0,1009.0,81.0,13.0,0.0,0.0
2024-07-02 03:00:00,2.0,2.0,19.0,0.0,1009.0,78.0,13.0,0.0,0.0
2024-07-02 04:00:00,2.0,2.0,19.0,0.0,1010.0,74.0,12.0,0.0,0.0
2024-07-02 05:00:00,2.0,2.0,20.0,0.0,1010.0,72.0,11.0,0.0,0.0
2024-07-02 06:00:00,2.0,2.0,20.0,0.0,1010.0,74.0,13.0,0.0,0.0
2024-07-02 07:00:00,3.0,2.0,25.0,0.0,1010.0,51.0,8.0,0.0,0.0
2024-07-02 08:00:00,3.0,2.0,27.0,0.0,1010.0,50.0,8.0,0.0,0.0
2024-07-02 09:00:00,5.0,2.0,28.0,0.0,1010.0,46.0,11.0,0.0,0.0
2024-07-02 10:00:00,5.0,2.0,28.0,0.0,1010.0,42.0,12.0,0.0,0.0
2024-07-02 11:00:00,6.0,2.0,29.0,0.0,1010.0,42.0,13.0,0.0,0.0
2024-07-02 12:00:00,4.0,2.0,28.0,0.0,1009.0,42.0,14.0,0.0,0.0
2024-07-02 13:00:00,3.0,2.0,28.0,0.0,1009.0,44.0,14.0,0.0,0.0
2024-07-02 14:00:00,4.0,2.0,28.0,0.0,1009.0,44.0,14.0,0.0,0.0
2024-07-02 15:00:00,4.0,2.0,27.0,0.0,1008.0,45.0,12.0,0.0,0.0
2024-07-02 16:00:00,3.0,2.0,27.0,0.0,1008.0,46.0,12.0,0.0,0.0
2024-07-02 17:00:00,4.0,2.0,26.0,0.0,1008.0,49.0,10.0,0.0,0.0
2024-07-02 18:00:00,5.0,2.0,25.0,0.0,1009.0,52.0,10.0,0.0,0.0
2024-07-02 19:00:00,4.0,2.0,24.0,0.0,1009.0,57.0,10.0,0.0,0.0
2024-07-02 20:00:00,4.0,2.0,24.0,0.0,1009.0,52.0,10.0,0.0,0.0
2024-07-02 21:00:00,7.0,4.0,23.0,0.0,1010.0,53.0,10.0,0.0,0.0
2024-07-02 22:00:00,6.0,4.0,23.0,0.0,1010.0,53.0,10.0,0.0,0.0
2024-07-02 23:00:00,7.0,4.0,22.0,0.0,1009.0,49.0,8.0,0.0,0.0
2024-07-03 00:00:00,6.0,4.0,22.0,0.0,1009.0,50.0,7.0,0.0,0.0
2024-07-03 01:00:00,6.0,4.0,22.0,0.0,1008.0,51.0,6.0,0.0,0.0
2024-07-03 02:00:00,7.0,5.0,22.0,0.0,1008.0,51.0,9.0,0.0,0.0
2024-07-03 03:00:00,6.0,4.0,21.0,0.0,1008.0,53.0,10.0,0.0,0.0
2024-07-03 04:00:00,6.0,3.0,21.0,0.0,1009.0,56.0,13.0,0.0,0.0
2024-07-03 05:00:00,6.0,4.0,21.0,0.0,1009.0,60.0,18.0,0.0,0.0
2024-07-03 06:00:00,7.0,4.0,21.0,0.0,1009.0,64.0,15.0,0.0,0.0
2024-07-03 07:00:00,8.0,5.0,22.0,0.0,1010.0,53.0,3.0,0.0,0.0
2024-07-03 08:00:00,8.0,4.0,22.0,0.2,1010.0,54.0,4.0,0.0,0.0
2024-07-03 09:00:00,23.0,6.0,23.0,0.7,1009.0,51.0,5.0,0.0,0.0
2024-07-03 10:00:00,12.0,5.0,24.0,0.5,1009.0,48.0,5.0,0.0,0.0
2024-07-03 11:00:00,11.0,5.0,25.0,0.2,1008.0,47.0,5.0,0.0,0.0
2024-07-03 12:00:00,9.0,5.0,25.0,0.0,1008.0,50.0,12.0,0.0,0.0
2024-07-03 13:00:00,9.0,5.0,25.0,0.0,1008.0,50.0,13.0,0.0,0.0
2024-07-03 14:00:00,10.0,5.0,25.0,0.0,1007.0,51.0,13.0,0.0,0.0
2024-07-03 15:00:00,11.0,6.0,25.0,0.0,1007.0,48.0,9.0,0.0,0.0
2024-07-03 16:00:00,9.0,5.0,25.0,0.0,1006.0,51.0,9.0,0.0,0.0
2024-07-03 17:00:00,8.0,5.0,24.0,0.0,1006.0,54.0,8.0,0.0,0.0
2024-07-03 18:00:00,9.0,5.0,24.0,0.0,1006.0,54.0,9.0,0.0,0.0
2024-07-03 19:00:00,9.0,5.0,24.0,0.0,1007.0,57.0,10.0,0.0,0.0
2024-07-03 20:00:00,10.0,6.0,22.0,0.0,1008.0,77.0,23.0,0.0,0.0
2024-07-03 21:00:00,10.0,6.0,19.0,2.1,1008.0,92.0,16.0,0.0,0.0
2024-07-03 22:00:00,10.0,5.0,19.0,3.5,1009.0,93.0,8.0,0.0,0.0
2024-07-03 23:00:00,8.0,4.0,19.0,3.1,1009.0,93.0,5.0,0.0,0.0
2024-07-04 00:00:00,7.0,4.0,18.0,4.3,1009.0,94.0,3.0,0.0,0.0
2024-07-04 01:00:00,6.0,4.0,18.0,0.5,1008.0,93.0,1.0,0.0,0.0
2024-07-04 02:00:00,4.0,2.0,18.0,0.1,1008.0,91.0,1.0,0.0,0.0
2024-07-04 03:00:00,5.0,3.0,18.0,0.0,1008.0,92.0,3.0,0.0,0.0
2024-07-04 04:00:00,6.0,4.0,18.0,0.0,1008.0,90.0,4.0,0.0,0.0
2024-07-04 05:00:00,5.0,4.0,19.0,0.0,1009.0,88.0,5.0,0.0,0.0
2024-07-04 06:00:00,5.0,4.0,20.0,0.0,1009.0,80.0,8.0,0.0,0.0
2024-07-04 07:00:00,6.0,4.0,21.0,0.0,1010.0,67.0,6.0,0.0,0.0
2024-07-04 08:00:00,7.0,5.0,23.0,0.0,1010.0,64.0,6.0,0.0,0.0
2024-07-04 09:00:00,9.0,5.0,24.0,0.0,1011.0,62.0,6.0,0.0,0.0
2024-07-04 10:00:00,8.0,3.0,25.0,0.0,1011.0,60.0,8.0,0.0,0.0
2024-07-04 11:00:00,5.0,3.0,26.0,0.0,1011.0,57.0,8.0,0.0,0.0
2024-07-04 12:00:00,7.0,4.0,26.0,0.0,1011.0,54.0,7.0,0.0,0.0
2024-07-04 13:00:00,7.0,4.0,26.0,0.0,1011.0,49.0,4.0,0.0,0.0
2024-07-04 14:00:00,5.0,4.0,25.0,0.0,1011.0,65.0,10.0,0.0,0.0
2024-07-04 15:00:00,5.0,4.0,25.0,0.0,1011.0,55.0,1.0,0.0,0.0
2024-07-04 16:00:00,6.0,4.0,25.0,0.0,1011.0,56.0,7.0,0.0,0.0
2024-07-04 17:00:00,6.0,4.0,24.0,0.0,1011.0,56.0,8.0,0.0,0.0
2024-07-04 18:00:00,6.0,4.0,24.0,0.0,1012.0,74.0,4.0,0.0,0.0
2024-07-04 19:00:00,7.0,4.0,24.0,0.0,1012.0,62.0,3.0,0.0,0.0
2024-07-04 20:00:00,6.0,4.0,23.0,0.0,1012.0,62.0,1.0,0.0,0.0
2024-07-04 21:00:00,6.0,4.0,22.0,0.0,1013.0,69.0,5.0,0.0,0.0
2024-07-04 22:00:00,7.0,5.0,21.0,0.0,1014.0,74.0,9.0,0.0,0.0
2024-07-04 23:00:00,9.0,6.0,20.0,0.0,1014.0,74.0,8.0,0.0,0.0
2024-07-05 00:00:00,8.0,6.0,20.0,0.0,1014.0,73.0,7.0,0.0,0.0
2024-07-05 01:00:00,7.0,5.0,20.0,0.0,1014.0,72.0,7.0,0.0,0.0
2024-07-05 02:00:00,7.0,5.0,20.0,0.0,1014.0,72.0,7.0,0.0,0.0
2024-07-05 03:00:00,5.0,4.0,19.0,0.0,1014.0,74.0,8.0,0.0,0.0
2024-07-05 04:00:00,5.0,4.0,19.0,0.0,1014.0,76.0,7.0,0.0,0.0
2024-07-05 05:00:00,6.0,4.0,20.0,0.0,1015.0,77.0,6.0,0.0,0.0
2024-07-05 06:00:00,6.0,4.0,21.0,0.0,1015.0,75.0,3.0,0.0,0.0
2024-07-05 07:00:00,7.0,5.0,25.0,0.0,1015.0,52.0,4.0,0.0,0.0
2024-07-05 08:00:00,9.0,6.0,26.0,0.0,1015.0,50.0,1.0,0.0,0.0
2024-07-05 09:00:00,10.0,5.0,27.0,0.0,1016.0,48.0,6.0,0.0,0.0
2024-07-05 10:00:00,8.0,5.0,27.0,0.0,1016.0,49.0,10.0,0.0,0.0
2024-07-05 11:00:00,6.0,4.0,27.0,0.0,1016.0,52.0,13.0,0.0,0.0
2024-07-05 12:00:00,5.0,4.0,28.0,0.0,1015.0,52.0,14.0,0.0,0.0
2024-07-05 13:00:00,6.0,4.0,28.0,0.0,1015.0,52.0,14.0,0.0,0.0
2024-07-05 14:00:00,7.0,4.0,28.0,0.0,1015.0,51.0,13.0,0.0,0.0
2024-07-05 15:00:00,6.0,4.0,27.0,0.0,1014.0,51.0,12.0,0.0,0.0
2024-07-05 16:00:00,5.0,4.0,27.0,0.0,1014.0,49.0,10.0,0.0,0.0
2024-07-05 17:00:00,5.0,4.0,27.0,0.0,1014.0,49.0,7.0,0.0,0.0
2024-07-05 18:00:00,4.0,3.0,26.0,0.0,1014.0,52.0,4.0,0.0,0.0
2024-07-05 19:00:00,4.0,3.0,25.0,0.0,1014.0,61.0,5.0,0.0,0.0
2024-07-05 20:00:00,3.0,2.0,24.0,0.0,1014.0,62.0,3.0,0.0,0.0
2024-07-05 21:00:00,5.0,2.0,23.0,0.0,1014.0,64.0,4.0,0.0,0.0
2024-07-05 22:00:00,7.0,3.0,23.0,0.0,1014.0,66.0,4.0,0.0,0.0
2024-07-05 23:00:00,8.0,4.0,22.0,0.0,1014.0,65.0,4.0,0.0,0.0
2024-07-06 00:00:00,8.0,5.0,22.0,0.0,1014.0,64.0,4.0,0.0,0.0
2024-07-06 01:00:00,5.0,3.0,22.0,0.0,1014.0,61.0,8.0,0.0,0.0
2024-07-06 02:00:00,5.0,4.0,22.0,0.0,1013.0,63.0,4.0,0.0,0.0
2024-07-06 03:00:00,5.0,3.0,21.0,0.0,1013.0,63.0,6.0,0.0,0.0
2024-07-06 04:00:00,5.0,3.0,21.0,0.0,1013.0,65.0,5.0,0.0,0.0
2024-07-06 05:00:00,5.0,3.0,22.0,0.0,1013.0,64.0,5.0,0.0,0.0
2024-07-06 06:00:00,4.0,3.0,23.0,0.0,1013.0,57.0,4.0,0.0,0.0
2024-07-06 07:00:00,5.0,3.0,26.0,0.0,1013.0,50.0,4.0,0.0,0.0
2024-07-06 08:00:00,7.0,4.0,28.0,0.0,1013.0,44.0,1.0,0.0,0.0
2024-07-06 09:00:00,7.0,4.0,29.0,0.0,1013.0,46.0,7.0,0.0,0.0
2024-07-06 10:00:00,8.0,3.0,28.0,0.0,1013.0,50.0,10.0,0.0,0.0
2024-07-06 11:00:00,8.0,4.0,28.0,0.0,1012.0,55.0,15.0,0.0,0.0
2024-07-06 12:00:00,6.0,4.0,29.0,0.0,1012.0,54.0,11.0,0.0,0.0
2024-07-06 13:00:00,5.0,4.0,31.0,0.0,1011.0,48.0,10.0,0.0,0.0
2024-07-06 14:00:00,5.0,3.0,32.0,0.0,1011.0,41.0,20.0,0.0,0.0
2024-07-06 15:00:00,6.0,3.0,31.0,0.0,1010.0,44.0,16.0,0.0,0.0
2024-07-06 16:00:00,5.0,3.0,31.0,0.0,1010.0,44.0,17.0,0.0,0.0
2024-07-06 17:00:00,7.0,4.0,30.0,0.0,1010.0,42.0,16.0,0.0,0.0
2024-07-06 18:00:00,9.0,5.0,28.0,0.0,1010.0,43.0,16.0,0.0,0.0
2024-07-06 19:00:00,10.0,5.0,27.0,0.0,1010.0,47.0,14.0,0.0,0.0
2024-07-06 20:00:00,11.0,5.0,26.0,0.0,1011.0,50.0,16.0,0.0,0.0
2024-07-06 21:00:00,10.0,5.0,26.0,0.0,1011.0,52.0,15.0,0.0,0.0
2024-07-06 22:00:00,10.0,5.0,25.0,0.0,1011.0,55.0,15.0,0.0,0.0
2024-07-06 23:00:00,8.0,5.0,25.0,0.0,1011.0,58.0,13.0,0.0,0.0
2024-07-07 00:00:00,7.0,4.0,25.0,0.0,1012.0,59.0,8.0,0.0,0.0
2024-07-07 01:00:00,5.0,3.0,25.0,0.0,1012.0,62.0,6.0,0.0,0.0
2024-07-07 02:00:00,5.0,3.0,25.0,0.0,1012.0,65.0,9.0,0.0,0.0
2024-07-07 03:00:00,6.0,4.0,25.0,0.0,1012.0,66.0,10.0,0.0,0.0
2024-07-07 04:00:00,6.0,4.0,25.0,0.0,1012.0,66.0,10.0,0.0,0.0
2024-07-07 05:00:00,7.0,5.0,25.0,0.0,1012.0,67.0,8.0,0.0,0.0
2024-07-07 06:00:00,9.0,6.0,25.0,0.0,1013.0,66.0,6.0,0.0,0.0
2024-07-07 07:00:00,10.0,7.0,28.0,0.0,1012.0,61.0,15.0,0.0,0.0
2024-07-07 08:00:00,12.0,8.0,29.0,0.0,1012.0,58.0,14.0,0.0,0.0
2024-07-07 09:00:00,13.0,9.0,30.0,0.0,1012.0,57.0,10.0,0.0,0.0
2024-07-07 10:00:00,13.0,9.0,31.0,0.0,1012.0,52.0,7.0,0.0,0.0
2024-07-07 11:00:00,14.0,9.0,31.0,0.0,1012.0,52.0,16.0,0.0,0.0
2024-07-07 12:00:00,14.0,10.0,31.0,0.0,1012.0,43.0,17.0,0.0,0.0
2024-07-07 13:00:00,20.0,13.0,30.0,0.0,1012.0,44.0,16.0,0.0,0.0
2024-07-07 14:00:00,20.0,13.0,29.0,0.0,1013.0,53.0,21.0,0.0,0.0
2024-07-07 15:00:00,20.0,13.0,28.0,0.0,1013.0,60.0,16.0,0.0,0.0
2024-07-07 16:00:00,17.0,12.0,27.0,0.0,1013.0,66.0,8.0,0.0,0.0
2024-07-07 17:00:00,19.0,12.0,27.0,0.0,1012.0,63.0,12.0,0.0,0.0
2024-07-07 18:00:00,19.0,12.0,26.0,0.0,1012.0,63.0,8.0,0.0,0.0
2024-07-07 19:00:00,18.0,12.0,25.0,0.0,1012.0,78.0,2.0,0.0,0.0
2024-07-07 20:00:00,21.0,13.0,25.0,0.0,1012.0,74.0,3.0,0.0,0.0
2024-07-07 21:00:00,20.0,13.0,24.0,0.0,1012.0,76.0,3.0,0.0,0.0
2024-07-07 22:00:00,20.0,13.0,24.0,0.0,1013.0,78.0,3.0,0.0,0.0
2024-07-07 23:00:00,25.0,14.0,24.0,0.0,1013.0,76.0,3.0,0.0,0.0
2024-07-08 00:00:00,19.0,14.0,24.0,0.0,1014.0,77.0,0.0,0.0,0.0
2024-07-08 01:00:00,18.0,13.0,24.0,0.0,1014.0,77.0,2.0,0.0,0.0
2024-07-08 02:00:00,17.0,13.0,24.0,0.0,1013.0,77.0,3.0,0.0,0.0
2024-07-08 03:00:00,17.0,13.0,23.0,0.0,1013.0,77.0,1.0,0.0,0.0
2024-07-08 04:00:00,17.0,13.0,23.0,0.0,1013.0,74.0,3.0,0.0,0.0
2024-07-08 05:00:00,17.0,13.0,23.0,0.0,1013.0,73.0,3.0,0.0,0.0
2024-07-08 06:00:00,18.0,14.0,24.0,0.0,1014.0,72.0,2.0,0.0,0.0
2024-07-08 07:00:00,18.0,13.0,27.0,0.0,1015.0,58.0,4.0,0.0,0.0
2024-07-08 08:00:00,23.0,14.0,28.0,0.0,1015.0,56.0,1.0,0.0,0.0
2024-07-08 09:00:00,25.0,14.0,29.0,0.0,1015.0,56.0,5.0,0.0,0.0
2024-07-08 10:00:00,24.0,15.0,29.0,0.0,1015.0,59.0,8.0,0.0,0.0
2024-07-08 11:00:00,20.0,15.0,29.0,0.0,1015.0,57.0,10.0,0.0,0.0
2024-07-08 12:00:00,20.0,14.0,29.0,0.0,1015.0,54.0,12.0,0.0,0.0
2024-07-08 13:00:00,19.0,14.0,29.0,0.0,1015.0,56.0,12.0,0.0,0.0
2024-07-08 14:00:00,20.0,15.0,29.0,0.0,1015.0,57.0,12.0,0.0,0.0
2024-07-08 15:00:00,18.0,13.0,29.0,0.0,1014.0,56.0,9.0,0.0,0.0
2024-07-08 16:00:00,21.0,14.0,29.0,0.0,1014.0,55.0,7.0,0.0,0.0
2024-07-08 17:00:00,19.0,11.0,28.0,0.0,1014.0,56.0,4.0,0.0,0.0
2024-07-08 18:00:00,20.0,13.0,27.0,0.0,1014.0,59.0,2.0,0.0,0.0
2024-07-08 19:00:00,23.0,14.0,26.0,0.0,1015.0,73.0,1.0,0.0,0.0
2024-07-08 20:00:00,23.0,14.0,26.0,0.0,1015.0,73.0,0.0,0.0,0.0
2024-07-08 21:00:00,21.0,12.0,25.0,0.0,1016.0,75.0,0.0,0.0,0.0
2024-07-08 22:00:00,19.0,12.0,25.0,0.0,1016.0,76.0,1.0,0.0,0.0
2024-07-08 23:00:00,20.0,13.0,24.0,0.0,1016.0,74.0,2.0,0.0,0.0
2024-07-09 00:00:00,23.0,15.0,24.0,0.0,1016.0,74.0,2.0,0.0,0.0
2024-07-09 01:00:00,24.0,16.0,24.0,0.0,1016.0,76.0,3.0,0.0,0.0
2024-07-09 02:00:00,24.0,16.0,24.0,0.0,1016.0,79.0,3.0,0.0,0.0
2024-07-09 03:00:00,25.0,15.0,24.0,0.0,1015.0,80.0,3.0,0.0,0.0
2024-07-09 04:00:00,23.0,16.0,24.0,0.0,1015.0,80.0,4.0,0.0,0.0
2024-07-09 05:00:00,26.0,18.0,25.0,0.0,1016.0,79.0,4.0,0.0,0.0
2024-07-09 06:00:00,27.0,20.0,26.0,0.0,1016.0,75.0,4.0,0.0,0.0
2024-07-09 07:00:00,31.0,21.0,31.0,0.0,1015.0,59.0,7.0,0.0,0.0
2024-07-09 08:00:00,32.0,23.0,33.0,0.0,1015.0,54.0,8.0,0.0,0.0
2024-07-09 09:00:00,41.0,23.0,34.0,0.0,1015.0,50.0,4.0,0.0,0.0
2024-07-09 10:00:00,57.0,24.0,34.0,0.0,1015.0,49.0,6.0,0.0,0.0
2024-07-09 11:00:00,34.0,19.0,33.0,0.0,1015.0,52.0,1.0,0.0,0.0
2024-07-09 12:00:00,32.0,18.0,32.0,0.0,1015.0,54.0,8.0,0.0,0.0
2024-07-09 13:00:00,28.0,17.0,32.0,0.0,1015.0,57.0,10.0,0.0,0.0
2024-07-09 14:00:00,27.0,17.0,32.0,0.0,1014.0,57.0,6.0,0.0,0.0
2024-07-09 15:00:00,29.0,17.0,32.0,0.0,1014.0,56.0,4.0,0.0,0.0
2024-07-09 16:00:00,28.0,17.0,31.0,0.0,1013.0,61.0,5.0,0.0,0.0
2024-07-09 17:00:00,29.0,20.0,29.0,0.0,1014.0,67.0,7.0,0.0,0.0
2024-07-09 18:00:00,29.0,18.0,29.0,0.0,1014.0,69.0,2.0,0.0,0.0
2024-07-09 19:00:00,30.0,20.0,27.0,0.0,1014.0,78.0,2.0,0.0,0.0
2024-07-09 20:00:00,29.0,19.0,27.0,0.0,1014.0,77.0,3.0,0.0,0.0
2024-07-09 21:00:00,31.0,20.0,26.0,0.0,1014.0,78.0,4.0,0.0,0.0
2024-07-09 22:00:00,34.0,22.0,26.0,0.0,1015.0,78.0,4.0,0.0,0.0
2024-07-09 23:00:00,34.0,23.0,26.0,0.0,1015.0,76.0,5.0,0.0,0.0
2024-07-10 00:00:00,33.0,23.0,25.0,0.0,1015.0,76.0,4.0,0.0,0.0
2024-07-10 01:00:00,30.0,21.0,25.0,0.0,1015.0,76.0,4.0,0.0,0.0
2024-07-10 02:00:00,26.0,18.0,25.0,0.0,1014.0,76.0,4.0,0.0,0.0
2024-07-10 03:00:00,27.0,19.0,25.0,0.0,1014.0,77.0,3.0,0.0,0.0
2024-07-10 04:00:00,28.0,19.0,25.0,0.0,1014.0,77.0,4.0,0.0,0.0
2024-07-10 05:00:00,28.0,19.0,26.0,0.0,1015.0,80.0,3.0,0.0,0.0
2024-07-10 06:00:00,29.0,20.0,26.0,0.0,1015.0,80.0,2.0,0.0,0.0
2024-07-10 07:00:00,29.0,20.0,31.0,0.0,1014.0,59.0,3.0,0.0,0.0
2024-07-10 08:00:00,27.0,19.0,32.0,0.0,1014.0,56.0,1.0,0.0,0.0
2024-07-10 09:00:00,30.0,20.0,33.0,0.0,1014.0,54.0,1.0,0.0,0.0
2024-07-10 10:00:00,45.0,22.0,33.0,0.0,1014.0,54.0,5.0,0.0,0.0
2024-07-10 11:00:00,35.0,21.0,33.0,0.0,1014.0,54.0,12.0,0.0,0.0
2024-07-10 12:00:00,31.0,21.0,33.0,0.0,1014.0,51.0,11.0,0.0,0.0
2024-07-10 13:00:00,32.0,21.0,32.0,0.0,1014.0,53.0,13.0,0.0,0.0
2024-07-10 14:00:00,33.0,22.0,32.0,0.0,1013.0,54.0,12.0,0.0,0.0
2024-07-10 15:00:00,32.0,22.0,32.0,0.0,1013.0,58.0,10.0,0.0,0.0
2024-07-10 16:00:00,34.0,22.0,31.0,0.0,1013.0,60.0,8.0,0.0,0.0
2024-07-10 17:00:00,36.0,23.0,31.0,0.0,1013.0,62.0,5.0,0.0,0.0
2024-07-10 18:00:00,31.0,22.0,30.0,0.0,1013.0,69.0,1.0,0.0,0.0
2024-07-10 19:00:00,32.0,22.0,28.0,0.0,1013.0,80.0,3.0,0.0,0.0
2024-07-10 20:00:00,34.0,23.0,28.0,0.0,1013.0,81.0,1.0,0.0,0.0
2024-07-10 21:00:00,42.0,24.0,27.0,0.0,1014.0,80.0,2.0,0.0,0.0
2024-07-10 22:00:00,36.0,23.0,27.0,0.0,1014.0,77.0,3.0,0.0,0.0
2024-07-10 23:00:00,37.0,25.0,27.0,0.0,1014.0,71.0,2.0,0.0,0.0
2024-07-11 00:00:00,39.0,28.0,26.0,0.0,1014.0,72.0,1.0,0.0,0.0
2024-07-11 01:00:00,36.0,27.0,26.0,0.0,1014.0,75.0,0.0,0.0,0.0
2024-07-11 02:00:00,37.0,27.0,26.0,0.0,1014.0,76.0,4.0,0.0,0.0
2024-07-11 03:00:00,33.0,26.0,26.0,0.0,1014.0,73.0,4.0,0.0,0.0
2024-07-11 04:00:00,33.0,25.0,26.0,0.0,1014.0,74.0,4.0,0.0,0.0
2024-07-11 05:00:00,34.0,24.0,26.0,0.0,1014.0,74.0,3.0,0.0,0.0
2024-07-11 06:00:00,36.0,26.0,27.0,0.0,1014.0,74.0,3.0,0.0,0.0
2024-07-11 07:00:00,36.0,26.0,30.0,0.0,1014.0,58.0,2.0,0.0,0.0
2024-07-11 08:00:00,39.0,27.0,32.0,0.0,1014.0,55.0,2.0,0.0,0.0
2024-07-11 09:00:00,45.0,26.0,32.0,0.0,1014.0,53.0,1.0,0.0,0.0
2024-07-11 10:00:00,40.0,27.0,32.0,0.0,1014.0,56.0,9.0,0.0,0.0
2024-07-11 11:00:00,39.0,27.0,32.0,0.0,1014.0,56.0,11.0,0.0,0.0
2024-07-11 12:00:00,38.0,27.0,32.0,0.0,1014.0,56.0,13.0,0.0,0.0
2024-07-11 13:00:00,39.0,28.0,32.0,0.0,1013.0,54.0,11.0,0.0,0.0
2024-07-11 14:00:00,38.0,28.0,32.0,0.0,1013.0,52.0,9.0,0.0,0.0
2024-07-11 15:00:00,36.0,25.0,32.0,0.0,1013.0,54.0,6.0,0.0,0.0
2024-07-11 16:00:00,36.0,23.0,31.0,0.0,1013.0,57.0,5.0,0.0,0.0
2024-07-11 17:00:00,39.0,25.0,31.0,0.0,1012.0,58.0,4.0,0.0,0.0
2024-07-11 18:00:00,37.0,25.0,30.0,0.0,1013.0,66.0,2.0,0.0,0.0
2024-07-11 19:00:00,35.0,22.0,28.0,0.0,1013.0,76.0,3.0,0.0,0.0
2024-07-11 20:00:00,30.0,19.0,28.0,0.0,1013.0,75.0,3.0,0.0,0.0
2024-07-11 21:00:00,30.0,19.0,27.0,0.0,1013.0,73.0,4.0,0.0,0.0
2024-07-11 22:00:00,31.0,20.0,27.0,0.0,1013.0,60.0,5.0,0.0,0.0
2024-07-11 23:00:00,32.0,20.0,27.0,0.0,1013.0,58.0,3.0,0.0,0.0
2024-07-12 00:00:00,31.0,21.0,27.0,0.0,1013.0,60.0,1.0,0.0,0.0
2024-07-12 01:00:00,30.0,21.0,27.0,0.0,1013.0,66.0,1.0,0.0,0.0
2024-07-12 02:00:00,30.0,22.0,26.0,0.0,1013.0,70.0,3.0,0.0,0.0
2024-07-12 03:00:00,29.0,22.0,26.0,0.0,1012.0,67.0,3.0,0.0,0.0
2024-07-12 04:00:00,32.0,22.0,26.0,0.0,1012.0,73.0,3.0,0.0,0.0
2024-07-12 05:00:00,32.0,23.0,26.0,0.0,1012.0,75.0,4.0,0.0,0.0
2024-07-12 06:00:00,32.0,24.0,27.0,0.0,1012.0,75.0,7.0,0.0,0.0
2024-07-12 07:00:00,33.0,24.0,30.0,0.0,1011.0,64.0,7.0,0.0,0.0
2024-07-12 08:00:00,39.0,26.0,31.0,0.0,1011.0,60.0,3.0,0.0,0.0
2024-07-12 09:00:00,46.0,26.0,33.0,0.0,1011.0,57.0,3.0,0.0,0.0
2024-07-12 10:00:00,42.0,26.0,32.0,0.0,1011.0,64.0,4.0,0.0,0.0
2024-07-12 11:00:00,42.0,27.0,32.0,0.0,1010.0,61.0,10.0,0.0,0.0
2024-07-12 12:00:00,39.0,27.0,33.0,0.0,1010.0,53.0,15.0,0.0,0.0
2024-07-12 13:00:00,31.0,22.0,34.0,0.0,1010.0,48.0,17.0,0.0,0.0
2024-07-12 14:00:00,27.0,18.0,33.0,0.0,1009.0,47.0,17.0,0.0,0.0
2024-07-12 15:00:00,27.0,15.0,33.0,0.0,1009.0,47.0,15.0,0.0,0.0
2024-07-12 16:00:00,28.0,16.0,33.0,0.0,1008.0,44.0,14.0,0.0,0.0
2024-07-12 17:00:00,44.0,17.0,32.0,0.0,1008.0,51.0,12.0,0.0,0.0
2024-07-12 18:00:00,24.0,6.0,31.0,0.0,1008.0,69.0,7.0,0.0,0.0
2024-07-12 19:00:00,18.0,7.0,30.0,0.0,1008.0,66.0,3.0,0.0,0.0
2024-07-12 20:00:00,20.0,9.0,29.0,0.0,1008.0,68.0,3.0,0.0,0.0
2024-07-12 21:00:00,27.0,10.0,29.0,0.0,1008.0,59.0,5.0,0.0,0.0
2024-07-12 22:00:00,24.0,10.0,29.0,0.0,1008.0,47.0,6.0,0.0,0.0
2024-07-12 23:00:00,29.0,11.0,29.0,0.0,1008.0,46.0,3.0,0.0,0.0
2024-07-13 00:00:00,26.0,14.0,29.0,0.0,1008.0,49.0,5.0,0.0,0.0
2024-07-13 01:00:00,25.0,14.0,28.0,0.0,1008.0,55.0,7.0,0.0,0.0
2024-07-13 02:00:00,26.0,15.0,28.0,0.0,1008.0,61.0,4.0,0.0,0.0
2024-07-13 03:00:00,27.0,15.0,27.0,0.0,1008.0,60.0,5.0,0.0,0.0
2024-07-13 04:00:00,25.0,15.0,27.0,0.0,1008.0,62.0,8.0,0.0,0.0
2024-07-13 05:00:00,23.0,15.0,27.0,0.0,1009.0,66.0,8.0,0.0,0.0
2024-07-13 06:00:00,22.0,14.0,28.0,0.0,1009.0,68.0,9.0,0.0,0.0
2024-07-13 07:00:00,24.0,14.0,30.0,0.0,1009.0,58.0,4.0,0.0,0.0
2024-07-13 08:00:00,27.0,15.0,31.0,0.0,1009.0,54.0,3.0,0.0,0.0
2024-07-13 09:00:00,27.0,15.0,32.0,0.0,1009.0,54.0,2.0,0.0,0.0
2024-07-13 10:00:00,27.0,16.0,33.0,0.0,1009.0,52.0,5.0,0.0,0.0
2024-07-13 11:00:00,27.0,16.0,33.0,0.0,1009.0,54.0,10.0,0.0,0.0
2024-07-13 12:00:00,30.0,17.0,33.0,0.0,1009.0,54.0,13.0,0.0,0.0
2024-07-13 13:00:00,28.0,18.0,32.0,0.0,1009.0,56.0,13.0,0.0,0.0
2024-07-13 14:00:00,25.0,15.0,32.0,0.0,1009.0,58.0,14.0,0.0,0.0
2024-07-13 15:00:00,26.0,14.0,31.0,0.0,1009.0,57.0,13.0,0.0,0.0
2024-07-13 16:00:00,26.0,12.0,30.0,0.0,1009.0,62.0,11.0,0.0,0.0
2024-07-13 17:00:00,29.0,13.0,30.0,0.0,1009.0,69.0,8.0,0.0,0.0
2024-07-13 18:00:00,30.0,14.0,29.0,0.0,1009.0,75.0,3.0,0.0,0.0
2024-07-13 19:00:00,27.0,14.0,28.0,0.0,1009.0,77.0,3.0,0.0,0.0
2024-07-13 20:00:00,27.0,16.0,27.0,0.0,1010.0,80.0,5.0,0.0,0.0
2024-07-13 21:00:00,29.0,17.0,27.0,0.0,1010.0,80.0,4.0,0.0,0.0
2024-07-13 22:00:00,28.0,17.0,26.0,0.0,1010.0,78.0,5.0,0.0,0.0
2024-07-13 23:00:00,30.0,17.0,26.0,0.0,1010.0,78.0,5.0,0.0,0.0
2024-07-14 00:00:00,28.0,17.0,26.0,0.0,1010.0,78.0,4.0,0.0,0.0
2024-07-14 01:00:00,28.0,16.0,26.0,0.0,1010.0,76.0,6.0,0.0,0.0
2024-07-14 02:00:00,27.0,16.0,25.0,0.0,1010.0,74.0,4.0,0.0,0.0
2024-07-14 03:00:00,28.0,15.0,25.0,0.0,1010.0,77.0,6.0,0.0,0.0
2024-07-14 04:00:00,26.0,15.0,24.0,0.0,1010.0,75.0,6.0,0.0,0.0
2024-07-14 05:00:00,25.0,16.0,25.0,0.0,1010.0,76.0,4.0,0.0,0.0
2024-07-14 06:00:00,23.0,16.0,26.0,0.0,1011.0,73.0,1.0,0.0,0.0
2024-07-14 07:00:00,25.0,16.0,29.0,0.0,1011.0,58.0,6.0,0.0,0.0
2024-07-14 08:00:00,25.0,16.0,30.0,0.0,1011.0,55.0,5.0,0.0,0.0
2024-07-14 09:00:00,27.0,16.0,31.0,0.0,1011.0,55.0,1.0,0.0,0.0
2024-07-14 10:00:00,28.0,16.0,32.0,0.0,1011.0,56.0,4.0,0.0,0.0
2024-07-14 11:00:00,27.0,15.0,32.0,0.0,1011.0,57.0,9.0,0.0,0.0
2024-07-14 12:00:00,27.0,13.0,32.0,0.0,1011.0,57.0,13.0,0.0,0.0
2024-07-14 13:00:00,23.0,12.0,31.0,0.0,1011.0,53.0,17.0,0.0,0.0
2024-07-14 14:00:00,20.0,12.0,31.0,0.0,1012.0,50.0,17.0,0.0,0.0
2024-07-14 15:00:00,18.0,10.0,30.0,0.0,1012.0,46.0,13.0,0.0,0.0
2024-07-14 16:00:00,22.0,14.0,30.0,0.0,1012.0,47.0,6.0,0.0,0.0
2024-07-14 17:00:00,12.0,7.0,30.0,0.0,1011.0,47.0,2.0,0.0,0.0
2024-07-14 18:00:00,10.0,4.0,28.0,0.0,1011.0,64.0,6.0,0.0,0.0
2024-07-14 19:00:00,9.0,4.0,27.0,0.0,1012.0,61.0,4.0,0.0,0.0
2024-07-14 20:00:00,10.0,4.0,26.0,0.0,1012.0,56.0,6.0,0.0,0.0
2024-07-14 21:00:00,11.0,5.0,25.0,0.0,1012.0,51.0,6.0,0.0,0.0
2024-07-14 22:00:00,12.0,5.0,25.0,0.0,1013.0,48.0,6.0,0.0,0.0
2024-07-14 23:00:00,13.0,6.0,25.0,0.0,1013.0,47.0,6.0,0.0,0.0
2024-07-15 00:00:00,11.0,6.0,24.0,0.0,1013.0,44.0,8.0,0.0,0.0
2024-07-15 01:00:00,10.0,6.0,24.0,0.0,1013.0,43.0,7.0,0.0,0.0
2024-07-15 02:00:00,9.0,5.0,24.0,0.0,1013.0,44.0,6.0,0.0,0.0
2024-07-15 03:00:00,9.0,5.0,24.0,0.0,1013.0,46.0,6.0,0.0,0.0
2024-07-15 04:00:00,10.0,6.0,24.0,0.0,1013.0,47.0,6.0,0.0,0.0
2024-07-15 05:00:00,10.0,6.0,24.0,0.0,1013.0,50.0,7.0,0.0,0.0
2024-07-15 06:00:00,9.0,5.0,25.0,0.0,1014.0,56.0,5.0,0.0,0.0
2024-07-15 07:00:00,10.0,5.0,29.0,0.0,1014.0,48.0,6.0,0.0,0.0
2024-07-15 08:00:00,15.0,7.0,32.0,0.0,1014.0,41.0,9.0,0.0,0.0
2024-07-15 09:00:00,18.0,7.0,33.0,0.0,1014.0,35.0,5.0,0.0,0.0
2024-07-15 10:00:00,28.0,8.0,33.0,0.0,1014.0,35.0,3.0,0.0,0.0
2024-07-15 11:00:00,19.0,8.0,32.0,0.0,1013.0,41.0,4.0,0.0,0.0
2024-07-15 12:00:00,21.0,9.0,32.0,0.0,1013.0,45.0,7.0,0.0,0.0
2024-07-15 13:00:00,13.0,7.0,31.0,0.0,1013.0,46.0,10.0,0.0,0.0
2024-07-15 14:00:00,13.0,7.0,31.0,0.0,1012.0,46.0,13.0,0.0,0.0
2024-07-15 15:00:00,14.0,7.0,31.0,0.0,1012.0,48.0,11.0,0.0,0.0
2024-07-15 16:00:00,12.0,7.0,30.0,0.0,1012.0,52.0,9.0,0.0,0.0
2024-07-15 17:00:00,13.0,6.0,30.0,0.0,1012.0,56.0,4.0,0.0,0.0
2024-07-15 18:00:00,12.0,6.0,28.0,0.0,1012.0,76.0,2.0,0.0,0.0
2024-07-15 19:00:00,14.0,6.0,28.0,0.0,1012.0,66.0,3.0,0.0,0.0
2024-07-15 20:00:00,15.0,6.0,28.0,0.0,1012.0,58.0,5.0,0.0,0.0
2024-07-15 21:00:00,15.0,7.0,27.0,0.0,1012.0,53.0,5.0,0.0,0.0
2024-07-15 22:00:00,22.0,8.0,26.0,0.0,1012.0,51.0,6.0,0.0,0.0
2024-07-15 23:00:00,18.0,8.0,25.0,0.0,1012.0,50.0,6.0,0.0,0.0
2024-07-16 00:00:00,16.0,8.0,25.0,0.0,1012.0,48.0,5.0,0.0,0.0
2024-07-16 01:00:00,14.0,8.0,25.0,0.0,1012.0,51.0,6.0,0.0,0.0
2024-07-16 02:00:00,14.0,7.0,25.0,0.0,1012.0,49.0,7.0,0.0,0.0
2024-07-16 03:00:00,12.0,7.0,25.0,0.0,1011.0,48.0,6.0,0.0,0.0
2024-07-16 04:00:00,12.0,7.0,24.0,0.0,1011.0,51.0,6.0,0.0,0.0
2024-07-16 05:00:00,13.0,7.0,24.0,0.0,1012.0,57.0,6.0,0.0,0.0
2024-07-16 06:00:00,12.0,7.0,25.0,0.0,1012.0,62.0,6.0,0.0,0.0
2024-07-16 07:00:00,14.0,7.0,30.0,0.0,1011.0,44.0,5.0,0.0,0.0
2024-07-16 08:00:00,20.0,9.0,32.0,0.0,1012.0,41.0,3.0,0.0,0.0
2024-07-16 09:00:00,34.0,10.0,33.0,0.0,1012.0,39.0,1.0,0.0,0.0
2024-07-16 10:00:00,28.0,9.0,33.0,0.0,1012.0,40.0,6.0,0.0,0.0
2024-07-16 11:00:00,16.0,7.0,33.0,0.0,1011.0,41.0,9.0,0.0,0.0
2024-07-16 12:00:00,17.0,8.0,32.0,0.0,1011.0,46.0,11.0,0.0,0.0
2024-07-16 13:00:00,18.0,8.0,32.0,0.0,1011.0,46.0,13.0,0.0,0.0
2024-07-16 14:00:00,15.0,8.0,32.0,0.0,1011.0,49.0,15.0,0.0,0.0
2024-07-16 15:00:00,13.0,7.0,31.0,0.0,1011.0,53.0,13.0,0.0,0.0
2024-07-16 16:00:00,12.0,6.0,31.0,0.0,1011.0,55.0,9.0,0.0,0.0
2024-07-16 17:00:00,11.0,5.0,30.0,0.0,1011.0,58.0,5.0,0.0,0.0
2024-07-16 18:00:00,10.0,5.0,29.0,0.0,1011.0,74.0,5.0,0.0,0.0
2024-07-16 19:00:00,12.0,6.0,28.0,0.0,1012.0,68.0,1.0,0.0,0.0
2024-07-16 20:00:00,12.0,6.0,28.0,0.0,1012.0,68.0,3.0,0.0,0.0
2024-07-16 21:00:00,13.0,6.0,27.0,0.0,1012.0,66.0,4.0,0.0,0.0
2024-07-16 22:00:00,16.0,7.0,26.0,0.0,1012.0,64.0,6.0,0.0,0.0
2024-07-16 23:00:00,16.0,7.0,26.0,0.0,1013.0,60.0,4.0,0.0,0.0
2024-07-17 00:00:00,13.0,7.0,26.0,0.0,1013.0,62.0,4.0,0.0,0.0
2024-07-17 01:00:00,13.0,8.0,25.0,0.0,1013.0,64.0,4.0,0.0,0.0
2024-07-17 02:00:00,12.0,7.0,25.0,0.0,1013.0,65.0,4.0,0.0,0.0
2024-07-17 03:00:00,12.0,7.0,25.0,0.0,1013.0,62.0,5.0,0.0,0.0
2024-07-17 04:00:00,16.0,9.0,26.0,0.0,1013.0,63.0,6.0,0.0,0.0
2024-07-17 05:00:00,13.0,8.0,26.0,0.0,1014.0,65.0,6.0,0.0,0.0
2024-07-17 06:00:00,13.0,8.0,28.0,0.0,1014.0,60.0,7.0,0.0,0.0
2024-07-17 07:00:00,16.0,9.0,29.0,0.0,1014.0,56.0,10.0,0.0,0.0
2024-07-17 08:00:00,16.0,9.0,32.0,0.0,1014.0,50.0,11.0,0.0,0.0
2024-07-17 09:00:00,18.0,10.0,35.0,0.0,1014.0,45.0,12.0,0.0,0.0
2024-07-17 10:00:00,25.0,11.0,35.0,0.0,1014.0,44.0,10.0,0.0,0.0
2024-07-17 11:00:00,18.0,9.0,35.0,0.0,1014.0,44.0,8.0,0.0,0.0
2024-07-17 12:00:00,21.0,11.0,34.0,0.0,1014.0,47.0,6.0,0.0,0.0
2024-07-17 13:00:00,21.0,11.0,32.0,0.0,1014.0,55.0,19.0,0.0,0.0
2024-07-17 14:00:00,19.0,10.0,32.0,0.1,1014.0,55.0,21.0,0.0,0.0
2024-07-17 15:00:00,15.0,8.0,32.0,0.0,1014.0,54.0,14.0,0.0,0.0
2024-07-17 16:00:00,18.0,9.0,32.0,0.0,1014.0,52.0,9.0,0.0,0.0
2024-07-17 17:00:00,18.0,10.0,32.0,0.0,1014.0,55.0,8.0,0.0,0.0
2024-07-17 18:00:00,20.0,11.0,31.0,0.0,1015.0,59.0,12.0,0.0,0.0
2024-07-17 19:00:00,21.0,12.0,29.0,0.0,1015.0,66.0,9.0,0.0,0.0
2024-07-17 20:00:00,21.0,12.0,28.0,0.0,1015.0,66.0,9.0,0.0,0.0
2024-07-17 21:00:00,22.0,12.0,28.0,0.0,1016.0,63.0,9.0,0.0,0.0
2024-07-17 22:00:00,21.0,12.0,28.0,0.0,1016.0,60.0,9.0,0.0,0.0
2024-07-17 23:00:00,22.0,12.0,27.0,0.0,1016.0,57.0,12.0,0.0,0.0
2024-07-18 00:00:00,21.0,13.0,27.0,0.0,1016.0,57.0,12.0,0.0,0.0
2024-07-18 01:00:00,19.0,12.0,26.0,0.0,1016.0,56.0,10.0,0.0,0.0
2024-07-18 02:00:00,20.0,14.0,26.0,0.0,1016.0,56.0,8.0,0.0,0.0
2024-07-18 03:00:00,18.0,12.0,26.0,0.0,1016.0,57.0,6.0,0.0,0.0
2024-07-18 04:00:00,17.0,9.0,26.0,0.0,1017.0,58.0,8.0,0.0,0.0
2024-07-18 05:00:00,17.0,8.0,26.0,0.0,1017.0,59.0,9.0,0.0,0.0
2024-07-18 06:00:00,17.0,8.0,27.0,0.0,1018.0,50.0,10.0,0.0,0.0
2024-07-18 07:00:00,16.0,6.0,31.0,0.0,1017.0,42.0,8.0,0.0,0.0
2024-07-18 08:00:00,15.0,6.0,32.0,0.0,1018.0,39.0,7.0,0.0,0.0
2024-07-18 09:00:00,25.0,7.0,34.0,0.0,1018.0,36.0,9.0,0.0,0.0
2024-07-18 10:00:00,22.0,6.0,34.0,0.0,1017.0,35.0,10.0,0.0,0.0
2024-07-18 11:00:00,22.0,7.0,34.0,0.0,1017.0,36.0,12.0,0.0,0.0
2024-07-18 12:00:00,18.0,7.0,34.0,0.0,1017.0,37.0,13.0,0.0,0.0
2024-07-18 13:00:00,16.0,8.0,34.0,0.0,1016.0,38.0,12.0,0.0,0.0
2024-07-18 14:00:00,16.0,8.0,34.0,0.0,1016.0,40.0,11.0,0.0,0.0
2024-07-18 15:00:00,20.0,9.0,33.0,0.0,1016.0,45.0,12.0,0.0,0.0
2024-07-18 16:00:00,17.0,10.0,33.0,0.0,1016.0,46.0,8.0,0.0,0.0
2024-07-18 17:00:00,16.0,9.0,32.0,0.0,1016.0,45.0,16.0,0.0,0.0
2024-07-18 18:00:00,16.0,9.0,31.0,0.0,1016.0,46.0,21.0,0.0,0.0
2024-07-18 19:00:00,16.0,9.0,30.0,0.0,1016.0,52.0,13.0,0.0,0.0
2024-07-18 20:00:00,20.0,10.0,29.0,0.0,1017.0,52.0,12.0,0.0,0.0
2024-07-18 21:00:00,21.0,11.0,28.0,0.0,1017.0,54.0,10.0,0.0,0.0
2024-07-18 22:00:00,25.0,12.0,28.0,0.0,1017.0,56.0,8.0,0.0,0.0
2024-07-18 23:00:00,19.0,12.0,28.0,0.0,1018.0,56.0,5.0,0.0,0.0
2024-07-19 00:00:00,20.0,12.0,28.0,0.0,1017.0,55.0,4.0,0.0,0.0
2024-07-19 01:00:00,18.0,12.0,28.0,0.0,1017.0,55.0,5.0,0.0,0.0
2024-07-19 02:00:00,17.0,11.0,27.0,0.0,1017.0,55.0,6.0,0.0,0.0
2024-07-19 03:00:00,16.0,10.0,27.0,0.0,1017.0,55.0,7.0,0.0,0.0
2024-07-19 04:00:00,16.0,9.0,27.0,0.0,1017.0,57.0,6.0,0.0,0.0
2024-07-19 05:00:00,16.0,9.0,27.0,0.0,1017.0,58.0,6.0,0.0,0.0
2024-07-19 06:00:00,14.0,8.0,28.0,0.0,1016.0,54.0,8.0,0.0,0.0
2024-07-19 07:00:00,15.0,8.0,32.0,0.0,1016.0,42.0,5.0,0.0,0.0
2024-07-19 08:00:00,21.0,9.0,34.0,0.0,1016.0,38.0,6.0,0.0,0.0
2024-07-19 09:00:00,30.0,10.0,35.0,0.0,1016.0,36.0,11.0,0.0,0.0
2024-07-19 10:00:00,28.0,10.0,35.0,0.0,1015.0,36.0,17.0,0.0,0.0
2024-07-19 11:00:00,27.0,11.0,36.0,0.0,1015.0,39.0,12.0,0.0,0.0
2024-07-19 12:00:00,30.0,15.0,34.0,0.0,1014.0,44.0,14.0,0.0,0.0
2024-07-19 13:00:00,27.0,16.0,34.0,0.0,1014.0,45.0,12.0,0.0,0.0
2024-07-19 14:00:00,26.0,15.0,33.0,0.0,1013.0,50.0,3.0,0.0,0.0
2024-07-19 15:00:00,25.0,16.0,33.0,0.0,1012.0,52.0,14.0,0.0,0.0
2024-07-19 16:00:00,26.0,17.0,33.0,0.0,1012.0,52.0,8.0,0.0,0.0
2024-07-19 17:00:00,25.0,17.0,31.0,0.0,1012.0,55.0,12.0,0.0,0.0
2024-07-19 18:00:00,26.0,17.0,31.0,0.0,1012.0,59.0,3.0,0.0,0.0
2024-07-19 19:00:00,26.0,18.0,29.0,0.0,1012.0,70.0,3.0,0.0,0.0
2024-07-19 20:00:00,16.0,11.0,29.0,0.0,1012.0,70.0,3.0,0.0,0.0
2024-07-19 21:00:00,19.0,12.0,28.0,0.0,1012.0,67.0,6.0,0.0,0.0
2024-07-19 22:00:00,29.0,15.0,28.0,0.0,1012.0,63.0,8.0,0.0,0.0
2024-07-19 23:00:00,22.0,14.0,29.0,0.0,1012.0,61.0,7.0,0.0,0.0
2024-07-20 00:00:00,26.0,17.0,29.0,0.0,1011.0,61.0,5.0,0.0,0.0
2024-07-20 01:00:00,20.0,14.0,28.0,0.0,1011.0,60.0,8.0,0.0,0.0
2024-07-20 02:00:00,22.0,12.0,28.0,0.0,1011.0,58.0,7.0,0.0,0.0
2024-07-20 03:00:00,12.0,6.0,27.0,0.0,1011.0,71.0,31.0,0.0,0.0
2024-07-20 04:00:00,6.0,4.0,25.0,0.0,1011.0,78.0,41.0,0.0,0.0
2024-07-20 05:00:00,7.0,5.0,24.0,0.0,1012.0,87.0,44.0,0.0,0.0
2024-07-20 06:00:00,8.0,6.0,24.0,0.0,1012.0,76.0,32.0,0.0,0.0
2024-07-20 07:00:00,9.0,6.0,22.0,4.2,1010.0,82.0,8.0,0.0,0.0
2024-07-20 08:00:00,12.0,8.0,24.0,0.4,1010.0,79.0,4.0,0.0,0.0
2024-07-20 09:00:00,12.0,8.0,24.0,0.0,1010.0,75.0,5.0,0.0,0.0
2024-07-20 10:00:00,9.0,7.0,26.0,0.0,1010.0,66.0,5.0,0.0,0.0
2024-07-20 11:00:00,10.0,6.0,28.0,0.0,1009.0,60.0,8.0,0.0,0.0
2024-07-20 12:00:00,6.0,4.0,28.0,0.0,1009.0,55.0,11.0,0.0,0.0
2024-07-20 13:00:00,5.0,3.0,30.0,0.0,1008.0,52.0,9.0,0.0,0.0
2024-07-20 14:00:00,4.0,2.0,30.0,0.0,1008.0,55.0,9.0,0.0,0.0
2024-07-20 15:00:00,4.0,2.0,30.0,0.0,1008.0,58.0,10.0,0.0,0.0
2024-07-20 16:00:00,4.0,2.0,30.0,0.0,1008.0,56.0,8.0,0.0,0.0
2024-07-20 17:00:00,4.0,2.0,30.0,0.0,1008.0,52.0,14.0,0.0,0.0
2024-07-20 18:00:00,3.0,2.0,29.0,0.0,1008.0,56.0,13.0,0.0,0.0
2024-07-20 19:00:00,3.0,2.0,27.0,0.0,1008.0,63.0,12.0,0.0,0.0
2024-07-20 20:00:00,4.0,2.0,26.0,0.0,1008.0,65.0,14.0,0.0,0.0
2024-07-20 21:00:00,6.0,4.0,26.0,0.0,1008.0,66.0,14.0,0.0,0.0
2024-07-20 22:00:00,8.0,7.0,25.0,0.0,1009.0,67.0,14.0,0.0,0.0
2024-07-20 23:00:00,10.0,9.0,25.0,0.0,1009.0,67.0,12.0,0.0,0.0
2024-07-21 00:00:00,10.0,8.0,25.0,0.0,1009.0,68.0,11.0,0.0,0.0
2024-07-21 01:00:00,10.0,8.0,24.0,0.0,1009.0,67.0,11.0,0.0,0.0
2024-07-21 02:00:00,10.0,8.0,24.0,0.0,1009.0,65.0,7.0,0.0,0.0
2024-07-21 03:00:00,10.0,8.0,24.0,0.0,1009.0,67.0,4.0,0.0,0.0
2024-07-21 04:00:00,11.0,8.0,23.0,0.0,1008.0,70.0,4.0,0.0,0.0
2024-07-21 05:00:00,10.0,8.0,24.0,0.0,1009.0,70.0,4.0,0.0,0.0
2024-07-21 06:00:00,11.0,8.0,24.0,0.0,1009.0,68.0,5.0,0.0,0.0
2024-07-21 07:00:00,11.0,8.0,25.0,0.0,1010.0,62.0,3.0,0.0,0.0
2024-07-21 08:00:00,12.0,8.0,27.0,0.0,1010.0,57.0,0.0,0.0,0.0
2024-07-21 09:00:00,12.0,8.0,28.0,0.0,1010.0,50.0,2.0,0.0,0.0
2024-07-21 10:00:00,13.0,8.0,29.0,0.0,1010.0,50.0,6.0,0.0,0.0
2024-07-21 11:00:00,12.0,9.0,29.0,0.0,1010.0,53.0,6.0,0.0,0.0
2024-07-21 12:00:00,13.0,9.0,29.0,0.0,1010.0,55.0,9.0,0.0,0.0
2024-07-21 13:00:00,12.0,9.0,30.0,0.0,1009.0,54.0,9.0,0.0,0.0
2024-07-21 14:00:00,13.0,10.0,30.0,0.0,1009.0,56.0,10.0,0.0,0.0
2024-07-21 15:00:00,12.0,9.0,29.0,0.0,1009.0,59.0,10.0,0.0,0.0
2024-07-21 16:00:00,11.0,9.0,29.0,0.0,1008.0,58.0,7.0,0.0,0.0
2024-07-21 17:00:00,9.0,8.0,29.0,0.0,1009.0,55.0,4.0,0.0,0.0
2024-07-21 18:00:00,10.0,8.0,28.0,0.0,1009.0,63.0,3.0,0.0,0.0
2024-07-21 19:00:00,10.0,8.0,27.0,0.0,1010.0,71.0,1.0,0.0,0.0
2024-07-21 20:00:00,11.0,7.0,26.0,0.0,1010.0,72.0,3.0,0.0,0.0
2024-07-21 21:00:00,11.0,7.0,26.0,0.0,1010.0,72.0,4.0,0.0,0.0
2024-07-21 22:00:00,12.0,8.0,26.0,0.0,1011.0,76.0,11.0,0.0,0.0
2024-07-21 23:00:00,13.0,9.0,25.0,0.0,1011.0,71.0,6.0,0.0,0.0
2024-07-22 00:00:00,12.0,9.0,24.0,0.0,1010.0,75.0,7.0,0.0,0.0
2024-07-22 01:00:00,12.0,9.0,24.0,0.0,1010.0,77.0,8.0,0.0,0.0
2024-07-22 02:00:00,12.0,9.0,24.0,0.0,1010.0,80.0,5.0,0.0,0.0
2024-07-22 03:00:00,11.0,9.0,24.0,0.0,1011.0,79.0,4.0,0.0,0.0
2024-07-22 04:00:00,12.0,9.0,24.0,0.0,1011.0,81.0,0.0,0.0,0.0
2024-07-22 05:00:00,12.0,10.0,24.0,0.0,1011.0,80.0,5.0,0.0,0.0
2024-07-22 06:00:00,12.0,10.0,24.0,0.0,1011.0,79.0,5.0,0.0,0.0
2024-07-22 07:00:00,14.0,11.0,27.0,10.9,1011.0,70.0,1.0,0.0,0.0
2024-07-22 08:00:00,15.0,10.0,28.0,0.0,1011.0,64.0,7.0,0.0,0.0
2024-07-22 09:00:00,22.0,12.0,30.0,0.0,1011.0,61.0,12.0,0.0,0.0
2024-07-22 10:00:00,19.0,11.0,30.0,0.0,1011.0,58.0,12.0,0.0,0.0
2024-07-22 11:00:00,23.0,13.0,32.0,0.0,1011.0,53.0,11.0,0.0,0.0
2024-07-22 12:00:00,13.0,10.0,32.0,0.0,1011.0,50.0,15.0,0.0,0.0
2024-07-22 13:00:00,13.0,10.0,32.0,0.0,1011.0,49.0,17.0,0.0,0.0
2024-07-22 14:00:00,18.0,12.0,32.0,0.0,1011.0,48.0,23.0,0.0,0.0
2024-07-22 15:00:00,15.0,11.0,31.0,0.0,1011.0,49.0,20.0,0.0,0.0
2024-07-22 16:00:00,17.0,11.0,31.0,0.0,1012.0,50.0,17.0,0.0,0.0
2024-07-22 17:00:00,21.0,11.0,30.0,0.0,1012.0,52.0,14.0,0.0,0.0
2024-07-22 18:00:00,14.0,8.0,29.0,0.0,1013.0,52.0,14.0,0.0,0.0
2024-07-22 19:00:00,11.0,6.0,28.0,0.0,1013.0,59.0,6.0,0.0,0.0
2024-07-22 20:00:00,13.0,7.0,27.0,0.0,1013.0,64.0,6.0,0.0,0.0
2024-07-22 21:00:00,15.0,9.0,27.0,0.0,1014.0,66.0,6.0,0.0,0.0
2024-07-22 22:00:00,11.0,7.0,26.0,0.0,1014.0,66.0,5.0,0.0,0.0
2024-07-22 23:00:00,13.0,8.0,26.0,0.0,1014.0,62.0,7.0,0.0,0.0
2024-07-23 00:00:00,11.0,7.0,26.0,0.0,1014.0,63.0,6.0,0.0,0.0
2024-07-23 01:00:00,14.0,9.0,26.0,0.0,1014.0,63.0,6.0,0.0,0.0
2024-07-23 02:00:00,14.0,11.0,26.0,0.0,1014.0,63.0,7.0,0.0,0.0
2024-07-23 03:00:00,17.0,12.0,26.0,0.0,1014.0,64.0,6.0,0.0,0.0
2024-07-23 04:00:00,16.0,12.0,25.0,0.0,1015.0,64.0,6.0,0.0,0.0
2024-07-23 05:00:00,16.0,12.0,26.0,0.0,1015.0,64.0,6.0,0.0,0.0
2024-07-23 06:00:00,15.0,12.0,27.0,0.0,1016.0,60.0,6.0,0.0,0.0
2024-07-23 07:00:00,14.0,10.0,30.0,0.0,1015.0,42.0,5.0,0.0,0.0
2024-07-23 08:00:00,19.0,11.0,31.0,0.0,1015.0,40.0,7.0,0.0,0.0
2024-07-23 09:00:00,36.0,15.0,33.0,0.0,1015.0,36.0,11.0,0.0,0.0
2024-07-23 10:00:00,16.0,10.0,33.0,0.0,1015.0,36.0,10.0,0.0,0.0
2024-07-23 11:00:00,12.0,7.0,33.0,0.0,1015.0,37.0,10.0,0.0,0.0
2024-07-23 12:00:00,11.0,7.0,33.0,0.0,1014.0,39.0,5.0,0.0,0.0
2024-07-23 13:00:00,11.0,6.0,31.0,0.0,1014.0,48.0,15.0,0.0,0.0
2024-07-23 14:00:00,9.0,6.0,31.0,0.0,1014.0,54.0,16.0,0.0,0.0
2024-07-23 15:00:00,13.0,8.0,29.0,0.0,1014.0,58.0,17.0,0.0,0.0
2024-07-23 16:00:00,10.0,7.0,29.0,0.0,1014.0,58.0,11.0,0.0,0.0
2024-07-23 17:00:00,10.0,6.0,29.0,0.0,1014.0,56.0,5.0,0.0,0.0
2024-07-23 18:00:00,11.0,7.0,28.0,0.0,1014.0,58.0,5.0,0.0,0.0
2024-07-23 19:00:00,11.0,7.0,27.0,0.0,1014.0,66.0,13.0,0.0,0.0
2024-07-23 20:00:00,10.0,5.0,26.0,0.0,1015.0,65.0,29.0,0.0,0.0
2024-07-23 21:00:00,10.0,6.0,24.0,0.4,1015.0,81.0,26.0,0.0,0.0
2024-07-23 22:00:00,9.0,5.0,24.0,0.0,1014.0,76.0,21.0,0.0,0.0
2024-07-23 23:00:00,8.0,5.0,23.0,0.0,1014.0,75.0,12.0,0.0,0.0
2024-07-24 00:00:00,7.0,5.0,23.0,0.0,1014.0,74.0,10.0,0.0,0.0
2024-07-24 01:00:00,7.0,6.0,23.0,0.0,1014.0,72.0,9.0,0.0,0.0
2024-07-24 02:00:00,7.0,5.0,23.0,0.0,1014.0,73.0,7.0,0.0,0.0
2024-07-24 03:00:00,8.0,6.0,22.0,0.0,1013.0,73.0,8.0,0.0,0.0
2024-07-24 04:00:00,8.0,6.0,22.0,0.0,1013.0,76.0,7.0,0.0,0.0
2024-07-24 05:00:00,8.0,6.0,22.0,0.0,1013.0,76.0,7.0,0.0,0.0
2024-07-24 06:00:00,8.0,6.0,23.0,0.0,1013.0,74.0,7.0,0.0,0.0
2024-07-24 07:00:00,10.0,7.0,27.0,0.0,1014.0,58.0,11.0,0.0,0.0
2024-07-24 08:00:00,12.0,8.0,30.0,0.0,1013.0,51.0,13.0,0.0,0.0
2024-07-24 09:00:00,18.0,7.0,30.0,0.0,1014.0,48.0,20.0,0.0,0.0
2024-07-24 10:00:00,17.0,6.0,30.0,0.0,1014.0,46.0,22.0,0.0,0.0
2024-07-24 11:00:00,13.0,6.0,31.0,0.0,1014.0,46.0,22.0,0.0,0.0
2024-07-24 12:00:00,14.0,7.0,31.0,0.0,1013.0,44.0,21.0,0.0,0.0
2024-07-24 13:00:00,13.0,7.0,31.0,0.0,1013.0,39.0,21.0,0.0,0.0
2024-07-24 14:00:00,10.0,6.0,31.0,0.0,1012.0,38.0,18.0,0.0,0.0
2024-07-24 15:00:00,8.0,4.0,31.0,0.0,1012.0,38.0,15.0,0.0,0.0
2024-07-24 16:00:00,7.0,3.0,31.0,0.0,1012.0,39.0,15.0,0.0,0.0
2024-07-24 17:00:00,5.0,3.0,30.0,0.0,1012.0,42.0,15.0,0.0,0.0
2024-07-24 18:00:00,5.0,2.0,28.0,0.0,1012.0,45.0,15.0,0.0,0.0
2024-07-24 19:00:00,6.0,3.0,27.0,0.0,1012.0,52.0,10.0,0.0,0.0
2024-07-24 20:00:00,6.0,2.0,27.0,0.0,1012.0,51.0,9.0,0.0,0.0
2024-07-24 21:00:00,11.0,3.0,26.0,0.0,1013.0,50.0,11.0,0.0,0.0
2024-07-24 22:00:00,5.0,2.0,26.0,0.0,1013.0,51.0,12.0,0.0,0.0
2024-07-24 23:00:00,5.0,2.0,26.0,0.0,1013.0,51.0,13.0,0.0,0.0
2024-07-25 00:00:00,5.0,3.0,26.0,0.0,1013.0,52.0,12.0,0.0,0.0
2024-07-25 01:00:00,4.0,3.0,26.0,0.0,1013.0,51.0,9.0,0.0,0.0
2024-07-25 02:00:00,6.0,4.0,25.0,0.0,1013.0,50.0,6.0,0.0,0.0
2024-07-25 03:00:00,6.0,4.0,25.0,0.0,1013.0,50.0,7.0,0.0,0.0
2024-07-25 04:00:00,6.0,4.0,24.0,0.0,1013.0,52.0,7.0,0.0,0.0
2024-07-25 05:00:00,5.0,4.0,24.0,0.0,1013.0,53.0,8.0,0.0,0.0
2024-07-25 06:00:00,6.0,4.0,25.0,0.0,1013.0,51.0,9.0,0.0,0.0
2024-07-25 07:00:00,7.0,4.0,27.0,0.0,1013.0,44.0,6.0,0.0,0.0
2024-07-25 08:00:00,11.0,5.0,28.0,0.0,1013.0,41.0,7.0,0.0,0.0
2024-07-25 09:00:00,23.0,6.0,29.0,0.0,1013.0,36.0,10.0,0.0,0.0
2024-07-25 10:00:00,16.0,5.0,30.0,0.0,1013.0,33.0,12.0,0.0,0.0
2024-07-25 11:00:00,9.0,4.0,30.0,0.0,1012.0,33.0,12.0,0.0,0.0
2024-07-25 12:00:00,11.0,4.0,30.0,0.0,1012.0,32.0,11.0,0.0,0.0
2024-07-25 13:00:00,7.0,3.0,31.0,0.0,1011.0,34.0,10.0,0.0,0.0
2024-07-25 14:00:00,6.0,3.0,29.0,0.0,1011.0,47.0,18.0,0.0,0.0
2024-07-25 15:00:00,6.0,3.0,29.0,0.0,1011.0,48.0,17.0,0.0,0.0
2024-07-25 16:00:00,6.0,3.0,28.0,0.0,1011.0,52.0,14.0,0.0,0.0
2024-07-25 17:00:00,7.0,3.0,28.0,0.0,1011.0,52.0,9.0,0.0,0.0
2024-07-25 18:00:00,7.0,3.0,27.0,0.0,1011.0,61.0,4.0,0.0,0.0
2024-07-25 19:00:00,7.0,4.0,26.0,0.0,1011.0,64.0,4.0,0.0,0.0
2024-07-25 20:00:00,9.0,4.0,26.0,0.0,1011.0,61.0,5.0,0.0,0.0
2024-07-25 21:00:00,9.0,4.0,25.0,0.0,1012.0,59.0,6.0,0.0,0.0
2024-07-25 22:00:00,12.0,5.0,25.0,0.0,1012.0,54.0,5.0,0.0,0.0
2024-07-25 23:00:00,12.0,6.0,24.0,0.0,1012.0,56.0,4.0,0.0,0.0
2024-07-26 00:00:00,11.0,5.0,24.0,0.0,1012.0,56.0,7.0,0.0,0.0
2024-07-26 01:00:00,10.0,6.0,23.0,0.0,1012.0,56.0,5.0,0.0,0.0
2024-07-26 02:00:00,8.0,5.0,23.0,0.0,1012.0,57.0,6.0,0.0,0.0
2024-07-26 03:00:00,8.0,5.0,23.0,0.0,1012.0,57.0,6.0,0.0,0.0
2024-07-26 04:00:00,8.0,5.0,23.0,0.0,1012.0,57.0,5.0,0.0,0.0
2024-07-26 05:00:00,7.0,4.0,23.0,0.0,1012.0,59.0,5.0,0.0,0.0
2024-07-26 06:00:00,7.0,5.0,24.0,0.0,1013.0,58.0,4.0,0.0,0.0
2024-07-26 07:00:00,10.0,5.0,27.0,0.0,1013.0,53.0,4.0,0.0,0.0
2024-07-26 08:00:00,12.0,7.0,29.0,0.0,1013.0,44.0,3.0,0.0,0.0
2024-07-26 09:00:00,20.0,7.0,30.0,0.0,1013.0,44.0,6.0,0.0,0.0
2024-07-26 10:00:00,11.0,6.0,29.0,0.0,1013.0,49.0,14.0,0.0,0.0
2024-07-26 11:00:00,10.0,5.0,29.0,0.0,1013.0,50.0,14.0,0.0,0.0
2024-07-26 12:00:00,11.0,6.0,28.0,0.0,1013.0,53.0,13.0,0.0,0.0
2024-07-26 13:00:00,9.0,5.0,28.0,0.0,1013.0,53.0,12.0,0.0,0.0
2024-07-26 14:00:00,8.0,5.0,28.0,0.0,1013.0,54.0,11.0,0.0,0.0
2024-07-26 15:00:00,6.0,4.0,28.0,0.0,1013.0,57.0,11.0,0.0,0.0
2024-07-26 16:00:00,7.0,4.0,28.0,0.0,1013.0,58.0,9.0,0.0,0.0
2024-07-26 17:00:00,7.0,5.0,27.0,0.0,1013.0,57.0,6.0,0.0,0.0
2024-07-26 18:00:00,7.0,5.0,27.0,0.0,1013.0,60.0,3.0,0.0,0.0
2024-07-26 19:00:00,8.0,5.0,26.0,0.0,1013.0,62.0,4.0,0.0,0.0
2024-07-26 20:00:00,8.0,5.0,25.0,0.0,1014.0,63.0,5.0,0.0,0.0
2024-07-26 21:00:00,9.0,5.0,25.0,0.0,1014.0,64.0,5.0,0.0,0.0
2024-07-26 22:00:00,10.0,6.0,24.0,0.0,1014.0,64.0,5.0,0.0,0.0
2024-07-26 23:00:00,18.0,8.0,24.0,0.0,1014.0,66.0,5.0,0.0,0.0
2024-07-27 00:00:00,11.0,7.0,23.0,0.0,1014.0,67.0,5.0,0.0,0.0
2024-07-27 01:00:00,10.0,7.0,23.0,0.0,1014.0,68.0,4.0,0.0,0.0
2024-07-27 02:00:00,9.0,6.0,23.0,0.0,1014.0,68.0,5.0,0.0,0.0
2024-07-27 03:00:00,9.0,7.0,23.0,0.0,1014.0,65.0,6.0,0.0,0.0
2024-07-27 04:00:00,10.0,7.0,23.0,0.0,1014.0,66.0,4.0,0.0,0.0
2024-07-27 05:00:00,9.0,6.0,23.0,0.0,1015.0,69.0,5.0,0.0,0.0
2024-07-27 06:00:00,10.0,7.0,24.0,0.0,1015.0,66.0,4.0,0.0,0.0
2024-07-27 07:00:00,9.0,6.0,27.0,0.0,1015.0,54.0,6.0,0.0,0.0
2024-07-27 08:00:00,12.0,7.0,29.0,0.0,1016.0,52.0,4.0,0.0,0.0
2024-07-27 09:00:00,17.0,8.0,30.0,0.0,1016.0,51.0,3.0,0.0,0.0
2024-07-27 10:00:00,13.0,8.0,30.0,0.0,1016.0,50.0,3.0,0.0,0.0
2024-07-27 11:00:00,13.0,8.0,30.0,0.0,1016.0,51.0,4.0,0.0,0.0
2024-07-27 12:00:00,14.0,8.0,30.0,0.0,1016.0,50.0,5.0,0.0,0.0
2024-07-27 13:00:00,12.0,7.0,30.0,0.0,1016.0,50.0,6.0,0.0,0.0
2024-07-27 14:00:00,11.0,7.0,30.0,0.0,1016.0,52.0,8.0,0.0,0.0
2024-07-27 15:00:00,13.0,7.0,30.0,0.0,1015.0,52.0,6.0,0.0,0.0
2024-07-27 16:00:00,13.0,9.0,29.0,0.0,1015.0,54.0,5.0,0.0,0.0
2024-07-27 17:00:00,17.0,10.0,29.0,0.0,1015.0,54.0,3.0,0.0,0.0
2024-07-27 18:00:00,15.0,10.0,28.0,0.0,1015.0,58.0,2.0,0.0,0.0
2024-07-27 19:00:00,15.0,10.0,26.0,0.0,1016.0,75.0,3.0,0.0,0.0
2024-07-27 20:00:00,16.0,11.0,26.0,0.0,1016.0,77.0,2.0,0.0,0.0
2024-07-27 21:00:00,22.0,12.0,25.0,0.0,1016.0,79.0,2.0,0.0,0.0
2024-07-27 22:00:00,24.0,15.0,25.0,0.0,1017.0,69.0,2.0,0.0,0.0
2024-07-27 23:00:00,24.0,14.0,25.0,0.0,1017.0,72.0,3.0,0.0,0.0
2024-07-28 00:00:00,19.0,13.0,24.0,0.0,1017.0,72.0,4.0,0.0,0.0
2024-07-28 01:00:00,21.0,14.0,24.0,0.0,1017.0,73.0,4.0,0.0,0.0
2024-07-28 02:00:00,19.0,13.0,24.0,0.0,1017.0,73.0,4.0,0.0,0.0
2024-07-28 03:00:00,16.0,12.0,24.0,0.0,1017.0,74.0,5.0,0.0,0.0
2024-07-28 04:00:00,15.0,12.0,24.0,0.0,1017.0,75.0,6.0,0.0,0.0
2024-07-28 05:00:00,15.0,11.0,24.0,0.0,1017.0,76.0,5.0,0.0,0.0
2024-07-28 06:00:00,14.0,11.0,25.0,0.0,1017.0,74.0,3.0,0.0,0.0
2024-07-28 07:00:00,15.0,11.0,29.0,0.0,1017.0,56.0,5.0,0.0,0.0
2024-07-28 08:00:00,17.0,11.0,31.0,0.0,1017.0,51.0,5.0,0.0,0.0
2024-07-28 09:00:00,16.0,11.0,32.0,0.0,1017.0,48.0,3.0,0.0,0.0
2024-07-28 10:00:00,18.0,12.0,32.0,0.0,1017.0,46.0,2.0,0.0,0.0
2024-07-28 11:00:00,20.0,14.0,32.0,0.0,1017.0,48.0,7.0,0.0,0.0
2024-07-28 12:00:00,18.0,13.0,31.0,0.0,1017.0,56.0,11.0,0.0,0.0
2024-07-28 13:00:00,16.0,12.0,30.0,0.0,1017.0,57.0,9.0,0.0,0.0
2024-07-28 14:00:00,16.0,11.0,30.0,0.0,1017.0,58.0,7.0,0.0,0.0
2024-07-28 15:00:00,15.0,10.0,30.0,0.0,1016.0,58.0,6.0,0.0,0.0
2024-07-28 16:00:00,15.0,10.0,30.0,0.0,1016.0,57.0,5.0,0.0,0.0
2024-07-28 17:00:00,13.0,9.0,29.0,0.0,1017.0,55.0,8.0,0.0,0.0
2024-07-28 18:00:00,10.0,7.0,29.0,0.0,1017.0,54.0,6.0,0.0,0.0
2024-07-28 19:00:00,11.0,7.0,27.0,0.0,1018.0,73.0,32.0,0.0,0.0
2024-07-28 20:00:00,14.0,7.0,26.0,0.0,1019.0,64.0,24.0,0.0,0.0
2024-07-28 21:00:00,13.0,8.0,26.0,0.0,1019.0,57.0,23.0,0.0,0.0
2024-07-28 22:00:00,25.0,7.0,26.0,0.0,1019.0,59.0,22.0,0.0,0.0
2024-07-28 23:00:00,39.0,7.0,26.0,0.0,1019.0,57.0,13.0,0.0,0.0
2024-07-29 00:00:00,12.0,4.0,26.0,0.0,1019.0,57.0,9.0,0.0,0.0
2024-07-29 01:00:00,7.0,4.0,26.0,0.0,1019.0,59.0,9.0,0.0,0.0
2024-07-29 02:00:00,6.0,3.0,25.0,0.0,1019.0,60.0,9.0,0.0,0.0
2024-07-29 03:00:00,5.0,3.0,25.0,0.0,1019.0,60.0,10.0,0.0,0.0
2024-07-29 04:00:00,6.0,4.0,24.0,0.0,1019.0,61.0,12.0,0.0,0.0
2024-07-29 05:00:00,5.0,3.0,24.0,0.0,1019.0,64.0,11.0,0.0,0.0
2024-07-29 06:00:00,5.0,4.0,25.0,0.0,1020.0,64.0,11.0,0.0,0.0
2024-07-29 07:00:00,7.0,4.0,28.0,0.0,1019.0,50.0,11.0,0.0,0.0
2024-07-29 08:00:00,16.0,6.0,29.0,0.0,1019.0,48.0,10.0,0.0,0.0
2024-07-29 09:00:00,17.0,6.0,30.0,0.0,1019.0,46.0,12.0,0.0,0.0
2024-07-29 10:00:00,20.0,6.0,31.0,0.0,1019.0,45.0,14.0,0.0,0.0
2024-07-29 11:00:00,14.0,5.0,32.0,0.0,1018.0,43.0,19.0,0.0,0.0
2024-07-29 12:00:00,10.0,5.0,32.0,0.0,1018.0,43.0,19.0,0.0,0.0
2024-07-29 13:00:00,10.0,4.0,32.0,0.0,1017.0,44.0,18.0,0.0,0.0
2024-07-29 14:00:00,9.0,4.0,32.0,0.0,1017.0,44.0,19.0,0.0,0.0
2024-07-29 15:00:00,7.0,4.0,31.0,0.0,1017.0,45.0,14.0,0.0,0.0
2024-07-29 16:00:00,9.0,5.0,30.0,0.0,1017.0,52.0,4.0,0.0,0.0
2024-07-29 17:00:00,8.0,5.0,29.0,0.0,1017.0,55.0,9.0,0.0,0.0
2024-07-29 18:00:00,9.0,5.0,28.0,0.0,1017.0,51.0,18.0,0.0,0.0
2024-07-29 19:00:00,10.0,5.0,27.0,0.0,1017.0,53.0,10.0,0.0,0.0
2024-07-29 20:00:00,11.0,6.0,26.0,0.0,1017.0,53.0,9.0,0.0,0.0
2024-07-29 21:00:00,13.0,6.0,26.0,0.0,1018.0,53.0,7.0,0.0,0.0
2024-07-29 22:00:00,14.0,6.0,25.0,0.0,1018.0,52.0,6.0,0.0,0.0
2024-07-29 23:00:00,10.0,6.0,25.0,0.0,1018.0,52.0,6.0,0.0,0.0
2024-07-30 00:00:00,10.0,6.0,25.0,0.0,1018.0,52.0,5.0,0.0,0.0
2024-07-30 01:00:00,8.0,6.0,24.0,0.0,1018.0,54.0,4.0,0.0,0.0
2024-07-30 02:00:00,9.0,6.0,24.0,0.0,1018.0,56.0,4.0,0.0,0.0
2024-07-30 03:00:00,9.0,6.0,24.0,0.0,1018.0,56.0,3.0,0.0,0.0
2024-07-30 04:00:00,9.0,6.0,24.0,0.0,1018.0,56.0,4.0,0.0,0.0
2024-07-30 05:00:00,9.0,6.0,24.0,0.0,1018.0,57.0,5.0,0.0,0.0
2024-07-30 06:00:00,10.0,6.0,25.0,0.0,1018.0,54.0,5.0,0.0,0.0
2024-07-30 07:00:00,10.0,6.0,28.0,0.0,1018.0,43.0,4.0,0.0,0.0
2024-07-30 08:00:00,12.0,7.0,30.0,0.0,1018.0,39.0,5.0,0.0,0.0
2024-07-30 09:00:00,16.0,7.0,31.0,0.0,1018.0,35.0,5.0,0.0,0.0
2024-07-30 10:00:00,16.0,6.0,32.0,0.0,1018.0,34.0,6.0,0.0,0.0
2024-07-30 11:00:00,12.0,6.0,32.0,0.0,1018.0,34.0,6.0,0.0,0.0
2024-07-30 12:00:00,11.0,6.0,31.0,0.0,1017.0,44.0,15.0,0.0,0.0
2024-07-30 13:00:00,10.0,6.0,30.0,0.0,1017.0,44.0,21.0,0.0,0.0
2024-07-30 14:00:00,14.0,7.0,30.0,0.0,1017.0,43.0,18.0,0.0,0.0
2024-07-30 15:00:00,12.0,7.0,29.0,0.0,1016.0,50.0,15.0,0.0,0.0
2024-07-30 16:00:00,13.0,7.0,28.0,0.0,1016.0,58.0,13.0,0.0,0.0
2024-07-30 17:00:00,12.0,7.0,28.0,0.0,1016.0,63.0,9.0,0.0,0.0
2024-07-30 18:00:00,11.0,7.0,27.0,0.0,1016.0,64.0,1.0,0.0,0.0
2024-07-30 19:00:00,12.0,7.0,26.0,0.0,1016.0,69.0,5.0,0.0,0.0
2024-07-30 20:00:00,12.0,7.0,25.0,0.0,1016.0,66.0,5.0,0.0,0.0
2024-07-30 21:00:00,11.0,7.0,25.0,0.0,1016.0,61.0,5.0,0.0,0.0
2024-07-30 22:00:00,26.0,19.0,24.0,0.0,1016.0,57.0,5.0,0.0,0.0
2024-07-30 23:00:00,14.0,10.0,24.0,0.0,1016.0,58.0,3.0,0.0,0.0
2024-07-31 00:00:00,14.0,9.0,24.0,0.0,1016.0,58.0,5.0,0.0,0.0
2024-07-31 01:00:00,12.0,8.0,24.0,0.0,1016.0,58.0,6.0,0.0,0.0
2024-07-31 02:00:00,14.0,8.0,24.0,0.0,1015.0,60.0,5.0,0.0,0.0
2024-07-31 03:00:00,14.0,8.0,23.0,0.0,1015.0,62.0,4.0,0.0,0.0
2024-07-31 04:00:00,15.0,10.0,23.0,0.0,1015.0,64.0,4.0,0.0,0.0
2024-07-31 05:00:00,14.0,9.0,23.0,0.0,1015.0,65.0,4.0,0.0,0.0
2024-07-31 06:00:00,14.0,9.0,24.0,0.0,1015.0,63.0,4.0,0.0,0.0
2024-07-31 07:00:00,14.0,9.0,27.0,0.0,1015.0,55.0,3.0,0.0,0.0
2024-07-31 08:00:00,18.0,10.0,29.0,0.0,1015.0,50.0,5.0,0.0,0.0
2024-07-31 09:00:00,21.0,10.0,30.0,0.0,1014.0,49.0,2.0,0.0,0.0
2024-07-31 10:00:00,17.0,9.0,30.0,0.0,1015.0,52.0,10.0,0.0,0.0
2024-07-31 11:00:00,18.0,11.0,30.0,0.0,1015.0,51.0,12.0,0.0,0.0
2024-07-31 12:00:00,15.0,9.0,30.0,0.0,1014.0,51.0,9.0,0.0,0.0
2024-07-31 13:00:00,15.0,10.0,30.0,0.0,1014.0,53.0,10.0,0.0,0.0
2024-07-31 14:00:00,16.0,11.0,30.0,0.0,1014.0,56.0,12.0,0.0,0.0
2024-07-31 15:00:00,15.0,11.0,29.0,0.0,1013.0,58.0,12.0,0.0,0.0
2024-07-31 16:00:00,15.0,11.0,29.0,0.0,1013.0,60.0,8.0,0.0,0.0
2024-07-31 17:00:00,16.0,11.0,28.0,0.0,1014.0,61.0,6.0,0.0,0.0
2024-07-31 18:00:00,15.0,10.0,28.0,0.0,1013.0,73.0,3.0,0.0,0.0
2024-07-31 19:00:00,14.0,9.0,26.0,0.0,1014.0,76.0,3.0,0.0,0.0
2024-07-31 20:00:00,14.0,9.0,26.0,0.0,1013.0,70.0,4.0,0.0,0.0
2024-07-31 21:00:00,17.0,9.0,26.0,0.0,1013.0,63.0,5.0,0.0,0.0
2024-07-31 22:00:00,18.0,10.0,25.0,0.0,1013.0,64.0,5.0,0.0,0.0
2024-07-31 23:00:00,16.0,10.0,24.0,0.0,1013.0,67.0,1.0,0.0,0.0
2024-08-01 00:00:00,15.0,10.0,24.0,0.0,1013.0,72.0,1.0,0.0,0.0
2024-08-01 01:00:00,16.0,10.0,24.0,0.0,1013.0,68.0,7.0,0.0,0.0
2024-08-01 02:00:00,16.0,11.0,24.0,0.0,1013.0,63.0,6.0,0.0,0.0
2024-08-01 03:00:00,15.0,11.0,24.0,0.0,1012.0,64.0,4.0,0.0,0.0
2024-08-01 04:00:00,14.0,11.0,24.0,0.0,1012.0,64.0,2.0,0.0,0.0
2024-08-01 05:00:00,14.0,11.0,24.0,0.0,1012.0,68.0,1.0,0.0,0.0
2024-08-01 06:00:00,15.0,11.0,25.0,0.0,1012.0,66.0,5.0,0.0,0.0
2024-08-01 07:00:00,15.0,11.0,28.0,0.0,1011.0,58.0,6.0,0.0,0.0
2024-08-01 08:00:00,20.0,11.0,30.0,0.0,1011.0,53.0,7.0,0.0,0.0
2024-08-01 09:00:00,26.0,12.0,32.0,0.0,1011.0,50.0,4.0,0.0,0.0
2024-08-01 10:00:00,25.0,12.0,31.0,0.0,1011.0,53.0,6.0,0.0,0.0
2024-08-01 11:00:00,21.0,12.0,31.0,0.0,1011.0,58.0,16.0,0.0,0.0
2024-08-01 12:00:00,23.0,14.0,31.0,0.0,1010.0,60.0,14.0,0.0,0.0
2024-08-01 13:00:00,22.0,14.0,31.0,0.0,1010.0,62.0,11.0,0.0,0.0
2024-08-01 14:00:00,21.0,14.0,31.0,0.0,1009.0,64.0,11.0,0.0,0.0
2024-08-01 15:00:00,18.0,11.0,30.0,0.0,1009.0,64.0,10.0,0.0,0.0
2024-08-01 16:00:00,17.0,12.0,30.0,0.0,1009.0,62.0,6.0,0.0,0.0
2024-08-01 17:00:00,17.0,11.0,30.0,0.0,1009.0,58.0,4.0,0.0,0.0
2024-08-01 18:00:00,17.0,11.0,29.0,0.0,1009.0,65.0,8.0,0.0,0.0
2024-08-01 19:00:00,18.0,11.0,28.0,0.0,1009.0,68.0,12.0,0.0,0.0
2024-08-01 20:00:00,17.0,11.0,24.0,3.3,1012.0,85.0,58.0,0.0,0.0
2024-08-01 21:00:00,25.0,12.0,22.0,8.2,1011.0,93.0,26.0,0.0,0.0
2024-08-01 22:00:00,33.0,13.0,22.0,0.0,1011.0,81.0,7.0,0.0,0.0
2024-08-01 23:00:00,18.0,10.0,22.0,0.0,1010.0,87.0,12.0,0.0,0.0
2024-08-02 00:00:00,13.0,8.0,21.0,0.0,1010.0,86.0,5.0,0.0,0.0
2024-08-02 01:00:00,10.0,7.0,21.0,0.0,1010.0,86.0,4.0,0.0,0.0
2024-08-02 02:00:00,11.0,6.0,21.0,0.0,1010.0,85.0,5.0,0.0,0.0
2024-08-02 03:00:00,12.0,7.0,21.0,0.0,1010.0,84.0,3.0,0.0,0.0
2024-08-02 04:00:00,11.0,7.0,21.0,0.0,1010.0,83.0,4.0,0.0,0.0
2024-08-02 05:00:00,11.0,7.0,22.0,0.0,1010.0,81.0,3.0,0.0,0.0
2024-08-02 06:00:00,15.0,8.0,22.0,0.0,1010.0,77.0,4.0,0.0,0.0
2024-08-02 07:00:00,15.0,8.0,24.0,0.0,1009.0,80.0,1.0,0.0,0.0
2024-08-02 08:00:00,16.0,9.0,26.0,0.0,1009.0,74.0,4.0,0.0,0.0
2024-08-02 09:00:00,16.0,8.0,26.0,0.0,1010.0,75.0,4.0,0.0,0.0
2024-08-02 10:00:00,11.0,7.0,27.0,0.0,1010.0,72.0,5.0,0.0,0.0
2024-08-02 11:00:00,11.0,7.0,28.0,0.0,1009.0,70.0,6.0,0.0,0.0
2024-08-02 12:00:00,12.0,8.0,28.0,0.0,1008.0,66.0,6.0,0.0,0.0
2024-08-02 13:00:00,11.0,7.0,28.0,0.0,1008.0,66.0,9.0,0.0,0.0
2024-08-02 14:00:00,8.0,5.0,28.0,0.0,1007.0,66.0,13.0,0.0,0.0
2024-08-02 15:00:00,7.0,5.0,28.0,0.0,1007.0,70.0,14.0,0.0,0.0
2024-08-02 16:00:00,7.0,5.0,28.0,0.0,1008.0,71.0,14.0,0.0,0.0
2024-08-02 17:00:00,7.0,5.0,27.0,0.0,1008.0,72.0,7.0,0.0,0.0
2024-08-02 18:00:00,8.0,5.0,27.0,0.0,1007.0,67.0,5.0,0.0,0.0
2024-08-02 19:00:00,8.0,5.0,26.0,0.0,1007.0,75.0,8.0,0.0,0.0
2024-08-02 20:00:00,10.0,7.0,26.0,0.0,1007.0,66.0,14.0,0.0,0.0
2024-08-02 21:00:00,8.0,5.0,26.0,0.0,1008.0,63.0,10.0,0.0,0.0
2024-08-02 22:00:00,8.0,5.0,26.0,0.0,1008.0,62.0,5.0,0.0,0.0
2024-08-02 23:00:00,11.0,7.0,25.0,0.0,1007.0,69.0,1.0,0.0,0.0
2024-08-03 00:00:00,12.0,8.0,25.0,0.0,1007.0,71.0,2.0,0.0,0.0
2024-08-03 01:00:00,12.0,8.0,25.0,0.0,1007.0,72.0,2.0,0.0,0.0
2024-08-03 02:00:00,12.0,9.0,24.0,0.0,1007.0,72.0,4.0,0.0,0.0
2024-08-03 03:00:00,11.0,8.0,24.0,0.0,1007.0,71.0,5.0,0.0,0.0
2024-08-03 04:00:00,11.0,8.0,24.0,0.0,1007.0,72.0,4.0,0.0,0.0
2024-08-03 05:00:00,11.0,8.0,24.0,0.0,1008.0,74.0,4.0,0.0,0.0
2024-08-03 06:00:00,12.0,8.0,25.0,0.0,1008.0,73.0,5.0,0.0,0.0
2024-08-03 07:00:00,13.0,8.0,27.0,0.0,1009.0,65.0,6.0,0.0,0.0
2024-08-03 08:00:00,15.0,9.0,29.0,0.0,1009.0,58.0,6.0,0.0,0.0
2024-08-03 09:00:00,17.0,10.0,30.0,0.0,1009.0,53.0,8.0,0.0,0.0
2024-08-03 10:00:00,18.0,10.0,32.0,0.0,1009.0,49.0,6.0,0.0,0.0
2024-08-03 11:00:00,17.0,8.0,32.0,0.0,1009.0,46.0,6.0,0.0,0.0
2024-08-03 12:00:00,16.0,8.0,31.0,0.0,1009.0,49.0,4.0,0.0,0.0
2024-08-03 13:00:00,13.0,6.0,31.0,0.0,1009.0,45.0,6.0,0.0,0.0
2024-08-03 14:00:00,10.0,5.0,30.0,0.0,1009.0,58.0,11.0,0.0,0.0
2024-08-03 15:00:00,8.0,4.0,29.0,0.0,1009.0,65.0,12.0,0.0,0.0
2024-08-03 16:00:00,7.0,4.0,28.0,0.0,1009.0,68.0,10.0,0.0,0.0
2024-08-03 17:00:00,9.0,5.0,28.0,0.0,1009.0,68.0,8.0,0.0,0.0
2024-08-03 18:00:00,8.0,5.0,27.0,0.0,1009.0,71.0,4.0,0.0,0.0
2024-08-03 19:00:00,8.0,5.0,26.0,0.0,1009.0,75.0,2.0,0.0,0.0
2024-08-03 20:00:00,8.0,5.0,26.0,0.0,1010.0,77.0,2.0,0.0,0.0
2024-08-03 21:00:00,9.0,5.0,25.0,0.0,1010.0,75.0,4.0,0.0,0.0
2024-08-03 22:00:00,12.0,6.0,25.0,0.0,1011.0,72.0,5.0,0.0,0.0
2024-08-03 23:00:00,11.0,6.0,24.0,0.0,1011.0,71.0,6.0,0.0,0.0
2024-08-04 00:00:00,11.0,6.0,24.0,0.0,1011.0,71.0,5.0,0.0,0.0
2024-08-04 01:00:00,9.0,6.0,23.0,0.0,1011.0,71.0,5.0,0.0,0.0
2024-08-04 02:00:00,8.0,5.0,23.0,0.0,1011.0,68.0,5.0,0.0,0.0
2024-08-04 03:00:00,8.0,5.0,23.0,0.0,1011.0,67.0,5.0,0.0,0.0
2024-08-04 04:00:00,7.0,5.0,23.0,0.0,1011.0,67.0,6.0,0.0,0.0
2024-08-04 05:00:00,7.0,5.0,23.0,0.0,1011.0,68.0,6.0,0.0,0.0
2024-08-04 06:00:00,6.0,5.0,24.0,0.0,1012.0,68.0,4.0,0.0,0.0
2024-08-04 07:00:00,7.0,5.0,28.0,0.0,1011.0,45.0,2.0,0.0,0.0
2024-08-04 08:00:00,8.0,5.0,30.0,0.0,1011.0,41.0,3.0,0.0,0.0
2024-08-04 09:00:00,8.0,5.0,31.0,0.0,1012.0,37.0,3.0,0.0,0.0
2024-08-04 10:00:00,8.0,5.0,31.0,0.0,1012.0,36.0,3.0,0.0,0.0
2024-08-04 11:00:00,8.0,6.0,31.0,0.0,1012.0,37.0,7.0,0.0,0.0
2024-08-04 12:00:00,10.0,6.0,31.0,0.0,1012.0,42.0,8.0,0.0,0.0
2024-08-04 13:00:00,10.0,7.0,30.0,0.0,1011.0,44.0,9.0,0.0,0.0
2024-08-04 14:00:00,9.0,6.0,30.0,0.0,1011.0,48.0,9.0,0.0,0.0
2024-08-04 15:00:00,9.0,6.0,29.0,0.0,1011.0,60.0,14.0,0.0,0.0
2024-08-04 16:00:00,9.0,6.0,31.0,0.0,1010.0,40.0,19.0,0.0,0.0
2024-08-04 17:00:00,12.0,7.0,30.0,0.0,1011.0,43.0,13.0,0.0,0.0
2024-08-04 18:00:00,11.0,7.0,29.0,0.0,1011.0,47.0,9.0,0.0,0.0
2024-08-04 19:00:00,9.0,5.0,27.0,0.0,1011.0,55.0,9.0,0.0,0.0
2024-08-04 20:00:00,12.0,6.0,26.0,0.0,1012.0,58.0,6.0,0.0,0.0
2024-08-04 21:00:00,10.0,6.0,26.0,0.0,1012.0,59.0,5.0,0.0,0.0
2024-08-04 22:00:00,11.0,7.0,26.0,0.0,1012.0,60.0,4.0,0.0,0.0
2024-08-04 23:00:00,9.0,6.0,25.0,0.0,1012.0,62.0,4.0,0.0,0.0
2024-08-05 00:00:00,9.0,7.0,25.0,0.0,1012.0,62.0,4.0,0.0,0.0
2024-08-05 01:00:00,9.0,7.0,25.0,0.0,1012.0,61.0,4.0,0.0,0.0
2024-08-05 02:00:00,9.0,7.0,25.0,0.0,1012.0,60.0,4.0,0.0,0.0
2024-08-05 03:00:00,9.0,7.0,25.0,0.0,1012.0,58.0,7.0,0.0,0.0
2024-08-05 04:00:00,9.0,7.0,24.0,0.0,1011.0,59.0,6.0,0.0,0.0
2024-08-05 05:00:00,9.0,7.0,24.0,0.0,1012.0,60.0,7.0,0.0,0.0
2024-08-05 06:00:00,11.0,8.0,25.0,0.0,1012.0,59.0,6.0,0.0,0.0
2024-08-05 07:00:00,9.0,7.0,27.0,0.0,1012.0,55.0,7.0,0.0,0.0
2024-08-05 08:00:00,11.0,8.0,28.0,0.0,1012.0,53.0,6.0,0.0,0.0
2024-08-05 09:00:00,15.0,8.0,29.0,0.0,1012.0,50.0,6.0,0.0,0.0
2024-08-05 10:00:00,14.0,8.0,30.0,0.0,1012.0,45.0,1.0,0.0,0.0
2024-08-05 11:00:00,14.0,8.0,30.0,0.0,1012.0,47.0,7.0,0.0,0.0
2024-08-05 12:00:00,22.0,10.0,29.0,0.0,1012.0,57.0,13.0,0.0,0.0
2024-08-05 13:00:00,16.0,10.0,29.0,0.0,1011.0,55.0,13.0,0.0,0.0
2024-08-05 14:00:00,12.0,9.0,29.0,0.0,1011.0,54.0,12.0,0.0,0.0
2024-08-05 15:00:00,10.0,8.0,29.0,0.0,1011.0,54.0,10.0,0.0,0.0
2024-08-05 16:00:00,12.0,9.0,29.0,0.0,1011.0,56.0,8.0,0.0,0.0
2024-08-05 17:00:00,10.0,8.0,28.0,0.0,1011.0,54.0,5.0,0.0,0.0
2024-08-05 18:00:00,9.0,6.0,27.0,0.0,1010.0,69.0,3.0,0.0,0.0
2024-08-05 19:00:00,9.0,6.0,27.0,0.0,1011.0,66.0,3.0,0.0,0.0
2024-08-05 20:00:00,10.0,7.0,26.0,0.0,1011.0,68.0,3.0,0.0,0.0
2024-08-05 21:00:00,13.0,7.0,26.0,0.0,1011.0,67.0,3.0,0.0,0.0
2024-08-05 22:00:00,26.0,10.0,25.0,0.0,1011.0,67.0,4.0,0.0,0.0
2024-08-05 23:00:00,17.0,10.0,25.0,0.0,1011.0,67.0,4.0,0.0,0.0
2024-08-06 00:00:00,13.0,9.0,25.0,0.0,1011.0,67.0,4.0,0.0,0.0
2024-08-06 01:00:00,11.0,8.0,24.0,0.0,1011.0,67.0,5.0,0.0,0.0
2024-08-06 02:00:00,11.0,7.0,24.0,0.0,1011.0,66.0,6.0,0.0,0.0
2024-08-06 03:00:00,10.0,7.0,24.0,0.0,1011.0,66.0,8.0,0.0,0.0
2024-08-06 04:00:00,10.0,7.0,24.0,0.0,1011.0,66.0,8.0,0.0,0.0
2024-08-06 05:00:00,10.0,8.0,24.0,0.0,1011.0,69.0,8.0,0.0,0.0
2024-08-06 06:00:00,11.0,9.0,24.0,0.0,1012.0,68.0,9.0,0.0,0.0
2024-08-06 07:00:00,11.0,8.0,28.0,0.0,1012.0,53.0,10.0,0.0,0.0
2024-08-06 08:00:00,15.0,8.0,30.0,0.0,1012.0,47.0,12.0,0.0,0.0
2024-08-06 09:00:00,25.0,8.0,31.0,0.0,1012.0,43.0,11.0,0.0,0.0
2024-08-06 10:00:00,21.0,8.0,32.0,0.0,1012.0,41.0,9.0,0.0,0.0
2024-08-06 11:00:00,20.0,7.0,32.0,0.0,1012.0,41.0,9.0,0.0,0.0
2024-08-06 12:00:00,12.0,7.0,32.0,0.0,1011.0,45.0,13.0,0.0,0.0
2024-08-06 13:00:00,11.0,7.0,30.0,0.0,1011.0,49.0,18.0,0.0,0.0
2024-08-06 14:00:00,12.0,7.0,30.0,0.0,1011.0,51.0,17.0,0.0,0.0
2024-08-06 15:00:00,12.0,8.0,29.0,0.0,1011.0,55.0,14.0,0.0,0.0
2024-08-06 16:00:00,11.0,9.0,29.0,0.0,1010.0,59.0,9.0,0.0,0.0
2024-08-06 17:00:00,13.0,9.0,28.0,0.0,1010.0,62.0,6.0,0.0,0.0
2024-08-06 18:00:00,12.0,9.0,28.0,0.0,1010.0,65.0,5.0,0.0,0.0
2024-08-06 19:00:00,12.0,9.0,27.0,0.0,1011.0,66.0,4.0,0.0,0.0
2024-08-06 20:00:00,12.0,9.0,26.0,0.0,1011.0,66.0,4.0,0.0,0.0
2024-08-06 21:00:00,14.0,9.0,26.0,0.0,1011.0,68.0,3.0,0.0,0.0
2024-08-06 22:00:00,15.0,9.0,26.0,0.0,1012.0,68.0,5.0,0.0,0.0
2024-08-06 23:00:00,17.0,10.0,25.0,0.0,1011.0,69.0,4.0,0.0,0.0
2024-08-07 00:00:00,14.0,10.0,24.0,0.0,1011.0,67.0,5.0,0.0,0.0
2024-08-07 01:00:00,16.0,11.0,24.0,0.0,1011.0,66.0,6.0,0.0,0.0
2024-08-07 02:00:00,13.0,10.0,24.0,0.0,1011.0,66.0,6.0,0.0,0.0
2024-08-07 03:00:00,13.0,10.0,24.0,0.0,1011.0,66.0,4.0,0.0,0.0
2024-08-07 04:00:00,13.0,10.0,24.0,0.0,1011.0,64.0,6.0,0.0,0.0
2024-08-07 05:00:00,13.0,10.0,24.0,0.0,1012.0,68.0,4.0,0.0,0.0
2024-08-07 06:00:00,13.0,9.0,25.0,0.0,1012.0,65.0,9.0,0.0,0.0
2024-08-07 07:00:00,14.0,9.0,28.0,0.0,1012.0,56.0,5.0,0.0,0.0
2024-08-07 08:00:00,18.0,10.0,30.0,0.0,1012.0,56.0,4.0,0.0,0.0
2024-08-07 09:00:00,19.0,10.0,31.0,0.0,1012.0,51.0,4.0,0.0,0.0
2024-08-07 10:00:00,20.0,10.0,32.0,0.0,1012.0,49.0,2.0,0.0,0.0
2024-08-07 11:00:00,17.0,9.0,32.0,0.0,1012.0,54.0,6.0,0.0,0.0
2024-08-07 12:00:00,18.0,10.0,30.0,0.0,1012.0,58.0,10.0,0.0,0.0
2024-08-07 13:00:00,16.0,9.0,31.0,0.0,1011.0,51.0,15.0,0.0,0.0
2024-08-07 14:00:00,16.0,9.0,30.0,0.0,1011.0,55.0,14.0,0.0,0.0
2024-08-07 15:00:00,12.0,8.0,30.0,0.0,1011.0,57.0,12.0,0.0,0.0
2024-08-07 16:00:00,9.0,7.0,30.0,0.0,1011.0,60.0,14.0,0.0,0.0
2024-08-07 17:00:00,11.0,8.0,29.0,0.0,1011.0,64.0,8.0,0.0,0.0
2024-08-07 18:00:00,11.0,8.0,28.0,0.0,1011.0,68.0,3.0,0.0,0.0
2024-08-07 19:00:00,15.0,9.0,27.0,0.0,1011.0,75.0,4.0,0.0,0.0
2024-08-07 20:00:00,17.0,11.0,27.0,0.0,1012.0,75.0,4.0,0.0,0.0
2024-08-07 21:00:00,26.0,12.0,25.0,18.4,1014.0,88.0,19.0,0.0,0.0
2024-08-07 22:00:00,26.0,12.0,22.0,9.4,1013.0,95.0,27.0,0.0,0.0
2024-08-07 23:00:00,18.0,10.0,23.0,0.4,1013.0,81.0,25.0,0.0,0.0
2024-08-08 00:00:00,13.0,6.0,22.0,0.0,1013.0,80.0,8.0,0.0,0.0
2024-08-08 01:00:00,12.0,6.0,22.0,0.0,1013.0,80.0,4.0,0.0,0.0
2024-08-08 02:00:00,11.0,6.0,22.0,0.0,1014.0,79.0,4.0,0.0,0.0
2024-08-08 03:00:00,11.0,6.0,21.0,0.0,1013.0,86.0,6.0,0.0,0.0
2024-08-08 04:00:00,12.0,6.0,22.0,0.0,1013.0,84.0,6.0,0.0,0.0
2024-08-08 05:00:00,14.0,6.0,22.0,0.0,1014.0,81.0,6.0,0.0,0.0
2024-08-08 06:00:00,14.0,7.0,23.0,0.0,1014.0,80.0,3.0,0.0,0.0
2024-08-08 07:00:00,17.0,7.0,27.0,0.0,1013.0,67.0,8.0,0.0,0.0
2024-08-08 08:00:00,21.0,8.0,28.0,0.0,1014.0,60.0,6.0,0.0,0.0
2024-08-08 09:00:00,14.0,7.0,30.0,0.0,1014.0,58.0,9.0,0.0,0.0
2024-08-08 10:00:00,11.0,6.0,30.0,0.0,1014.0,58.0,12.0,0.0,0.0
2024-08-08 11:00:00,13.0,6.0,31.0,0.0,1014.0,58.0,12.0,0.0,0.0
2024-08-08 12:00:00,15.0,6.0,31.0,0.0,1013.0,55.0,13.0,0.0,0.0
2024-08-08 13:00:00,10.0,5.0,32.0,0.0,1013.0,51.0,14.0,0.0,0.0
2024-08-08 14:00:00,9.0,5.0,31.0,0.0,1012.0,52.0,10.0,0.0,0.0
2024-08-08 15:00:00,10.0,5.0,29.0,0.0,1013.0,63.0,18.0,0.0,0.0
2024-08-08 16:00:00,8.0,5.0,29.0,0.0,1013.0,65.0,13.0,0.0,0.0
2024-08-08 17:00:00,7.0,4.0,28.0,0.0,1013.0,64.0,6.0,0.0,0.0
2024-08-08 18:00:00,8.0,4.0,28.0,0.0,1013.0,69.0,1.0,0.0,0.0
2024-08-08 19:00:00,8.0,5.0,27.0,0.0,1013.0,75.0,4.0,0.0,0.0
2024-08-08 20:00:00,9.0,5.0,26.0,0.0,1014.0,75.0,3.0,0.0,0.0
2024-08-08 21:00:00,11.0,5.0,26.0,0.0,1014.0,72.0,5.0,0.0,0.0
2024-08-08 22:00:00,12.0,6.0,26.0,0.0,1014.0,71.0,4.0,0.0,0.0
2024-08-08 23:00:00,14.0,6.0,25.0,0.0,1014.0,69.0,4.0,0.0,0.0
2024-08-09 00:00:00,13.0,6.0,25.0,0.0,1014.0,69.0,4.0,0.0,0.0
2024-08-09 01:00:00,10.0,5.0,25.0,0.0,1014.0,70.0,5.0,0.0,0.0
2024-08-09 02:00:00,6.0,5.0,24.0,0.0,1015.0,71.0,4.0,0.0,0.0
2024-08-09 03:00:00,7.0,5.0,24.0,0.0,1015.0,72.0,4.0,0.0,0.0
2024-08-09 04:00:00,6.0,5.0,24.0,0.0,1015.0,72.0,4.0,0.0,0.0
2024-08-09 05:00:00,7.0,5.0,24.0,0.0,1015.0,74.0,4.0,0.0,0.0
2024-08-09 06:00:00,8.0,6.0,25.0,0.0,1016.0,70.0,4.0,0.0,0.0
2024-08-09 07:00:00,9.0,6.0,28.0,0.0,1016.0,49.0,5.0,0.0,0.0
2024-08-09 08:00:00,12.0,6.0,31.0,0.0,1016.0,42.0,5.0,0.0,0.0
2024-08-09 09:00:00,11.0,6.0,32.0,0.0,1016.0,39.0,4.0,0.0,0.0
2024-08-09 10:00:00,16.0,6.0,32.0,0.0,1016.0,40.0,5.0,0.0,0.0
2024-08-09 11:00:00,13.0,7.0,32.0,0.0,1016.0,47.0,13.0,0.0,0.0
2024-08-09 12:00:00,11.0,7.0,32.0,0.0,1015.0,48.0,15.0,0.0,0.0
2024-08-09 13:00:00,11.0,7.0,31.0,0.0,1015.0,50.0,18.0,0.0,0.0
2024-08-09 14:00:00,11.0,6.0,31.0,0.0,1015.0,49.0,18.0,0.0,0.0
2024-08-09 15:00:00,10.0,6.0,31.0,0.0,1015.0,53.0,16.0,0.0,0.0
2024-08-09 16:00:00,9.0,6.0,30.0,0.0,1015.0,55.0,13.0,0.0,0.0
2024-08-09 17:00:00,9.0,6.0,30.0,0.0,1015.0,57.0,8.0,0.0,0.0
2024-08-09 18:00:00,10.0,6.0,29.0,0.0,1016.0,58.0,5.0,0.0,0.0
2024-08-09 19:00:00,10.0,6.0,28.0,0.0,1016.0,67.0,2.0,0.0,0.0
2024-08-09 20:00:00,10.0,6.0,27.0,0.0,1016.0,65.0,2.0,0.0,0.0
2024-08-09 21:00:00,12.0,6.0,27.0,0.0,1016.0,67.0,3.0,0.0,0.0
2024-08-09 22:00:00,12.0,7.0,27.0,0.0,1017.0,64.0,4.0,0.0,0.0
2024-08-09 23:00:00,12.0,7.0,26.0,0.0,1017.0,63.0,4.0,0.0,0.0
2024-08-10 00:00:00,11.0,7.0,26.0,0.0,1017.0,64.0,3.0,0.0,0.0
2024-08-10 01:00:00,11.0,7.0,26.0,0.0,1017.0,64.0,3.0,0.0,0.0
2024-08-10 02:00:00,10.0,7.0,26.0,0.0,1017.0,62.0,4.0,0.0,0.0
2024-08-10 03:00:00,11.0,7.0,25.0,0.0,1017.0,64.0,5.0,0.0,0.0
2024-08-10 04:00:00,10.0,7.0,25.0,0.0,1018.0,66.0,5.0,0.0,0.0
2024-08-10 05:00:00,10.0,7.0,25.0,0.0,1018.0,67.0,4.0,0.0,0.0
2024-08-10 06:00:00,11.0,7.0,26.0,0.0,1019.0,63.0,4.0,0.0,0.0
2024-08-10 07:00:00,11.0,8.0,28.0,0.0,1018.0,59.0,5.0,0.0,0.0
2024-08-10 08:00:00,13.0,8.0,31.0,0.0,1018.0,54.0,5.0,0.0,0.0
2024-08-10 09:00:00,15.0,8.0,32.0,0.0,1019.0,49.0,3.0,0.0,0.0
2024-08-10 10:00:00,14.0,8.0,32.0,0.0,1019.0,53.0,8.0,0.0,0.0
2024-08-10 11:00:00,14.0,8.0,32.0,0.0,1019.0,55.0,11.0,0.0,0.0
2024-08-10 12:00:00,10.0,6.0,32.0,0.0,1019.0,56.0,14.0,0.0,0.0
2024-08-10 13:00:00,15.0,6.0,31.0,0.0,1019.0,58.0,18.0,0.0,0.0
2024-08-10 14:00:00,9.0,6.0,32.0,0.0,1018.0,56.0,16.0,0.0,0.0
2024-08-10 15:00:00,10.0,6.0,32.0,0.0,1018.0,54.0,12.0,0.0,0.0
2024-08-10 16:00:00,11.0,7.0,31.0,0.0,1018.0,57.0,8.0,0.0,0.0
2024-08-10 17:00:00,10.0,7.0,30.0,0.0,1018.0,60.0,6.0,0.0,0.0
2024-08-10 18:00:00,10.0,6.0,29.0,0.0,1019.0,74.0,5.0,0.0,0.0
2024-08-10 19:00:00,13.0,7.0,28.0,0.0,1019.0,67.0,3.0,0.0,0.0
2024-08-10 20:00:00,36.0,11.0,28.0,0.0,1019.0,68.0,4.0,0.0,0.0
2024-08-10 21:00:00,29.0,12.0,28.0,0.0,1019.0,66.0,4.0,0.0,0.0
2024-08-10 22:00:00,12.0,8.0,27.0,0.0,1019.0,63.0,5.0,0.0,0.0
2024-08-10 23:00:00,13.0,8.0,27.0,0.0,1019.0,62.0,5.0,0.0,0.0
2024-08-11 00:00:00,13.0,9.0,27.0,0.0,1019.0,64.0,4.0,0.0,0.0
2024-08-11 01:00:00,12.0,8.0,26.0,0.0,1018.0,64.0,3.0,0.0,0.0
2024-08-11 02:00:00,11.0,7.0,26.0,0.0,1018.0,66.0,3.0,0.0,0.0
2024-08-11 03:00:00,10.0,7.0,26.0,0.0,1018.0,67.0,4.0,0.0,0.0
2024-08-11 04:00:00,11.0,7.0,25.0,0.0,1018.0,70.0,5.0,0.0,0.0
2024-08-11 05:00:00,9.0,7.0,25.0,0.0,1019.0,72.0,5.0,0.0,0.0
2024-08-11 06:00:00,10.0,7.0,26.0,0.0,1019.0,72.0,5.0,0.0,0.0
2024-08-11 07:00:00,11.0,7.0,29.0,0.0,1019.0,46.0,5.0,0.0,0.0
2024-08-11 08:00:00,11.0,7.0,31.0,0.0,1019.0,42.0,6.0,0.0,0.0
2024-08-11 09:00:00,13.0,8.0,33.0,0.0,1019.0,39.0,3.0,0.0,0.0
2024-08-11 10:00:00,12.0,8.0,33.0,0.0,1019.0,42.0,3.0,0.0,0.0
2024-08-11 11:00:00,14.0,9.0,32.0,0.0,1018.0,44.0,8.0,0.0,0.0
2024-08-11 12:00:00,14.0,10.0,32.0,0.0,1018.0,48.0,12.0,0.0,0.0
2024-08-11 13:00:00,13.0,9.0,31.0,0.0,1017.0,51.0,14.0,0.0,0.0
2024-08-11 14:00:00,12.0,9.0,32.0,0.0,1016.0,49.0,15.0,0.0,0.0
2024-08-11 15:00:00,11.0,8.0,31.0,0.0,1016.0,51.0,12.0,0.0,0.0
2024-08-11 16:00:00,9.0,7.0,31.0,0.0,1016.0,55.0,8.0,0.0,0.0
2024-08-11 17:00:00,10.0,7.0,30.0,0.0,1016.0,60.0,3.0,0.0,0.0
2024-08-11 18:00:00,11.0,7.0,29.0,0.0,1016.0,71.0,5.0,0.0,0.0
2024-08-11 19:00:00,11.0,6.0,29.0,0.0,1016.0,57.0,4.0,0.0,0.0
2024-08-11 20:00:00,15.0,8.0,29.0,0.0,1016.0,50.0,5.0,0.0,0.0
2024-08-11 21:00:00,18.0,9.0,28.0,0.0,1016.0,41.0,7.0,0.0,0.0
2024-08-11 22:00:00,13.0,8.0,28.0,0.0,1015.0,39.0,5.0,0.0,0.0
2024-08-11 23:00:00,11.0,7.0,28.0,0.0,1015.0,46.0,5.0,0.0,0.0
2024-08-12 00:00:00,10.0,7.0,27.0,0.0,1015.0,51.0,4.0,0.0,0.0
2024-08-12 01:00:00,11.0,7.0,27.0,0.0,1015.0,53.0,3.0,0.0,0.0
2024-08-12 02:00:00,10.0,7.0,27.0,0.0,1014.0,52.0,4.0,0.0,0.0
2024-08-12 03:00:00,10.0,7.0,26.0,0.0,1014.0,52.0,4.0,0.0,0.0
2024-08-12 04:00:00,10.0,7.0,26.0,0.0,1014.0,54.0,4.0,0.0,0.0
2024-08-12 05:00:00,10.0,7.0,26.0,0.0,1014.0,57.0,3.0,0.0,0.0
2024-08-12 06:00:00,9.0,7.0,27.0,0.0,1014.0,58.0,3.0,0.0,0.0
2024-08-12 07:00:00,11.0,7.0,30.0,0.0,1014.0,46.0,11.0,0.0,0.0
2024-08-12 08:00:00,13.0,8.0,32.0,0.0,1014.0,42.0,9.0,0.0,0.0
2024-08-12 09:00:00,16.0,8.0,32.0,0.0,1014.0,45.0,3.0,0.0,0.0
2024-08-12 10:00:00,18.0,9.0,33.0,0.0,1014.0,44.0,3.0,0.0,0.0
2024-08-12 11:00:00,16.0,10.0,32.0,0.0,1013.0,47.0,6.0,0.0,0.0
2024-08-12 12:00:00,15.0,10.0,32.0,0.0,1013.0,50.0,10.0,0.0,0.0
2024-08-12 13:00:00,12.0,9.0,32.0,0.0,1012.0,52.0,9.0,0.0,0.0
2024-08-12 14:00:00,11.0,9.0,32.0,0.0,1012.0,54.0,6.0,0.0,0.0
2024-08-12 15:00:00,12.0,9.0,31.0,0.0,1011.0,59.0,6.0,0.0,0.0
2024-08-12 16:00:00,12.0,9.0,31.0,0.0,1011.0,62.0,3.0,0.0,0.0
2024-08-12 17:00:00,12.0,8.0,31.0,0.0,1011.0,57.0,1.0,0.0,0.0
2024-08-12 18:00:00,11.0,8.0,29.0,0.0,1011.0,77.0,3.0,0.0,0.0
2024-08-12 19:00:00,12.0,7.0,29.0,0.0,1011.0,67.0,3.0,0.0,0.0
2024-08-12 20:00:00,13.0,7.0,28.0,0.0,1011.0,60.0,4.0,0.0,0.0
2024-08-12 21:00:00,18.0,8.0,28.0,0.0,1012.0,52.0,5.0,0.0,0.0
2024-08-12 22:00:00,14.0,8.0,27.0,0.0,1011.0,49.0,6.0,0.0,0.0
2024-08-12 23:00:00,13.0,9.0,26.0,0.0,1011.0,49.0,6.0,0.0,0.0
2024-08-13 00:00:00,13.0,9.0,26.0,0.0,1011.0,48.0,6.0,0.0,0.0
2024-08-13 01:00:00,12.0,8.0,26.0,0.0,1011.0,53.0,4.0,0.0,0.0
2024-08-13 02:00:00,12.0,8.0,26.0,0.0,1011.0,52.0,4.0,0.0,0.0
2024-08-13 03:00:00,11.0,8.0,26.0,0.0,1011.0,48.0,5.0,0.0,0.0
2024-08-13 04:00:00,12.0,8.0,27.0,0.0,1011.0,48.0,5.0,0.0,0.0
2024-08-13 05:00:00,11.0,8.0,27.0,0.0,1011.0,54.0,5.0,0.0,0.0
2024-08-13 06:00:00,11.0,8.0,27.0,0.0,1011.0,60.0,6.0,0.0,0.0
2024-08-13 07:00:00,12.0,9.0,29.0,0.0,1011.0,43.0,4.0,0.0,0.0
2024-08-13 08:00:00,19.0,9.0,31.0,0.0,1011.0,41.0,1.0,0.0,0.0
2024-08-13 09:00:00,19.0,9.0,32.0,0.0,1011.0,40.0,3.0,0.0,0.0
2024-08-13 10:00:00,19.0,9.0,32.0,0.0,1011.0,39.0,3.0,0.0,0.0
2024-08-13 11:00:00,19.0,9.0,33.0,0.0,1010.0,39.0,3.0,0.0,0.0
2024-08-13 12:00:00,17.0,9.0,33.0,0.0,1010.0,45.0,7.0,0.0,0.0
2024-08-13 13:00:00,14.0,9.0,32.0,0.0,1010.0,51.0,9.0,0.0,0.0
2024-08-13 14:00:00,19.0,11.0,31.0,0.0,1010.0,55.0,8.0,0.0,0.0
2024-08-13 15:00:00,21.0,13.0,31.0,0.0,1009.0,57.0,5.0,0.0,0.0
2024-08-13 16:00:00,21.0,14.0,31.0,0.0,1009.0,54.0,1.0,0.0,0.0
2024-08-13 17:00:00,20.0,13.0,31.0,0.0,1009.0,56.0,2.0,0.0,0.0
2024-08-13 18:00:00,18.0,11.0,29.0,0.0,1010.0,70.0,4.0,0.0,0.0
2024-08-13 19:00:00,18.0,11.0,28.0,0.0,1010.0,75.0,1.0,0.0,0.0
2024-08-13 20:00:00,18.0,11.0,28.0,0.0,1010.0,75.0,4.0,0.0,0.0
2024-08-13 21:00:00,20.0,11.0,28.0,0.0,1010.0,72.0,4.0,0.0,0.0
2024-08-13 22:00:00,23.0,12.0,27.0,0.0,1010.0,68.0,6.0,0.0,0.0
2024-08-13 23:00:00,23.0,14.0,27.0,0.0,1010.0,68.0,4.0,0.0,0.0
2024-08-14 00:00:00,22.0,13.0,26.0,0.0,1010.0,71.0,6.0,0.0,0.0
2024-08-14 01:00:00,21.0,14.0,26.0,0.0,1010.0,68.0,7.0,0.0,0.0
2024-08-14 02:00:00,18.0,12.0,26.0,0.0,1010.0,67.0,4.0,0.0,0.0
2024-08-14 03:00:00,17.0,13.0,26.0,0.0,1010.0,68.0,3.0,0.0,0.0
2024-08-14 04:00:00,17.0,12.0,26.0,0.0,1010.0,67.0,4.0,0.0,0.0
2024-08-14 05:00:00,16.0,12.0,26.0,0.0,1010.0,69.0,4.0,0.0,0.0
2024-08-14 06:00:00,17.0,12.0,27.0,0.0,1011.0,71.0,3.0,0.0,0.0
2024-08-14 07:00:00,18.0,12.0,29.0,0.0,1010.0,58.0,9.0,0.0,0.0
2024-08-14 08:00:00,20.0,12.0,30.0,0.0,1011.0,53.0,9.0,0.0,0.0
2024-08-14 09:00:00,35.0,13.0,32.0,0.0,1011.0,53.0,4.0,0.0,0.0
2024-08-14 10:00:00,28.0,14.0,32.0,0.0,1011.0,54.0,3.0,0.0,0.0
2024-08-14 11:00:00,22.0,14.0,32.0,0.0,1011.0,58.0,8.0,0.0,0.0
2024-08-14 12:00:00,20.0,14.0,31.0,0.0,1011.0,58.0,9.0,0.0,0.0
2024-08-14 13:00:00,26.0,15.0,31.0,0.0,1011.0,57.0,8.0,0.0,0.0
2024-08-14 14:00:00,25.0,15.0,32.0,0.0,1011.0,56.0,5.0,0.0,0.0
2024-08-14 15:00:00,21.0,13.0,32.0,0.0,1011.0,53.0,5.0,0.0,0.0
2024-08-14 16:00:00,18.0,11.0,31.0,0.0,1011.0,63.0,15.0,0.0,0.0
2024-08-14 17:00:00,13.0,9.0,31.0,0.0,1011.0,65.0,2.0,0.0,0.0
2024-08-14 18:00:00,17.0,11.0,29.0,0.0,1012.0,79.0,4.0,0.0,0.0
2024-08-14 19:00:00,15.0,10.0,28.0,0.0,1012.0,79.0,2.0,0.0,0.0
2024-08-14 20:00:00,17.0,10.0,28.0,0.0,1012.0,79.0,3.0,0.0,0.0
2024-08-14 21:00:00,14.0,9.0,27.0,0.0,1013.0,78.0,7.0,0.0,0.0
2024-08-14 22:00:00,23.0,12.0,27.0,0.0,1013.0,76.0,5.0,0.0,0.0
2024-08-14 23:00:00,20.0,12.0,27.0,0.0,1014.0,78.0,6.0,0.0,0.0
2024-08-15 00:00:00,13.0,8.0,27.0,0.0,1013.0,76.0,8.0,0.0,0.0
2024-08-15 01:00:00,10.0,6.0,26.0,0.0,1013.0,78.0,8.0,0.0,0.0
2024-08-15 02:00:00,12.0,8.0,26.0,0.0,1013.0,76.0,5.0,0.0,0.0
2024-08-15 03:00:00,11.0,8.0,26.0,0.0,1013.0,75.0,5.0,0.0,0.0
2024-08-15 04:00:00,13.0,9.0,26.0,0.0,1013.0,76.0,4.0,0.0,0.0
2024-08-15 05:00:00,13.0,9.0,26.0,0.0,1014.0,76.0,3.0,0.0,0.0
2024-08-15 06:00:00,14.0,9.0,27.0,0.0,1014.0,73.0,2.0,0.0,0.0
2024-08-15 07:00:00,13.0,10.0,29.0,0.0,1015.0,52.0,4.0,0.0,0.0
2024-08-15 08:00:00,18.0,10.0,31.0,0.0,1015.0,49.0,1.0,0.0,0.0
2024-08-15 09:00:00,19.0,11.0,32.0,0.0,1015.0,48.0,2.0,0.0,0.0
2024-08-15 10:00:00,16.0,9.0,32.0,0.0,1015.0,49.0,3.0,0.0,0.0
2024-08-15 11:00:00,16.0,11.0,32.0,0.0,1015.0,53.0,5.0,0.0,0.0
2024-08-15 12:00:00,17.0,11.0,31.0,0.0,1015.0,56.0,5.0,0.0,0.0
2024-08-15 13:00:00,17.0,11.0,31.0,0.0,1015.0,57.0,4.0,0.0,0.0
2024-08-15 14:00:00,13.0,8.0,30.0,0.0,1015.0,61.0,8.0,0.0,0.0
2024-08-15 15:00:00,9.0,5.0,30.0,0.0,1015.0,65.0,12.0,0.0,0.0
2024-08-15 16:00:00,10.0,6.0,30.0,0.0,1015.0,66.0,6.0,0.0,0.0
2024-08-15 17:00:00,10.0,6.0,30.0,0.0,1015.0,65.0,3.0,0.0,0.0
2024-08-15 18:00:00,9.0,6.0,28.0,0.0,1015.0,78.0,5.0,0.0,0.0
2024-08-15 19:00:00,11.0,6.0,28.0,0.0,1016.0,73.0,5.0,0.0,0.0
2024-08-15 20:00:00,13.0,6.0,28.0,0.0,1016.0,68.0,5.0,0.0,0.0
2024-08-15 21:00:00,19.0,8.0,27.0,0.0,1016.0,63.0,5.0,0.0,0.0
2024-08-15 22:00:00,21.0,10.0,26.0,0.0,1017.0,63.0,5.0,0.0,0.0
2024-08-15 23:00:00,14.0,10.0,26.0,0.0,1016.0,64.0,5.0,0.0,0.0
2024-08-16 00:00:00,15.0,9.0,26.0,0.0,1016.0,63.0,4.0,0.0,0.0
2024-08-16 01:00:00,13.0,9.0,26.0,0.0,1016.0,62.0,5.0,0.0,0.0
2024-08-16 02:00:00,14.0,9.0,26.0,0.0,1016.0,66.0,4.0,0.0,0.0
2024-08-16 03:00:00,14.0,10.0,25.0,0.0,1016.0,69.0,6.0,0.0,0.0
2024-08-16 04:00:00,14.0,10.0,25.0,0.0,1016.0,70.0,7.0,0.0,0.0
2024-08-16 05:00:00,14.0,11.0,25.0,0.0,1016.0,72.0,6.0,0.0,0.0
2024-08-16 06:00:00,14.0,10.0,26.0,0.0,1016.0,73.0,6.0,0.0,0.0
2024-08-16 07:00:00,14.0,10.0,28.0,0.0,1016.0,62.0,11.0,0.0,0.0
2024-08-16 08:00:00,17.0,10.0,29.0,0.0,1016.0,55.0,16.0,0.0,0.0
2024-08-16 09:00:00,26.0,11.0,31.0,0.0,1016.0,52.0,3.0,0.0,0.0
2024-08-16 10:00:00,19.0,11.0,31.0,0.0,1016.0,54.0,4.0,0.0,0.0
2024-08-16 11:00:00,17.0,11.0,30.0,0.0,1015.0,56.0,4.0,0.0,0.0
2024-08-16 12:00:00,17.0,11.0,31.0,0.0,1015.0,56.0,5.0,0.0,0.0
2024-08-16 13:00:00,16.0,11.0,31.0,0.0,1015.0,56.0,10.0,0.0,0.0
2024-08-16 14:00:00,15.0,11.0,31.0,0.0,1014.0,62.0,12.0,0.0,0.0
2024-08-16 15:00:00,16.0,10.0,30.0,0.0,1014.0,66.0,11.0,0.0,0.0
2024-08-16 16:00:00,14.0,9.0,30.0,0.0,1014.0,65.0,8.0,0.0,0.0
2024-08-16 17:00:00,16.0,10.0,30.0,0.0,1014.0,68.0,5.0,0.0,0.0
2024-08-16 18:00:00,18.0,11.0,28.0,0.0,1014.0,77.0,3.0,0.0,0.0
2024-08-16 19:00:00,23.0,13.0,28.0,0.0,1014.0,84.0,3.0,0.0,0.0
2024-08-16 20:00:00,18.0,11.0,27.0,0.0,1014.0,82.0,4.0,0.0,0.0
2024-08-16 21:00:00,26.0,12.0,27.0,0.0,1014.0,83.0,4.0,0.0,0.0
2024-08-16 22:00:00,21.0,12.0,26.0,0.0,1014.0,76.0,4.0,0.0,0.0
2024-08-16 23:00:00,26.0,14.0,26.0,0.0,1014.0,73.0,6.0,0.0,0.0
2024-08-17 00:00:00,25.0,14.0,26.0,0.0,1014.0,69.0,4.0,0.0,0.0
2024-08-17 01:00:00,22.0,13.0,26.0,0.0,1014.0,67.0,7.0,0.0,0.0
2024-08-17 02:00:00,21.0,13.0,26.0,0.0,1015.0,83.0,19.0,0.0,0.0
2024-08-17 03:00:00,18.0,12.0,26.0,0.0,1015.0,82.0,10.0,0.0,0.0
2024-08-17 04:00:00,18.0,12.0,25.0,0.0,1014.0,86.0,9.0,0.0,0.0
2024-08-17 05:00:00,17.0,12.0,24.0,0.0,1014.0,84.0,5.0,0.0,0.0
2024-08-17 06:00:00,19.0,13.0,25.0,0.0,1014.0,82.0,2.0,0.0,0.0
2024-08-17 07:00:00,20.0,13.0,28.0,0.0,1013.0,66.0,8.0,0.0,0.0
2024-08-17 08:00:00,22.0,14.0,30.0,0.0,1013.0,57.0,5.0,0.0,0.0
2024-08-17 09:00:00,26.0,15.0,31.0,0.0,1013.0,57.0,4.0,0.0,0.0
2024-08-17 10:00:00,32.0,15.0,31.0,0.0,1013.0,60.0,2.0,0.0,0.0
2024-08-17 11:00:00,27.0,16.0,31.0,0.0,1012.0,60.0,5.0,0.0,0.0
2024-08-17 12:00:00,32.0,18.0,30.0,0.0,1012.0,63.0,9.0,0.0,0.0
2024-08-17 13:00:00,29.0,18.0,30.0,0.0,1011.0,69.0,10.0,0.0,0.0
2024-08-17 14:00:00,27.0,16.0,30.0,0.0,1011.0,67.0,10.0,0.0,0.0
2024-08-17 15:00:00,29.0,17.0,31.0,0.0,1010.0,60.0,12.0,0.0,0.0
2024-08-17 16:00:00,27.0,16.0,30.0,0.0,1010.0,67.0,12.0,0.0,0.0
2024-08-17 17:00:00,27.0,16.0,29.0,0.0,1010.0,67.0,8.0,0.0,0.0
2024-08-17 18:00:00,28.0,17.0,28.0,0.0,1010.0,76.0,5.0,0.0,0.0
2024-08-17 19:00:00,29.0,16.0,27.0,0.0,1010.0,72.0,5.0,0.0,0.0
2024-08-17 20:00:00,27.0,15.0,27.0,0.0,1010.0,75.0,6.0,0.0,0.0
2024-08-17 21:00:00,28.0,15.0,26.0,0.0,1010.0,81.0,5.0,0.0,0.0
2024-08-17 22:00:00,27.0,13.0,26.0,0.0,1011.0,83.0,7.0,0.0,0.0
2024-08-17 23:00:00,27.0,13.0,25.0,0.0,1010.0,82.0,7.0,0.0,0.0
2024-08-18 00:00:00,27.0,13.0,25.0,0.0,1010.0,82.0,7.0,0.0,0.0
2024-08-18 01:00:00,28.0,13.0,25.0,0.0,1009.0,81.0,8.0,0.0,0.0
2024-08-18 02:00:00,28.0,12.0,25.0,0.0,1009.0,80.0,7.0,0.0,0.0
2024-08-18 03:00:00,26.0,12.0,25.0,0.0,1008.0,80.0,7.0,0.0,0.0
2024-08-18 04:00:00,25.0,12.0,24.0,0.0,1008.0,79.0,8.0,0.0,0.0
2024-08-18 05:00:00,23.0,12.0,24.0,0.0,1008.0,79.0,8.0,0.0,0.0
2024-08-18 06:00:00,23.0,12.0,25.0,0.0,1008.0,78.0,7.0,0.0,0.0
2024-08-18 07:00:00,23.0,12.0,30.0,0.0,1008.0,58.0,6.0,0.0,0.0
2024-08-18 08:00:00,24.0,12.0,32.0,0.0,1008.0,53.0,4.0,0.0,0.0
2024-08-18 09:00:00,22.0,10.0,33.0,0.0,1008.0,49.0,5.0,0.0,0.0
2024-08-18 10:00:00,21.0,9.0,34.0,0.0,1007.0,45.0,11.0,0.0,0.0
2024-08-18 11:00:00,21.0,10.0,34.0,0.0,1007.0,40.0,12.0,0.0,0.0
2024-08-18 12:00:00,22.0,10.0,34.0,0.0,1006.0,40.0,19.0,0.0,0.0
2024-08-18 13:00:00,23.0,10.0,33.0,0.0,1006.0,36.0,17.0,0.0,0.0
2024-08-18 14:00:00,20.0,10.0,31.0,0.0,1006.0,47.0,19.0,0.0,0.0
2024-08-18 15:00:00,19.0,9.0,30.0,0.0,1006.0,55.0,17.0,0.0,0.0
2024-08-18 16:00:00,20.0,9.0,29.0,0.0,1005.0,56.0,12.0,0.0,0.0
2024-08-18 17:00:00,23.0,10.0,29.0,0.0,1005.0,59.0,10.0,0.0,0.0
2024-08-18 18:00:00,22.0,10.0,28.0,0.0,1006.0,69.0,5.0,0.0,0.0
2024-08-18 19:00:00,22.0,10.0,24.0,0.8,1007.0,87.0,33.0,0.0,0.0
2024-08-18 20:00:00,28.0,11.0,23.0,1.1,1007.0,91.0,4.0,0.0,0.0
2024-08-18 21:00:00,25.0,11.0,23.0,0.0,1008.0,88.0,2.0,0.0,0.0
2024-08-18 22:00:00,25.0,11.0,23.0,0.0,1008.0,93.0,9.0,0.0,0.0
2024-08-18 23:00:00,18.0,8.0,23.0,0.0,1008.0,90.0,3.0,0.0,0.0
2024-08-19 00:00:00,14.0,6.0,23.0,0.0,1008.0,89.0,4.0,0.0,0.0
2024-08-19 01:00:00,14.0,7.0,23.0,0.0,1007.0,88.0,4.0,0.0,0.0
2024-08-19 02:00:00,18.0,8.0,23.0,0.0,1007.0,91.0,11.0,0.0,0.0
2024-08-19 03:00:00,17.0,8.0,23.0,0.0,1007.0,89.0,2.0,0.0,0.0
2024-08-19 04:00:00,18.0,8.0,23.0,0.0,1008.0,90.0,6.0,0.0,0.0
2024-08-19 05:00:00,16.0,8.0,22.0,0.0,1008.0,93.0,18.0,0.0,0.0
2024-08-19 06:00:00,17.0,9.0,22.0,0.0,1008.0,84.0,11.0,0.0,0.0
2024-08-19 07:00:00,17.0,9.0,22.0,3.1,1007.0,96.0,4.0,0.0,0.0
2024-08-19 08:00:00,16.0,9.0,24.0,1.2,1008.0,81.0,10.0,0.0,0.0
2024-08-19 09:00:00,17.0,9.0,21.0,0.9,1008.0,95.0,7.0,0.0,0.0
2024-08-19 10:00:00,13.0,8.0,22.0,3.4,1009.0,94.0,8.0,0.0,0.0
2024-08-19 11:00:00,15.0,8.0,23.0,1.7,1009.0,92.0,13.0,0.0,0.0
2024-08-19 12:00:00,9.0,5.0,23.0,1.0,1009.0,94.0,11.0,0.0,0.0
2024-08-19 13:00:00,15.0,8.0,24.0,0.0,1009.0,87.0,11.0,0.0,0.0
2024-08-19 14:00:00,17.0,10.0,25.0,0.0,1009.0,79.0,5.0,0.0,0.0
2024-08-19 15:00:00,15.0,9.0,26.0,0.0,1009.0,76.0,10.0,0.0,0.0
2024-08-19 16:00:00,14.0,8.0,23.0,1.0,1009.0,88.0,18.0,0.0,0.0
2024-08-19 17:00:00,13.0,8.0,22.0,0.5,1009.0,90.0,6.0,0.0,0.0
2024-08-19 18:00:00,14.0,8.0,22.0,0.5,1010.0,90.0,14.0,0.0,0.0
2024-08-19 19:00:00,13.0,8.0,22.0,3.7,1010.0,89.0,6.0,0.0,0.0
2024-08-19 20:00:00,13.0,8.0,22.0,0.0,1011.0,89.0,4.0,0.0,0.0
2024-08-19 21:00:00,14.0,8.0,23.0,0.2,1011.0,92.0,8.0,0.0,0.0
2024-08-19 22:00:00,15.0,9.0,22.0,3.8,1011.0,92.0,12.0,0.0,0.0
2024-08-19 23:00:00,9.0,5.0,22.0,0.0,1011.0,82.0,16.0,0.0,0.0
2024-08-20 00:00:00,5.0,3.0,21.0,0.1,1011.0,83.0,3.0,0.0,0.0
2024-08-20 01:00:00,6.0,4.0,22.0,0.0,1010.0,81.0,11.0,0.0,0.0
2024-08-20 02:00:00,6.0,3.0,22.0,0.0,1010.0,80.0,9.0,0.0,0.0
2024-08-20 03:00:00,7.0,4.0,22.0,0.0,1010.0,81.0,13.0,0.0,0.0
2024-08-20 04:00:00,6.0,3.0,22.0,0.0,1010.0,82.0,13.0,0.0,0.0
2024-08-20 05:00:00,7.0,4.0,22.0,0.0,1010.0,81.0,11.0,0.0,0.0
2024-08-20 06:00:00,7.0,4.0,23.0,0.0,1010.0,81.0,13.0,0.0,0.0
2024-08-20 07:00:00,5.0,3.0,24.0,0.0,1011.0,79.0,4.0,0.0,0.0
2024-08-20 08:00:00,8.0,4.0,25.0,0.0,1011.0,74.0,3.0,0.0,0.0
2024-08-20 09:00:00,10.0,5.0,26.0,0.0,1011.0,73.0,6.0,0.0,0.0
2024-08-20 10:00:00,11.0,5.0,27.0,0.0,1011.0,70.0,8.0,0.0,0.0
2024-08-20 11:00:00,11.0,5.0,28.0,0.0,1011.0,69.0,11.0,0.0,0.0
2024-08-20 12:00:00,13.0,6.0,28.0,0.0,1011.0,68.0,14.0,0.0,0.0
2024-08-20 13:00:00,11.0,6.0,29.0,0.0,1010.0,68.0,14.0,0.0,0.0
2024-08-20 14:00:00,14.0,8.0,29.0,0.0,1010.0,65.0,17.0,0.0,0.0
2024-08-20 15:00:00,16.0,10.0,29.0,0.0,1010.0,66.0,17.0,0.0,0.0
2024-08-20 16:00:00,11.0,7.0,28.0,0.0,1010.0,74.0,8.0,0.0,0.0
2024-08-20 17:00:00,13.0,8.0,27.0,0.0,1010.0,73.0,2.0,0.0,0.0
2024-08-20 18:00:00,11.0,8.0,26.0,0.0,1010.0,79.0,3.0,0.0,0.0
2024-08-20 19:00:00,12.0,8.0,26.0,0.0,1010.0,75.0,5.0,0.0,0.0
2024-08-20 20:00:00,12.0,8.0,25.0,0.0,1011.0,77.0,5.0,0.0,0.0
2024-08-20 21:00:00,13.0,8.0,24.0,0.0,1011.0,80.0,5.0,0.0,0.0
2024-08-20 22:00:00,14.0,8.0,24.0,0.0,1011.0,82.0,5.0,0.0,0.0
2024-08-20 23:00:00,16.0,10.0,24.0,0.0,1011.0,82.0,5.0,0.0,0.0
2024-08-21 00:00:00,14.0,9.0,24.0,0.0,1011.0,80.0,7.0,0.0,0.0
2024-08-21 01:00:00,15.0,10.0,23.0,0.0,1010.0,81.0,8.0,0.0,0.0
2024-08-21 02:00:00,16.0,10.0,23.0,0.0,1010.0,80.0,7.0,0.0,0.0
2024-08-21 03:00:00,15.0,10.0,23.0,0.0,1010.0,79.0,7.0,0.0,0.0
2024-08-21 04:00:00,14.0,10.0,23.0,0.0,1010.0,79.0,8.0,0.0,0.0
2024-08-21 05:00:00,17.0,12.0,23.0,0.0,1010.0,81.0,8.0,0.0,0.0
2024-08-21 06:00:00,19.0,13.0,24.0,0.0,1010.0,80.0,5.0,0.0,0.0
2024-08-21 07:00:00,21.0,15.0,26.0,0.0,1010.0,66.0,6.0,0.0,0.0
2024-08-21 08:00:00,21.0,15.0,28.0,0.0,1011.0,61.0,5.0,0.0,0.0
2024-08-21 09:00:00,39.0,17.0,30.0,0.0,1011.0,58.0,6.0,0.0,0.0
2024-08-21 10:00:00,24.0,15.0,31.0,0.0,1011.0,57.0,7.0,0.0,0.0
2024-08-21 11:00:00,24.0,15.0,32.0,0.0,1011.0,46.0,18.0,0.0,0.0
2024-08-21 12:00:00,22.0,15.0,32.0,0.0,1011.0,45.0,21.0,0.0,0.0
2024-08-21 13:00:00,19.0,14.0,32.0,0.0,1011.0,47.0,19.0,0.0,0.0
2024-08-21 14:00:00,20.0,14.0,32.0,0.0,1011.0,47.0,15.0,0.0,0.0
2024-08-21 15:00:00,20.0,13.0,32.0,0.0,1011.0,44.0,17.0,0.0,0.0
2024-08-21 16:00:00,24.0,13.0,31.0,0.0,1011.0,44.0,18.0,0.0,0.0
2024-08-21 17:00:00,17.0,11.0,30.0,0.0,1012.0,43.0,15.0,0.0,0.0
2024-08-21 18:00:00,18.0,12.0,28.0,0.0,1012.0,49.0,12.0,0.0,0.0
2024-08-21 19:00:00,18.0,12.0,27.0,0.0,1013.0,59.0,13.0,0.0,0.0
2024-08-21 20:00:00,16.0,11.0,27.0,0.0,1014.0,57.0,11.0,0.0,0.0
2024-08-21 21:00:00,17.0,12.0,26.0,0.0,1014.0,56.0,9.0,0.0,0.0
2024-08-21 22:00:00,16.0,12.0,26.0,0.0,1014.0,56.0,10.0,0.0,0.0
2024-08-21 23:00:00,14.0,11.0,25.0,0.0,1014.0,57.0,10.0,0.0,0.0
2024-08-22 00:00:00,16.0,12.0,25.0,0.0,1014.0,58.0,5.0,0.0,0.0
2024-08-22 01:00:00,17.0,13.0,24.0,0.0,1014.0,60.0,6.0,0.0,0.0
2024-08-22 02:00:00,17.0,14.0,24.0,0.0,1014.0,59.0,6.0,0.0,0.0
2024-08-22 03:00:00,16.0,14.0,23.0,0.0,1014.0,61.0,5.0,0.0,0.0
2024-08-22 04:00:00,17.0,14.0,23.0,0.0,1014.0,63.0,4.0,0.0,0.0
2024-08-22 05:00:00,18.0,14.0,23.0,0.0,1014.0,64.0,5.0,0.0,0.0
2024-08-22 06:00:00,19.0,14.0,24.0,0.0,1015.0,64.0,4.0,0.0,0.0
2024-08-22 07:00:00,18.0,14.0,26.0,0.0,1014.0,46.0,8.0,0.0,0.0
2024-08-22 08:00:00,20.0,14.0,28.0,0.0,1014.0,41.0,9.0,0.0,0.0
2024-08-22 09:00:00,23.0,14.0,29.0,0.0,1014.0,38.0,6.0,0.0,0.0
2024-08-22 10:00:00,16.0,11.0,30.0,0.0,1014.0,39.0,3.0,0.0,0.0
2024-08-22 11:00:00,13.0,10.0,30.0,0.0,1014.0,41.0,8.0,0.0,0.0
2024-08-22 12:00:00,14.0,10.0,30.0,0.0,1014.0,46.0,12.0,0.0,0.0
2024-08-22 13:00:00,13.0,10.0,30.0,0.0,1013.0,45.0,10.0,0.0,0.0
2024-08-22 14:00:00,13.0,10.0,30.0,0.0,1012.0,49.0,9.0,0.0,0.0
2024-08-22 15:00:00,14.0,10.0,29.0,0.0,1012.0,52.0,9.0,0.0,0.0
2024-08-22 16:00:00,13.0,10.0,29.0,0.0,1012.0,53.0,6.0,0.0,0.0
2024-08-22 17:00:00,13.0,10.0,29.0,0.0,1012.0,50.0,2.0,0.0,0.0
2024-08-22 18:00:00,14.0,10.0,27.0,0.0,1012.0,68.0,1.0,0.0,0.0
2024-08-22 19:00:00,14.0,10.0,27.0,0.0,1012.0,67.0,1.0,0.0,0.0
2024-08-22 20:00:00,14.0,10.0,26.0,0.0,1012.0,59.0,2.0,0.0,0.0
2024-08-22 21:00:00,18.0,12.0,26.0,0.0,1013.0,59.0,5.0,0.0,0.0
2024-08-22 22:00:00,16.0,12.0,25.0,0.0,1013.0,61.0,6.0,0.0,0.0
2024-08-22 23:00:00,17.0,12.0,24.0,0.0,1013.0,64.0,6.0,0.0,0.0
2024-08-23 00:00:00,17.0,12.0,24.0,0.0,1013.0,66.0,5.0,0.0,0.0
2024-08-23 01:00:00,16.0,12.0,24.0,0.0,1013.0,66.0,5.0,0.0,0.0
2024-08-23 02:00:00,15.0,12.0,24.0,0.0,1013.0,65.0,6.0,0.0,0.0
2024-08-23 03:00:00,16.0,12.0,23.0,0.0,1013.0,66.0,6.0,0.0,0.0
2024-08-23 04:00:00,15.0,12.0,23.0,0.0,1014.0,65.0,6.0,0.0,0.0
2024-08-23 05:00:00,15.0,12.0,23.0,0.0,1014.0,67.0,5.0,0.0,0.0
2024-08-23 06:00:00,17.0,12.0,24.0,0.0,1014.0,68.0,5.0,0.0,0.0
2024-08-23 07:00:00,20.0,12.0,26.0,0.0,1014.0,47.0,4.0,0.0,0.0
2024-08-23 08:00:00,20.0,14.0,29.0,0.0,1014.0,42.0,4.0,0.0,0.0
2024-08-23 09:00:00,22.0,14.0,30.0,0.0,1015.0,39.0,2.0,0.0,0.0
2024-08-23 10:00:00,21.0,13.0,30.0,0.0,1015.0,41.0,5.0,0.0,0.0
2024-08-23 11:00:00,18.0,13.0,30.0,0.0,1015.0,44.0,7.0,0.0,0.0
2024-08-23 12:00:00,20.0,12.0,30.0,0.0,1015.0,48.0,8.0,0.0,0.0
2024-08-23 13:00:00,17.0,12.0,30.0,0.0,1015.0,51.0,9.0,0.0,0.0
2024-08-23 14:00:00,16.0,12.0,30.0,0.0,1014.0,53.0,7.0,0.0,0.0
2024-08-23 15:00:00,17.0,12.0,30.0,0.0,1014.0,54.0,6.0,0.0,0.0
2024-08-23 16:00:00,15.0,12.0,29.0,0.0,1014.0,54.0,6.0,0.0,0.0
2024-08-23 17:00:00,16.0,12.0,29.0,0.0,1014.0,54.0,3.0,0.0,0.0
2024-08-23 18:00:00,17.0,12.0,27.0,0.0,1014.0,66.0,3.0,0.0,0.0
2024-08-23 19:00:00,19.0,13.0,27.0,0.0,1015.0,65.0,3.0,0.0,0.0
2024-08-23 20:00:00,19.0,12.0,26.0,0.0,1015.0,66.0,3.0,0.0,0.0
2024-08-23 21:00:00,19.0,12.0,25.0,0.0,1016.0,68.0,5.0,0.0,0.0
2024-08-23 22:00:00,18.0,13.0,25.0,0.0,1016.0,66.0,6.0,0.0,0.0
2024-08-23 23:00:00,21.0,14.0,25.0,0.0,1016.0,64.0,5.0,0.0,0.0
2024-08-24 00:00:00,20.0,14.0,25.0,0.0,1016.0,65.0,6.0,0.0,0.0
2024-08-24 01:00:00,20.0,15.0,25.0,0.0,1016.0,64.0,5.0,0.0,0.0
2024-08-24 02:00:00,19.0,14.0,24.0,0.0,1016.0,64.0,5.0,0.0,0.0
2024-08-24 03:00:00,19.0,14.0,24.0,0.0,1016.0,62.0,6.0,0.0,0.0
2024-08-24 04:00:00,18.0,14.0,24.0,0.0,1016.0,62.0,6.0,0.0,0.0
2024-08-24 05:00:00,19.0,14.0,24.0,0.0,1016.0,64.0,5.0,0.0,0.0
2024-08-24 06:00:00,18.0,13.0,25.0,0.0,1016.0,66.0,4.0,0.0,0.0
2024-08-24 07:00:00,19.0,14.0,28.0,0.0,1016.0,52.0,6.0,0.0,0.0
2024-08-24 08:00:00,20.0,15.0,30.0,0.0,1017.0,46.0,5.0,0.0,0.0
2024-08-24 09:00:00,23.0,16.0,32.0,0.0,1017.0,43.0,4.0,0.0,0.0
2024-08-24 10:00:00,25.0,16.0,32.0,0.0,1017.0,44.0,3.0,0.0,0.0
2024-08-24 11:00:00,25.0,17.0,32.0,0.0,1017.0,48.0,5.0,0.0,0.0
2024-08-24 12:00:00,26.0,17.0,31.0,0.0,1016.0,50.0,6.0,0.0,0.0
2024-08-24 13:00:00,23.0,16.0,31.0,0.0,1016.0,53.0,7.0,0.0,0.0
2024-08-24 14:00:00,23.0,16.0,30.0,0.0,1015.0,56.0,8.0,0.0,0.0
2024-08-24 15:00:00,24.0,16.0,30.0,0.0,1015.0,58.0,7.0,0.0,0.0
2024-08-24 16:00:00,21.0,15.0,29.0,0.0,1015.0,60.0,5.0,0.0,0.0
2024-08-24 17:00:00,24.0,15.0,29.0,0.0,1014.0,62.0,1.0,0.0,0.0
2024-08-24 18:00:00,22.0,15.0,27.0,0.0,1015.0,77.0,2.0,0.0,0.0
2024-08-24 19:00:00,24.0,16.0,27.0,0.0,1015.0,74.0,0.0,0.0,0.0
2024-08-24 20:00:00,26.0,16.0,26.0,0.0,1015.0,76.0,3.0,0.0,0.0
2024-08-24 21:00:00,24.0,16.0,26.0,0.0,1015.0,77.0,3.0,0.0,0.0
2024-08-24 22:00:00,24.0,17.0,25.0,0.0,1015.0,76.0,3.0,0.0,0.0
2024-08-24 23:00:00,27.0,19.0,25.0,0.0,1015.0,75.0,3.0,0.0,0.0
2024-08-25 00:00:00,27.0,20.0,24.0,0.0,1015.0,72.0,5.0,0.0,0.0
2024-08-25 01:00:00,27.0,20.0,24.0,0.0,1015.0,70.0,7.0,0.0,0.0
2024-08-25 02:00:00,24.0,18.0,24.0,0.0,1014.0,67.0,6.0,0.0,0.0
2024-08-25 03:00:00,23.0,17.0,24.0,0.0,1014.0,65.0,6.0,0.0,0.0
2024-08-25 04:00:00,24.0,18.0,24.0,0.0,1014.0,63.0,5.0,0.0,0.0
2024-08-25 05:00:00,24.0,19.0,24.0,0.0,1014.0,64.0,5.0,0.0,0.0
2024-08-25 06:00:00,23.0,18.0,24.0,0.0,1014.0,66.0,4.0,0.0,0.0
2024-08-25 07:00:00,21.0,16.0,28.0,0.0,1014.0,56.0,5.0,0.0,0.0
2024-08-25 08:00:00,19.0,14.0,30.0,0.0,1014.0,53.0,1.0,0.0,0.0
2024-08-25 09:00:00,18.0,13.0,31.0,0.0,1015.0,51.0,1.0,0.0,0.0
2024-08-25 10:00:00,17.0,12.0,32.0,0.0,1014.0,48.0,0.0,0.0,0.0
2024-08-25 11:00:00,16.0,10.0,32.0,0.0,1014.0,49.0,2.0,0.0,0.0
2024-08-25 12:00:00,18.0,11.0,31.0,0.0,1014.0,52.0,5.0,0.0,0.0
2024-08-25 13:00:00,18.0,13.0,31.0,0.0,1014.0,58.0,8.0,0.0,0.0
2024-08-25 14:00:00,19.0,13.0,30.0,0.0,1013.0,66.0,9.0,0.0,0.0
2024-08-25 15:00:00,18.0,13.0,30.0,0.0,1013.0,67.0,8.0,0.0,0.0
2024-08-25 16:00:00,18.0,13.0,29.0,0.0,1013.0,69.0,7.0,0.0,0.0
2024-08-25 17:00:00,18.0,13.0,28.0,0.0,1013.0,67.0,2.0,0.0,0.0
2024-08-25 18:00:00,18.0,12.0,27.0,0.0,1014.0,78.0,1.0,0.0,0.0
2024-08-25 19:00:00,20.0,12.0,27.0,0.0,1014.0,73.0,1.0,0.0,0.0
2024-08-25 20:00:00,21.0,13.0,28.0,0.0,1014.0,64.0,10.0,0.0,0.0
2024-08-25 21:00:00,22.0,14.0,27.0,0.0,1014.0,61.0,17.0,0.0,0.0
2024-08-25 22:00:00,22.0,14.0,27.0,0.0,1014.0,59.0,18.0,0.0,0.0
2024-08-25 23:00:00,23.0,15.0,27.0,0.0,1014.0,57.0,20.0,0.0,0.0
2024-08-26 00:00:00,19.0,14.0,27.0,0.0,1014.0,56.0,21.0,0.0,0.0
2024-08-26 01:00:00,20.0,14.0,27.0,0.0,1014.0,54.0,21.0,0.0,0.0
2024-08-26 02:00:00,19.0,12.0,26.0,0.0,1014.0,54.0,20.0,0.0,0.0
2024-08-26 03:00:00,16.0,10.0,26.0,0.0,1014.0,54.0,19.0,0.0,0.0
2024-08-26 04:00:00,14.0,8.0,26.0,0.0,1014.0,54.0,18.0,0.0,0.0
2024-08-26 05:00:00,14.0,8.0,26.0,0.0,1014.0,56.0,16.0,0.0,0.0
2024-08-26 06:00:00,14.0,9.0,26.0,0.0,1014.0,60.0,14.0,0.0,0.0
2024-08-26 07:00:00,16.0,10.0,29.0,0.0,1014.0,51.0,10.0,0.0,0.0
2024-08-26 08:00:00,22.0,10.0,30.0,0.0,1014.0,48.0,13.0,0.0,0.0
2024-08-26 09:00:00,28.0,11.0,31.0,0.0,1014.0,47.0,15.0,0.0,0.0
2024-08-26 10:00:00,29.0,11.0,32.0,0.0,1014.0,45.0,15.0,0.0,0.0
2024-08-26 11:00:00,25.0,11.0,33.0,0.0,1014.0,44.0,18.0,0.0,0.0
2024-08-26 12:00:00,23.0,11.0,32.0,0.0,1014.0,44.0,21.0,0.0,0.0
2024-08-26 13:00:00,19.0,11.0,32.0,0.0,1013.0,44.0,19.0,0.0,0.0
2024-08-26 14:00:00,19.0,10.0,32.0,0.0,1013.0,46.0,16.0,0.0,0.0
2024-08-26 15:00:00,18.0,10.0,32.0,0.0,1013.0,47.0,15.0,0.0,0.0
2024-08-26 16:00:00,18.0,10.0,30.0,0.0,1013.0,49.0,18.0,0.0,0.0
2024-08-26 17:00:00,18.0,10.0,29.0,0.0,1014.0,52.0,19.0,0.0,0.0
2024-08-26 18:00:00,20.0,11.0,28.0,0.0,1014.0,53.0,19.0,0.0,0.0
2024-08-26 19:00:00,18.0,10.0,28.0,0.0,1014.0,56.0,17.0,0.0,0.0
2024-08-26 20:00:00,26.0,12.0,27.0,0.0,1014.0,55.0,17.0,0.0,0.0
2024-08-26 21:00:00,26.0,12.0,27.0,0.0,1015.0,54.0,15.0,0.0,0.0
2024-08-26 22:00:00,22.0,12.0,27.0,0.0,1015.0,54.0,14.0,0.0,0.0
2024-08-26 23:00:00,18.0,11.0,27.0,0.0,1015.0,55.0,17.0,0.0,0.0
2024-08-27 00:00:00,18.0,11.0,26.0,0.0,1015.0,55.0,18.0,0.0,0.0
2024-08-27 01:00:00,17.0,11.0,26.0,0.0,1015.0,55.0,19.0,0.0,0.0
2024-08-27 02:00:00,19.0,12.0,26.0,0.0,1015.0,55.0,18.0,0.0,0.0
2024-08-27 03:00:00,19.0,11.0,26.0,0.0,1015.0,56.0,15.0,0.0,0.0
2024-08-27 04:00:00,18.0,11.0,26.0,0.0,1015.0,58.0,12.0,0.0,0.0
2024-08-27 05:00:00,18.0,11.0,26.0,0.0,1016.0,60.0,10.0,0.0,0.0
2024-08-27 06:00:00,16.0,10.0,26.0,0.0,1016.0,60.0,11.0,0.0,0.0
2024-08-27 07:00:00,17.0,10.0,29.0,0.0,1017.0,49.0,17.0,0.0,0.0
2024-08-27 08:00:00,16.0,10.0,29.0,0.0,1017.0,49.0,26.0,0.0,0.0
2024-08-27 09:00:00,18.0,10.0,29.0,0.0,1018.0,50.0,26.0,0.0,0.0
2024-08-27 10:00:00,26.0,11.0,29.0,0.0,1018.0,50.0,28.0,0.0,0.0
2024-08-27 11:00:00,28.0,11.0,29.0,0.0,1018.0,50.0,30.0,0.0,0.0
2024-08-27 12:00:00,22.0,11.0,30.0,0.0,1017.0,49.0,30.0,0.0,0.0
2024-08-27 13:00:00,17.0,10.0,30.0,0.0,1016.0,48.0,24.0,0.0,0.0
2024-08-27 14:00:00,15.0,9.0,30.0,0.0,1016.0,47.0,22.0,0.0,0.0
2024-08-27 15:00:00,14.0,9.0,30.0,0.0,1016.0,47.0,21.0,0.0,0.0
2024-08-27 16:00:00,17.0,11.0,30.0,0.0,1015.0,50.0,22.0,0.0,0.0
2024-08-27 17:00:00,18.0,11.0,29.0,0.0,1016.0,53.0,22.0,0.0,0.0
2024-08-27 18:00:00,20.0,11.0,28.0,0.0,1016.0,56.0,21.0,0.0,0.0
2024-08-27 19:00:00,20.0,11.0,27.0,0.0,1017.0,62.0,13.0,0.0,0.0
2024-08-27 20:00:00,22.0,11.0,26.0,0.0,1017.0,63.0,9.0,0.0,0.0
2024-08-27 21:00:00,21.0,11.0,26.0,0.0,1018.0,65.0,9.0,0.0,0.0
2024-08-27 22:00:00,16.0,10.0,26.0,0.0,1018.0,66.0,8.0,0.0,0.0
2024-08-27 23:00:00,16.0,10.0,25.0,0.0,1018.0,67.0,7.0,0.0,0.0
2024-08-28 00:00:00,15.0,10.0,25.0,0.0,1017.0,68.0,6.0,0.0,0.0
2024-08-28 01:00:00,15.0,10.0,25.0,0.0,1017.0,69.0,5.0,0.0,0.0
2024-08-28 02:00:00,15.0,10.0,24.0,0.0,1017.0,70.0,4.0,0.0,0.0
2024-08-28 03:00:00,16.0,11.0,24.0,0.0,1017.0,70.0,5.0,0.0,0.0
2024-08-28 04:00:00,16.0,11.0,24.0,0.0,1017.0,70.0,5.0,0.0,0.0
2024-08-28 05:00:00,16.0,11.0,24.0,0.0,1018.0,70.0,5.0,0.0,0.0
2024-08-28 06:00:00,16.0,11.0,24.0,0.0,1018.0,69.0,5.0,0.0,0.0
2024-08-28 07:00:00,15.0,11.0,30.0,0.0,1017.0,48.0,15.0,0.0,0.0
2024-08-28 08:00:00,17.0,12.0,32.0,0.0,1017.0,42.0,16.0,0.0,0.0
2024-08-28 09:00:00,20.0,12.0,34.0,0.0,1017.0,39.0,12.0,0.0,0.0
2024-08-28 10:00:00,28.0,13.0,35.0,0.0,1017.0,39.0,7.0,0.0,0.0
2024-08-28 11:00:00,29.0,13.0,35.0,0.0,1016.0,40.0,6.0,0.0,0.0
2024-08-28 12:00:00,27.0,13.0,34.0,0.0,1016.0,40.0,7.0,0.0,0.0
2024-08-28 13:00:00,25.0,14.0,32.0,0.0,1016.0,50.0,13.0,0.0,0.0
2024-08-28 14:00:00,25.0,13.0,32.0,0.0,1016.0,48.0,11.0,0.0,0.0
2024-08-28 15:00:00,23.0,13.0,32.0,0.0,1016.0,49.0,15.0,0.0,0.0
2024-08-28 16:00:00,22.0,13.0,32.0,0.0,1016.0,49.0,11.0,0.0,0.0
2024-08-28 17:00:00,21.0,13.0,31.0,0.0,1016.0,54.0,12.0,0.0,0.0
2024-08-28 18:00:00,23.0,14.0,29.0,0.0,1016.0,64.0,10.0,0.0,0.0
2024-08-28 19:00:00,22.0,13.0,28.0,0.0,1016.0,71.0,4.0,0.0,0.0
2024-08-28 20:00:00,23.0,14.0,27.0,0.0,1017.0,70.0,5.0,0.0,0.0
2024-08-28 21:00:00,27.0,15.0,27.0,0.0,1017.0,70.0,5.0,0.0,0.0
2024-08-28 22:00:00,29.0,16.0,26.0,0.0,1017.0,72.0,5.0,0.0,0.0
2024-08-28 23:00:00,30.0,17.0,26.0,0.0,1017.0,72.0,4.0,0.0,0.0
2024-08-29 00:00:00,26.0,16.0,25.0,0.0,1017.0,73.0,5.0,0.0,0.0
2024-08-29 01:00:00,24.0,15.0,25.0,0.0,1017.0,70.0,5.0,0.0,0.0
2024-08-29 02:00:00,21.0,14.0,25.0,0.0,1017.0,70.0,4.0,0.0,0.0
2024-08-29 03:00:00,20.0,14.0,25.0,0.0,1017.0,72.0,5.0,0.0,0.0
2024-08-29 04:00:00,19.0,13.0,24.0,0.0,1017.0,72.0,4.0,0.0,0.0
2024-08-29 05:00:00,19.0,13.0,24.0,0.0,1017.0,74.0,4.0,0.0,0.0
2024-08-29 06:00:00,21.0,13.0,25.0,0.0,1017.0,74.0,4.0,0.0,0.0
2024-08-29 07:00:00,21.0,14.0,28.0,0.0,1017.0,54.0,4.0,0.0,0.0
2024-08-29 08:00:00,23.0,14.0,30.0,0.0,1017.0,52.0,4.0,0.0,0.0
2024-08-29 09:00:00,28.0,16.0,33.0,0.0,1017.0,45.0,4.0,0.0,0.0
2024-08-29 10:00:00,28.0,16.0,34.0,0.0,1017.0,42.0,3.0,0.0,0.0
2024-08-29 11:00:00,30.0,17.0,32.0,0.0,1016.0,49.0,9.0,0.0,0.0
2024-08-29 12:00:00,26.0,15.0,31.0,0.0,1016.0,53.0,17.0,0.0,0.0
2024-08-29 13:00:00,22.0,12.0,31.0,0.0,1015.0,52.0,19.0,0.0,0.0
2024-08-29 14:00:00,20.0,12.0,31.0,0.0,1015.0,53.0,14.0,0.0,0.0
2024-08-29 15:00:00,24.0,13.0,31.0,0.0,1015.0,53.0,10.0,0.0,0.0
2024-08-29 16:00:00,24.0,14.0,30.0,0.0,1015.0,56.0,7.0,0.0,0.0
2024-08-29 17:00:00,25.0,14.0,30.0,0.0,1016.0,57.0,3.0,0.0,0.0
2024-08-29 18:00:00,24.0,14.0,28.0,0.0,1016.0,66.0,3.0,0.0,0.0
2024-08-29 19:00:00,24.0,14.0,27.0,0.0,1016.0,76.0,1.0,0.0,0.0
2024-08-29 20:00:00,24.0,14.0,27.0,0.0,1016.0,77.0,3.0,0.0,0.0
2024-08-29 21:00:00,22.0,13.0,27.0,0.0,1016.0,69.0,3.0,0.0,0.0
2024-08-29 22:00:00,27.0,15.0,26.0,0.0,1017.0,62.0,3.0,0.0,0.0
2024-08-29 23:00:00,24.0,15.0,26.0,0.0,1017.0,59.0,4.0,0.0,0.0
2024-08-30 00:00:00,26.0,16.0,26.0,0.0,1016.0,59.0,4.0,0.0,0.0
2024-08-30 01:00:00,24.0,15.0,25.0,0.0,1016.0,60.0,4.0,0.0,0.0
2024-08-30 02:00:00,24.0,15.0,25.0,0.0,1016.0,63.0,4.0,0.0,0.0
2024-08-30 03:00:00,22.0,14.0,25.0,0.0,1016.0,66.0,3.0,0.0,0.0
2024-08-30 04:00:00,22.0,14.0,25.0,0.0,1016.0,67.0,4.0,0.0,0.0
2024-08-30 05:00:00,22.0,14.0,24.0,0.0,1017.0,67.0,4.0,0.0,0.0
2024-08-30 06:00:00,20.0,14.0,25.0,0.0,1017.0,66.0,5.0,0.0,0.0
2024-08-30 07:00:00,23.0,16.0,28.0,0.0,1017.0,51.0,8.0,0.0,0.0
2024-08-30 08:00:00,22.0,16.0,31.0,0.0,1017.0,47.0,8.0,0.0,0.0
2024-08-30 09:00:00,26.0,18.0,33.0,0.0,1017.0,42.0,6.0,0.0,0.0
2024-08-30 10:00:00,29.0,18.0,33.0,0.0,1017.0,40.0,4.0,0.0,0.0
2024-08-30 11:00:00,26.0,16.0,33.0,0.0,1016.0,41.0,3.0,0.0,0.0
2024-08-30 12:00:00,30.0,18.0,32.0,0.0,1016.0,48.0,7.0,0.0,0.0
2024-08-30 13:00:00,25.0,16.0,31.0,0.0,1016.0,53.0,15.0,0.0,0.0
2024-08-30 14:00:00,24.0,16.0,31.0,0.0,1016.0,53.0,13.0,0.0,0.0
2024-08-30 15:00:00,23.0,15.0,31.0,0.0,1015.0,51.0,6.0,0.0,0.0
2024-08-30 16:00:00,24.0,16.0,31.0,0.0,1015.0,51.0,10.0,0.0,0.0
2024-08-30 17:00:00,26.0,17.0,30.0,0.0,1016.0,54.0,6.0,0.0,0.0
2024-08-30 18:00:00,28.0,17.0,28.0,0.0,1016.0,69.0,1.0,0.0,0.0
2024-08-30 19:00:00,27.0,17.0,28.0,0.0,1016.0,64.0,5.0,0.0,0.0
2024-08-30 20:00:00,30.0,18.0,27.0,0.0,1016.0,61.0,4.0,0.0,0.0
2024-08-30 21:00:00,38.0,21.0,26.0,0.0,1016.0,60.0,6.0,0.0,0.0
2024-08-30 22:00:00,33.0,20.0,26.0,0.0,1017.0,61.0,3.0,0.0,0.0
2024-08-30 23:00:00,30.0,20.0,26.0,0.0,1017.0,52.0,5.0,0.0,0.0
2024-08-31 00:00:00,31.0,21.0,26.0,0.0,1017.0,53.0,5.0,0.0,0.0
2024-08-31 01:00:00,26.0,18.0,26.0,0.0,1017.0,55.0,4.0,0.0,0.0
2024-08-31 02:00:00,24.0,17.0,25.0,0.0,1017.0,55.0,4.0,0.0,0.0
2024-08-31 03:00:00,24.0,17.0,25.0,0.0,1017.0,55.0,5.0,0.0,0.0
2024-08-31 04:00:00,26.0,18.0,24.0,0.0,1017.0,57.0,5.0,0.0,0.0
2024-08-31 05:00:00,25.0,18.0,24.0,0.0,1017.0,60.0,6.0,0.0,0.0
2024-08-31 06:00:00,25.0,17.0,25.0,0.0,1017.0,64.0,6.0,0.0,0.0
2024-08-31 07:00:00,26.0,17.0,28.0,0.0,1017.0,56.0,11.0,0.0,0.0
2024-08-31 08:00:00,26.0,16.0,31.0,0.0,1017.0,51.0,12.0,0.0,0.0
2024-08-31 09:00:00,31.0,16.0,32.0,0.0,1017.0,47.0,9.0,0.0,0.0
2024-08-31 10:00:00,30.0,16.0,33.0,0.0,1017.0,42.0,6.0,0.0,0.0
2024-08-31 11:00:00,30.0,15.0,33.0,0.0,1017.0,42.0,4.0,0.0,0.0
2024-08-31 12:00:00,29.0,17.0,32.0,0.0,1017.0,54.0,10.0,0.0,0.0
2024-08-31 13:00:00,28.0,17.0,31.0,0.0,1017.0,53.0,16.0,0.0,0.0
2024-08-31 14:00:00,27.0,15.0,31.0,0.0,1016.0,53.0,14.0,0.0,0.0
2024-08-31 15:00:00,28.0,14.0,31.0,0.0,1016.0,56.0,10.0,0.0,0.0
2024-08-31 16:00:00,28.0,14.0,29.0,0.0,1016.0,61.0,4.0,0.0,0.0
2024-08-31 17:00:00,33.0,14.0,29.0,0.0,1016.0,63.0,4.0,0.0,0.0
2024-08-31 18:00:00,31.0,14.0,28.0,0.0,1016.0,61.0,5.0,0.0,0.0
2024-08-31 19:00:00,31.0,14.0,28.0,0.0,1016.0,56.0,6.0,0.0,0.0
2024-08-31 20:00:00,32.0,14.0,27.0,0.0,1017.0,53.0,7.0,0.0,0.0
2024-08-31 21:00:00,37.0,16.0,26.0,0.0,1017.0,50.0,6.0,0.0,0.0
2024-08-31 22:00:00,32.0,16.0,26.0,0.0,1017.0,50.0,6.0,0.0,0.0
2024-08-31 23:00:00,30.0,15.0,26.0,0.0,1017.0,52.0,6.0,0.0,0.0
2024-09-01 00:00:00,27.0,14.0,25.0,0.0,1017.0,53.0,7.0,0.0,0.0
2024-09-01 01:00:00,27.0,14.0,25.0,0.0,1016.0,53.0,6.0,0.0,0.0
2024-09-01 02:00:00,27.0,14.0,24.0,0.0,1016.0,52.0,6.0,0.0,0.0
2024-09-01 03:00:00,26.0,14.0,24.0,0.0,1016.0,54.0,6.0,0.0,0.0
2024-09-01 04:00:00,24.0,14.0,24.0,0.0,1016.0,56.0,6.0,0.0,0.0
2024-09-01 05:00:00,24.0,14.0,24.0,0.0,1016.0,59.0,6.0,0.0,0.0
2024-09-01 06:00:00,26.0,15.0,24.0,0.0,1016.0,64.0,6.0,0.0,0.0
2024-09-01 07:00:00,27.0,15.0,28.0,0.0,1015.0,48.0,7.0,0.0,0.0
2024-09-01 08:00:00,26.0,15.0,31.0,0.0,1015.0,46.0,7.0,0.0,0.0
2024-09-01 09:00:00,25.0,15.0,33.0,0.0,1015.0,41.0,7.0,0.0,0.0
2024-09-01 10:00:00,24.0,15.0,34.0,0.0,1015.0,39.0,4.0,0.0,0.0
2024-09-01 11:00:00,29.0,16.0,34.0,0.0,1014.0,39.0,6.0,0.0,0.0
2024-09-01 12:00:00,27.0,15.0,32.0,0.0,1014.0,44.0,10.0,0.0,0.0
2024-09-01 13:00:00,28.0,15.0,30.0,0.1,1014.0,53.0,19.0,0.0,0.0
2024-09-01 14:00:00,26.0,14.0,30.0,0.1,1014.0,52.0,9.0,0.0,0.0
2024-09-01 15:00:00,26.0,14.0,30.0,0.0,1013.0,50.0,20.0,0.0,0.0
2024-09-01 16:00:00,27.0,15.0,30.0,0.0,1013.0,50.0,15.0,0.0,0.0
2024-09-01 17:00:00,27.0,15.0,29.0,0.0,1013.0,50.0,21.0,0.0,0.0
2024-09-01 18:00:00,26.0,13.0,28.0,0.0,1013.0,51.0,15.0,0.0,0.0
2024-09-01 19:00:00,26.0,13.0,27.0,0.0,1013.0,56.0,7.0,0.0,0.0
2024-09-01 20:00:00,31.0,15.0,27.0,0.0,1013.0,59.0,6.0,0.0,0.0
2024-09-01 21:00:00,30.0,16.0,26.0,0.0,1013.0,62.0,5.0,0.0,0.0
2024-09-01 22:00:00,31.0,16.0,26.0,0.0,1014.0,64.0,5.0,0.0,0.0
2024-09-01 23:00:00,30.0,16.0,25.0,0.0,1013.0,65.0,6.0,0.0,0.0
2024-09-02 00:00:00,31.0,16.0,25.0,0.0,1013.0,65.0,5.0,0.0,0.0
2024-09-02 01:00:00,24.0,15.0,25.0,0.0,1013.0,65.0,4.0,0.0,0.0
2024-09-02 02:00:00,23.0,15.0,25.0,0.0,1013.0,66.0,4.0,0.0,0.0
2024-09-02 03:00:00,23.0,14.0,25.0,0.0,1013.0,65.0,5.0,0.0,0.0
2024-09-02 04:00:00,24.0,14.0,25.0,0.0,1013.0,64.0,5.0,0.0,0.0
2024-09-02 05:00:00,25.0,15.0,25.0,0.0,1013.0,64.0,5.0,0.0,0.0
2024-09-02 06:00:00,26.0,15.0,25.0,0.0,1013.0,65.0,5.0,0.0,0.0
2024-09-02 07:00:00,24.0,16.0,30.0,0.0,1013.0,42.0,6.0,0.0,0.0
2024-09-02 08:00:00,26.0,16.0,32.0,0.0,1013.0,39.0,9.0,0.0,0.0
2024-09-02 09:00:00,29.0,16.0,33.0,0.0,1012.0,36.0,8.0,0.0,0.0
2024-09-02 10:00:00,30.0,16.0,34.0,0.0,1012.0,35.0,6.0,0.0,0.0
2024-09-02 11:00:00,31.0,16.0,34.0,0.0,1012.0,35.0,5.0,0.0,0.0
2024-09-02 12:00:00,28.0,16.0,34.0,0.0,1012.0,39.0,3.0,0.0,0.0
2024-09-02 13:00:00,27.0,16.0,32.0,0.0,1012.0,52.0,16.0,0.0,0.0
2024-09-02 14:00:00,26.0,16.0,30.0,0.0,1012.0,59.0,14.0,0.0,0.0
2024-09-02 15:00:00,28.0,15.0,30.0,0.0,1012.0,59.0,12.0,0.0,0.0
2024-09-02 16:00:00,31.0,17.0,30.0,0.0,1012.0,56.0,12.0,0.0,0.0
2024-09-02 17:00:00,28.0,16.0,29.0,0.0,1012.0,64.0,8.0,0.0,0.0
2024-09-02 18:00:00,20.0,11.0,28.0,0.0,1013.0,74.0,1.0,0.0,0.0
2024-09-02 19:00:00,24.0,13.0,27.0,0.0,1013.0,75.0,5.0,0.0,0.0
2024-09-02 20:00:00,27.0,16.0,27.0,0.0,1014.0,74.0,3.0,0.0,0.0
2024-09-02 21:00:00,26.0,15.0,26.0,0.0,1014.0,71.0,5.0,0.0,0.0
2024-09-02 22:00:00,26.0,16.0,25.0,0.0,1015.0,68.0,8.0,0.0,0.0
2024-09-02 23:00:00,27.0,15.0,25.0,0.0,1015.0,71.0,7.0,0.0,0.0
2024-09-03 00:00:00,25.0,15.0,24.0,0.0,1015.0,64.0,6.0,0.0,0.0
2024-09-03 01:00:00,24.0,15.0,24.0,0.0,1015.0,65.0,7.0,0.0,0.0
2024-09-03 02:00:00,25.0,16.0,24.0,0.0,1015.0,65.0,6.0,0.0,0.0
2024-09-03 03:00:00,24.0,16.0,24.0,0.0,1015.0,66.0,4.0,0.0,0.0
2024-09-03 04:00:00,23.0,15.0,24.0,0.0,1015.0,69.0,3.0,0.0,0.0
2024-09-03 05:00:00,24.0,15.0,24.0,0.0,1015.0,72.0,5.0,0.0,0.0
2024-09-03 06:00:00,24.0,15.0,24.0,0.0,1015.0,72.0,5.0,0.0,0.0
2024-09-03 07:00:00,23.0,16.0,26.0,0.0,1015.0,55.0,4.0,0.0,0.0
2024-09-03 08:00:00,25.0,15.0,28.0,0.0,1016.0,49.0,4.0,0.0,0.0
2024-09-03 09:00:00,31.0,17.0,29.0,0.0,1016.0,48.0,2.0,0.0,0.0
2024-09-03 10:00:00,29.0,16.0,29.0,0.0,1016.0,50.0,4.0,0.0,0.0
2024-09-03 11:00:00,28.0,16.0,29.0,0.0,1016.0,54.0,9.0,0.0,0.0
2024-09-03 12:00:00,24.0,14.0,29.0,0.0,1015.0,59.0,10.0,0.0,0.0
2024-09-03 13:00:00,25.0,15.0,29.0,0.0,1015.0,60.0,10.0,0.0,0.0
2024-09-03 14:00:00,24.0,15.0,28.0,0.0,1015.0,61.0,11.0,0.0,0.0
2024-09-03 15:00:00,25.0,14.0,29.0,0.1,1015.0,60.0,7.0,0.0,0.0
2024-09-03 16:00:00,26.0,14.0,28.0,0.0,1016.0,60.0,8.0,0.0,0.0
2024-09-03 17:00:00,26.0,15.0,28.0,0.2,1015.0167385608996,62.0,4.0,0.0,0.0
2024-09-03 18:00:00,25.0,14.0,26.0,0.0,1016.0,72.0,3.0,0.0,0.0
2024-09-03 19:00:00,24.0,13.0,25.0,0.0,1016.0,76.0,6.0,0.0,0.0
2024-09-03 20:00:00,40.0,15.0,24.0,0.0,1016.0,77.0,4.0,0.0,0.0
2024-09-03 21:00:00,37.0,16.0,24.0,0.0,1016.0,78.0,5.0,0.0,0.0
2024-09-03 22:00:00,23.0,14.0,24.0,0.0,1016.0,78.0,6.0,0.0,0.0
2024-09-03 23:00:00,27.0,15.0,24.0,0.0,1016.0,78.0,5.0,0.0,0.0
2024-09-04 00:00:00,24.0,15.0,24.0,0.0,1016.0,79.0,5.0,0.0,0.0
2024-09-04 01:00:00,23.0,15.0,18.905596564362952,0.10371674129494313,1016.7184789397412,67.24914048129381,9.027348934569261,0.0,0.0
2024-09-04 02:00:00,22.0,15.0,18.229449980573747,0.10809401738068569,1016.9225038200883,67.77482423877655,8.980668546267907,0.0,0.0
2024-09-04 03:00:00,21.0,14.0,18.400318689425205,0.1104683579672967,1016.7408545337568,67.44154430473282,9.088735871604456,0.0,0.0
2024-09-04 04:00:00,24.0,16.0,18.734727855511494,0.10134240070833034,1016.9001282260729,67.58242041533731,8.919281609232655,0.0,0.0
2024-09-04 05:00:00,22.0,16.0,17.382434687933255,0.11009695287981547,1017.3081779867669,68.63378793030324,8.825920832630004,0.0,0.0
2024-09-04 06:00:00,20.0,14.0,17.724172105636057,0.11484563405303838,1016.9448794141038,67.96722806221601,9.042055483303159,0.0,0.0
2024-09-04 07:00:00,21.0,14.0,18.400318689425205,0.1104683579672967,1016.7408545337568,67.44154430473282,9.088735871604456,0.0,0.0
2024-09-04 08:00:00,22.0,14.0,19.076465273214353,0.10609108188156124,1016.5368296534098,66.91586054724985,9.13541625990581,0.0,0.0
2024-09-04 09:00:00,27.0,15.0,21.610182899519543,0.0862076369519782,1015.9023794183532,65.14640545136194,9.214070487774507,0.0,0.0
2024-09-04 10:00:00,30.0,15.0,23.63862265088693,0.07307580869475316,1015.2903047773121,63.569354178913045,9.354111652678569,0.0,0.0
2024-09-04 11:00:00,24.0,15.0,19.5817431481521,0.09933946520920056,1016.5144540593943,66.72345672381061,9.074029322870558,0.0,0.0
2024-09-04 12:00:00,25.0,15.0,20.25788973194119,0.09496218912346155,1016.3104291790473,66.19777296632765,9.120709711171912,0.0,0.0
2024-09-04 13:00:00,22.0,15.0,18.229449980573747,0.10809401738068569,1016.9225038200883,67.77482423877655,8.980668546267907,0.0,0.0
2024-09-04 14:00:00,21.0,13.0,19.24733398206581,0.1084654224681687,1016.3551803670782,66.58258061320635,9.243483585242302,0.0,0.0
2024-09-04 15:00:00,20.0,12.0,19.41820269091727,0.11083976305477794,1016.1735310807467,66.24930067916262,9.351550910578908,0.0,0.0
2024-09-04 16:00:00,19.0,12.0,18.74205610712812,0.11521703914052228,1016.3775559610937,66.77498443664558,9.30487052227761,0.0,0.0
2024-09-04 17:00:00,17.0,11.0,18.23677823219043,0.12196865581287497,1016.3999315551091,66.96738826008504,9.366257459312749,0.0,0.0
2024-09-04 18:00:00,17.0,10.0,19.083793524830924,0.11996572031374253,1016.0142573884306,66.10842456855835,9.521005172950652,0.0,0.0
2024-09-04 19:00:00,17.0,11.0,18.23677823219043,0.12196865581287497,1016.3999315551091,66.96738826008504,9.366257459312749,0.0,0.0
2024-09-04 20:00:00,19.0,11.0,19.589071399768727,0.1132141036413925,1015.9918817944151,65.91602074511889,9.459618235915457,0.0,0.0
2024-09-04 21:00:00,19.0,11.0,19.589071399768727,0.1132141036413925,1015.9918817944151,65.91602074511889,9.459618235915457,0.0,0.0
2024-09-04 22:00:00,19.0,12.0,18.74205610712812,0.11521703914052228,1016.3775559610937,66.77498443664558,9.30487052227761,0.0,0.0
2024-09-04 23:00:00,18.0,12.0,18.065909523338917,0.11959431522626307,1016.5815808414407,67.30066819412855,9.258190133976257,0.0,0.0
2024-09-05 00:00:00,18.0,13.0,17.218894230698425,0.12159725072539196,1016.9672550081193,68.15963188565502,9.10344242033841,0.0,0.0
2024-09-05 01:00:00,18.0,12.0,18.065909523338917,0.11959431522626307,1016.5815808414407,67.30066819412855,9.258190133976257,0.0,0.0
2024-09-05 02:00:00,18.0,12.0,18.065909523338917,0.11959431522626307,1016.5815808414407,67.30066819412855,9.258190133976257,0.0,0.0
2024-09-05 03:00:00,18.0,13.0,17.218894230698425,0.12159725072539196,1016.9672550081193,68.15963188565502,9.10344242033841,0.0,0.0
2024-09-05 04:00:00,18.0,13.0,17.218894230698425,0.12159725072539196,1016.9672550081193,68.15963188565502,9.10344242033841,0.0,0.0
2024-09-05 05:00:00,18.0,13.0,17.218894230698425,0.12159725072539196,1016.9672550081193,68.15963188565502,9.10344242033841,0.0,0.0
2024-09-05 06:00:00,21.0,15.0,17.5533033967846,0.11247129346642737,1017.1265287004354,68.30050799625951,8.933988157966553,0.0,0.0
2024-09-05 07:00:00,24.0,16.0,27.0,0.0,1011.0,51.0,6.0,0.0,0.0
2024-09-05 08:00:00,24.0,17.0,28.0,0.0,1010.0,49.0,6.0,0.0,0.0
2024-09-05 09:00:00,27.0,17.0,29.0,0.0,1011.0,47.0,4.0,0.0,0.0
2024-09-05 10:00:00,44.0,20.0,30.0,0.0,1011.0,49.0,11.0,0.0,0.0
2024-09-05 11:00:00,26.0,16.0,30.0,0.0,1010.0,51.0,19.0,0.0,0.0
2024-09-05 12:00:00,22.0,14.0,30.0,0.0,1009.0,53.0,19.0,0.0,0.0
2024-09-05 13:00:00,17.0,9.0,29.0,0.0,1009.0,54.0,24.0,0.0,0.0
2024-09-05 14:00:00,7.0,4.0,24.0,1.6,1011.0,84.0,25.0,0.0,0.0
2024-09-05 15:00:00,12.0,8.0,24.0,0.0,1009.0,88.0,9.0,0.0,0.0
2024-09-05 16:00:00,15.0,10.0,25.0,0.0,1009.0,84.0,6.0,0.0,0.0
2024-09-05 17:00:00,19.0,11.0,21.0,0.2,1009.0,91.0,17.0,0.0,0.0
2024-09-05 18:00:00,19.0,13.0,21.0,0.0,1010.0,91.0,24.0,0.0,0.0
2024-09-05 19:00:00,22.0,14.0,22.0,0.2,1010.0,85.0,18.0,0.0,0.0
2024-09-05 20:00:00,21.0,12.0,22.0,0.2,1010.0,83.0,8.0,0.0,0.0
2024-09-05 21:00:00,6.0,3.0,21.0,1.3,1011.0,88.0,4.0,0.0,0.0
2024-09-05 22:00:00,5.0,2.0,20.0,0.0,1011.0,88.0,13.0,0.0,0.0
2024-09-05 23:00:00,4.0,2.0,20.0,0.0,1010.0,84.0,10.0,0.0,0.0
2024-09-06 00:00:00,2.0,2.0,20.0,0.0,1011.0,82.0,6.0,0.0,0.0
2024-09-06 01:00:00,3.0,2.0,21.0,0.0,1011.0,81.0,1.0,0.0,0.0
2024-09-06 02:00:00,3.0,2.0,21.0,0.0,1012.0,82.0,5.0,0.0,0.0
2024-09-06 03:00:00,3.0,2.0,20.0,0.0,1012.0,85.0,6.0,0.0,0.0
2024-09-06 04:00:00,5.0,2.0,20.0,0.0,1012.0,84.0,5.0,0.0,0.0
2024-09-06 05:00:00,5.0,2.0,20.0,0.0,1012.0,83.0,4.0,0.0,0.0
2024-09-06 06:00:00,4.0,2.0,20.0,0.0,1013.0,83.0,6.0,0.0,0.0
2024-09-06 07:00:00,4.0,2.0,22.0,0.0,1012.0,75.0,8.0,0.0,0.0
2024-09-06 08:00:00,6.0,2.0,23.0,0.0,1013.0,63.0,5.0,0.0,0.0
2024-09-06 09:00:00,14.0,3.0,24.0,0.0,1013.0,58.0,3.0,0.0,0.0
2024-09-06 10:00:00,9.0,3.0,25.0,0.0,1013.0,56.0,1.0,0.0,0.0
2024-09-06 11:00:00,6.0,3.0,25.0,0.0,1013.0,61.0,3.0,0.0,0.0
2024-09-06 12:00:00,6.0,3.0,25.0,0.0,1013.0,62.0,4.0,0.0,0.0
2024-09-06 13:00:00,6.0,3.0,25.0,0.0,1013.0,63.0,5.0,0.0,0.0
2024-09-06 14:00:00,6.0,3.0,25.0,0.0,1013.0,65.0,6.0,0.0,0.0
2024-09-06 15:00:00,6.0,3.0,25.0,0.0,1013.0,67.0,7.0,0.0,0.0
2024-09-06 16:00:00,6.0,4.0,24.0,0.0,1013.0,72.0,5.0,0.0,0.0
2024-09-06 17:00:00,4.0,3.0,23.0,0.0,1014.0,76.0,5.0,0.0,0.0
2024-09-06 18:00:00,5.0,3.0,22.0,0.0,1014.0,84.0,5.0,0.0,0.0
2024-09-06 19:00:00,5.0,3.0,22.0,0.0,1014.0,79.0,3.0,0.0,0.0
2024-09-06 20:00:00,7.0,4.0,22.0,0.0,1015.0,83.0,4.0,0.0,0.0
2024-09-06 21:00:00,5.0,3.0,21.0,0.0,1015.0,86.0,5.0,0.0,0.0
2024-09-06 22:00:00,5.0,4.0,21.0,0.0,1015.0,87.0,7.0,0.0,0.0
2024-09-06 23:00:00,7.0,4.0,21.0,0.0,1016.0,86.0,7.0,0.0,0.0
2024-09-07 00:00:00,5.0,4.0,20.0,0.0,1016.0,86.0,6.0,0.0,0.0
2024-09-07 01:00:00,6.0,4.0,20.0,0.0,1016.0,86.0,6.0,0.0,0.0
2024-09-07 02:00:00,6.0,4.0,20.0,0.0,1016.0,85.0,8.0,0.0,0.0
2024-09-07 03:00:00,6.0,3.0,20.0,0.0,1016.0,85.0,6.0,0.0,0.0
2024-09-07 04:00:00,6.0,3.0,20.0,0.0,1016.0,86.0,6.0,0.0,0.0
2024-09-07 05:00:00,6.0,4.0,20.0,0.0,1016.0,86.0,6.0,0.0,0.0
2024-09-07 06:00:00,6.0,4.0,20.0,0.0,1016.0,85.0,5.0,0.0,0.0
2024-09-07 07:00:00,6.0,4.0,24.0,0.0,1017.0,67.0,8.0,0.0,0.0
2024-09-07 08:00:00,7.0,4.0,26.0,0.0,1017.0,60.0,6.0,0.0,0.0
2024-09-07 09:00:00,8.0,4.0,28.0,0.0,1017.0,55.0,1.0,0.0,0.0
2024-09-07 10:00:00,7.0,4.0,28.0,0.0,1017.0,54.0,3.0,0.0,0.0
2024-09-07 11:00:00,7.0,4.0,28.0,0.0,1017.0,55.0,7.0,0.0,0.0
2024-09-07 12:00:00,6.0,3.0,28.0,0.0,1017.0,58.0,9.0,0.0,0.0
2024-09-07 13:00:00,5.0,3.0,27.0,0.0,1016.0,60.0,8.0,0.0,0.0
2024-09-07 14:00:00,6.0,3.0,27.0,0.0,1016.0,61.0,9.0,0.0,0.0
2024-09-07 15:00:00,5.0,3.0,27.0,0.0,1016.0,61.0,8.0,0.0,0.0
2024-09-07 16:00:00,5.0,3.0,26.0,0.0,1016.0,63.0,5.0,0.0,0.0
2024-09-07 17:00:00,5.0,3.0,26.0,0.0,1016.0,67.0,2.0,0.0,0.0
2024-09-07 18:00:00,6.0,3.0,24.0,0.0,1016.0,77.0,4.0,0.0,0.0
2024-09-07 19:00:00,6.0,4.0,24.0,0.0,1016.0,76.0,4.0,0.0,0.0
2024-09-07 20:00:00,8.0,4.0,23.0,0.0,1016.0,80.0,6.0,0.0,0.0
2024-09-07 21:00:00,9.0,5.0,22.0,0.0,1016.0,85.0,7.0,0.0,0.0
2024-09-07 22:00:00,11.0,6.0,22.0,0.0,1017.0,86.0,8.0,0.0,0.0
2024-09-07 23:00:00,8.0,5.0,21.0,0.0,1016.0,88.0,9.0,0.0,0.0
2024-09-08 00:00:00,9.0,5.0,21.0,0.0,1016.0,88.0,9.0,0.0,0.0
2024-09-08 01:00:00,9.0,5.0,21.0,0.0,1016.0,88.0,8.0,0.0,0.0
2024-09-08 02:00:00,9.0,5.0,21.0,0.0,1015.0,87.0,7.0,0.0,0.0
2024-09-08 03:00:00,8.0,5.0,21.0,0.0,1015.0,86.0,5.0,0.0,0.0
2024-09-08 04:00:00,7.0,5.0,21.0,0.0,1015.0,85.0,6.0,0.0,0.0
2024-09-08 05:00:00,7.0,5.0,21.0,0.0,1015.0,84.0,5.0,0.0,0.0
2024-09-08 06:00:00,7.0,4.0,22.0,0.0,1015.0,82.0,5.0,0.0,0.0
2024-09-08 07:00:00,8.0,5.0,25.0,0.0,1015.0,57.0,6.0,0.0,0.0
2024-09-08 08:00:00,8.0,5.0,28.0,0.0,1015.0,50.0,5.0,0.0,0.0
2024-09-08 09:00:00,9.0,5.0,29.0,0.0,1015.0,52.0,4.0,0.0,0.0
2024-09-08 10:00:00,11.0,6.0,30.0,0.0,1014.0,52.0,5.0,0.0,0.0
2024-09-08 11:00:00,13.0,6.0,30.0,0.0,1013.0,56.0,5.0,0.0,0.0
2024-09-08 12:00:00,14.0,6.0,30.0,0.0,1013.0,60.0,12.0,0.0,0.0
2024-09-08 13:00:00,12.0,6.0,29.0,0.0,1012.0,62.0,7.0,0.0,0.0
2024-09-08 14:00:00,12.0,6.0,30.0,0.0,1012.0,63.0,17.0,0.0,0.0
2024-09-08 15:00:00,14.0,7.0,25.0,0.6,1012.0,84.0,6.0,0.0,0.0
2024-09-08 16:00:00,16.0,7.0,25.0,0.0,1012.0,86.0,4.0,0.0,0.0
2024-09-08 17:00:00,18.0,8.0,24.0,1.3,1012.0,94.0,1.0,0.0,0.0
2024-09-08 18:00:00,20.0,9.0,23.0,0.0,1012.0,92.0,5.0,0.0,0.0
2024-09-08 19:00:00,22.0,11.0,23.0,0.0,1011.0,90.0,6.0,0.0,0.0
2024-09-08 20:00:00,20.0,9.0,22.0,0.2,1010.0,92.0,5.0,0.0,0.0
2024-09-08 21:00:00,10.0,4.0,23.0,16.2,1011.0,91.0,3.0,0.0,0.0
2024-09-08 22:00:00,13.0,6.0,22.0,6.1,1010.0,95.0,6.0,0.0,0.0
2024-09-08 23:00:00,18.0,8.0,22.0,2.9,1009.0,95.0,7.0,0.0,0.0
2024-09-09 00:00:00,15.0,7.0,22.0,4.6,1008.0,93.0,9.0,0.0,0.0
2024-09-09 01:00:00,14.0,6.0,22.0,19.6,1008.0,92.0,13.0,0.0,0.0
2024-09-09 02:00:00,11.0,5.0,21.0,10.9,1007.0,93.0,13.0,0.0,0.0
2024-09-09 03:00:00,8.0,4.0,21.0,7.0,1006.0,92.0,8.0,0.0,0.0
2024-09-09 04:00:00,12.0,6.0,20.0,0.6,1005.0,95.0,6.0,0.0,0.0
2024-09-09 05:00:00,16.0,7.0,21.0,0.0,1005.0,92.0,2.0,0.0,0.0
2024-09-09 06:00:00,15.0,7.0,21.0,0.0,1006.0,91.0,4.0,0.0,0.0
2024-09-09 07:00:00,13.0,7.0,20.0,0.5,1000.0,94.0,5.0,0.0,0.0
2024-09-09 08:00:00,14.0,7.0,22.0,0.5,1000.0,92.0,7.0,0.0,0.0
2024-09-09 09:00:00,16.0,7.0,23.0,0.2,1001.0,87.0,10.0,0.0,0.0
2024-09-09 10:00:00,17.0,8.0,24.0,0.0,1002.0,83.0,16.0,0.0,0.0
2024-09-09 11:00:00,8.0,4.0,24.0,0.0,1002.0,79.0,13.0,0.0,0.0
2024-09-09 12:00:00,4.0,2.0,24.0,0.0,1002.0,78.0,10.0,0.0,0.0
2024-09-09 13:00:00,3.0,2.0,24.0,0.0,1002.0,79.0,6.0,0.0,0.0
2024-09-09 14:00:00,6.0,2.0,24.0,0.1,1002.0,82.0,4.0,0.0,0.0
2024-09-09 15:00:00,9.0,4.0,24.0,0.1,1002.0,81.0,2.0,0.0,0.0
2024-09-09 16:00:00,10.0,4.0,22.0,0.4,1003.0,86.0,10.0,0.0,0.0
2024-09-09 17:00:00,10.0,4.0,20.0,0.1,1003.0,88.0,18.0,0.0,0.0
2024-09-09 18:00:00,7.0,3.0,20.0,0.0,1003.0,83.0,15.0,0.0,0.0
2024-09-09 19:00:00,7.0,2.0,20.0,0.0,1004.0,79.0,21.0,0.0,0.0
2024-09-09 20:00:00,3.0,2.0,20.0,0.0,1005.0,74.0,17.0,0.0,0.0
2024-09-09 21:00:00,2.0,2.0,20.0,0.0,1005.0,71.0,15.0,0.0,0.0
2024-09-09 22:00:00,2.0,2.0,21.0,0.0,1006.0,72.0,9.0,0.0,0.0
2024-09-09 23:00:00,2.0,2.0,20.0,0.0,1006.0,75.0,12.0,0.0,0.0
2024-09-10 00:00:00,2.0,2.0,20.0,0.0,1006.0,77.0,6.0,0.0,0.0
2024-09-10 01:00:00,2.0,2.0,19.0,0.0,1006.0,77.0,4.0,0.0,0.0
2024-09-10 02:00:00,2.0,2.0,19.0,0.0,1007.0,76.0,4.0,0.0,0.0
2024-09-10 03:00:00,2.0,2.0,19.0,0.0,1007.0,76.0,5.0,0.0,0.0
2024-09-10 04:00:00,3.0,2.0,19.0,0.0,1007.0,74.0,6.0,0.0,0.0
2024-09-10 05:00:00,3.0,2.0,19.0,0.0,1008.0,73.0,6.0,0.0,0.0
2024-09-10 06:00:00,2.0,2.0,19.0,0.0,1008.0,72.0,7.0,0.0,0.0
2024-09-10 07:00:00,3.0,2.0,22.0,0.0,1009.0,59.0,8.0,0.0,0.0
2024-09-10 08:00:00,7.0,2.0,24.0,0.0,1010.0,56.0,6.0,0.0,0.0
2024-09-10 09:00:00,9.0,2.0,25.0,0.0,1010.0,50.0,5.0,0.0,0.0
2024-09-10 10:00:00,3.0,2.0,25.0,0.0,1010.0,49.0,3.0,0.0,0.0
2024-09-10 11:00:00,4.0,2.0,26.0,0.0,1010.0,47.0,1.0,0.0,0.0
2024-09-10 12:00:00,3.0,2.0,26.0,0.0,1010.0,48.0,5.0,0.0,0.0
2024-09-10 13:00:00,2.0,2.0,25.0,0.0,1010.0,50.0,5.0,0.0,0.0
2024-09-10 14:00:00,2.0,2.0,25.0,0.0,1010.0,48.0,4.0,0.0,0.0
2024-09-10 15:00:00,3.0,2.0,25.0,0.0,1010.0,48.0,3.0,0.0,0.0
2024-09-10 16:00:00,3.0,2.0,24.0,0.0,1010.0,55.0,1.0,0.0,0.0
2024-09-10 17:00:00,2.0,2.0,23.0,0.0,1010.0,72.0,3.0,0.0,0.0
2024-09-10 18:00:00,2.0,2.0,22.0,0.0,1010.0,75.0,4.0,0.0,0.0
2024-09-10 19:00:00,3.0,2.0,22.0,0.0,1010.0,66.0,4.0,0.0,0.0
2024-09-10 20:00:00,4.0,2.0,22.0,0.0,1011.0,65.0,5.0,0.0,0.0
2024-09-10 21:00:00,4.0,2.0,21.0,0.0,1011.0,66.0,6.0,0.0,0.0
2024-09-10 22:00:00,8.0,4.0,21.0,0.0,1011.0,66.0,5.0,0.0,0.0
2024-09-10 23:00:00,6.0,3.0,21.0,0.0,1011.0,67.0,6.0,0.0,0.0
2024-09-11 00:00:00,5.0,2.0,20.0,0.0,1010.0,68.0,7.0,0.0,0.0
2024-09-11 01:00:00,6.0,2.0,19.0,0.0,1010.0,73.0,8.0,0.0,0.0
2024-09-11 02:00:00,4.0,2.0,19.0,0.0,1010.0,75.0,8.0,0.0,0.0
2024-09-11 03:00:00,3.0,2.0,18.0,0.0,1010.0,76.0,8.0,0.0,0.0
2024-09-11 04:00:00,3.0,2.0,18.0,0.0,1010.0,76.0,8.0,0.0,0.0
2024-09-11 05:00:00,3.0,2.0,18.0,0.0,1010.0,76.0,8.0,0.0,0.0
2024-09-11 06:00:00,3.0,2.0,18.0,0.0,1010.0,78.0,6.0,0.0,0.0
2024-09-11 07:00:00,3.0,2.0,22.0,0.0,1010.0,49.0,2.0,0.0,0.0
2024-09-11 08:00:00,9.0,3.0,23.0,0.0,1010.0,49.0,4.0,0.0,0.0
2024-09-11 09:00:00,9.0,3.0,25.0,0.0,1010.0,45.0,1.0,0.0,0.0
2024-09-11 10:00:00,9.0,3.0,26.0,0.0,1010.0,42.0,3.0,0.0,0.0
2024-09-11 11:00:00,7.0,3.0,26.0,0.0,1009.0,42.0,6.0,0.0,0.0
2024-09-11 12:00:00,6.0,3.0,27.0,0.0,1009.0,43.0,10.0,0.0,0.0
2024-09-11 13:00:00,4.0,2.0,27.0,0.0,1008.0,45.0,10.0,0.0,0.0
2024-09-11 14:00:00,5.0,2.0,26.0,0.0,1008.0,49.0,11.0,0.0,0.0
2024-09-11 15:00:00,3.0,2.0,26.0,0.0,1008.0,52.0,10.0,0.0,0.0
2024-09-11 16:00:00,6.0,3.0,24.0,0.0,1008.0,59.0,14.0,0.0,0.0
2024-09-11 17:00:00,6.0,3.0,24.0,0.0,1007.0,61.0,12.0,0.0,0.0
2024-09-11 18:00:00,7.0,3.0,22.0,0.0,1007.0,70.0,6.0,0.0,0.0
2024-09-11 19:00:00,7.0,3.0,22.0,0.0,1007.0,68.0,8.0,0.0,0.0
2024-09-11 20:00:00,6.0,3.0,22.0,0.0,1007.0,73.0,1.0,0.0,0.0
2024-09-11 21:00:00,7.0,4.0,21.0,0.0,1007.0,71.0,8.0,0.0,0.0
2024-09-11 22:00:00,7.0,4.0,21.0,0.0,1006.0,68.0,5.0,0.0,0.0
2024-09-11 23:00:00,6.0,4.0,21.0,0.0,1006.0,68.0,6.0,0.0,0.0
2024-09-12 00:00:00,6.0,3.0,22.0,0.0,1005.0,58.0,12.0,0.0,0.0
2024-09-12 01:00:00,6.0,2.0,23.0,0.0,1004.0,58.0,30.0,0.0,0.0
2024-09-12 02:00:00,16.0,7.0,22.0,0.0,1004.0,74.0,28.0,0.0,0.0
2024-09-12 03:00:00,17.0,9.0,22.0,1.1,1004.0,83.0,18.0,0.0,0.0
2024-09-12 04:00:00,3.0,2.0,22.0,0.0,1003.0,80.0,25.0,0.0,0.0
2024-09-12 05:00:00,3.0,2.0,22.0,0.0,1003.0,77.0,24.0,0.0,0.0
2024-09-12 06:00:00,5.0,3.0,23.0,0.0,1003.0,71.0,23.0,0.0,0.0
2024-09-12 07:00:00,6.0,3.0,19.0,25.9,1003.0,89.0,17.0,0.0,0.0
2024-09-12 08:00:00,7.0,4.0,17.0,0.0,1004.0,100.0,5.0,0.0,0.0
2024-09-12 09:00:00,3.0,2.0,19.0,3.9,1004.0,90.0,13.0,0.0,0.0
2024-09-12 10:00:00,4.0,2.0,19.0,1.9,1003.0,92.0,17.0,0.0,0.0
2024-09-12 11:00:00,5.0,3.0,20.0,0.3,1002.0,88.0,22.0,0.0,0.0
2024-09-12 12:00:00,4.0,3.0,22.0,0.1,1002.0,82.0,19.0,0.0,0.0
2024-09-12 13:00:00,8.0,4.0,23.0,0.0,1002.0,68.0,21.0,0.0,0.0
2024-09-12 14:00:00,4.0,2.0,23.0,0.0,1002.0,68.0,17.0,0.0,0.0
2024-09-12 15:00:00,6.0,3.0,23.0,0.0,1002.0,73.0,4.0,0.0,0.0
2024-09-12 16:00:00,7.0,4.0,22.0,0.0,1002.0,77.0,2.0,0.0,0.0
2024-09-12 17:00:00,6.0,2.0,19.0,0.0,1003.0,77.0,26.0,0.0,0.0
2024-09-12 18:00:00,6.0,3.0,16.0,0.4,1003.0,83.0,29.0,0.0,0.0
2024-09-12 19:00:00,10.0,4.0,16.0,0.0,1003.0,82.0,28.0,0.0,0.0
2024-09-12 20:00:00,11.0,4.0,16.0,0.4,1003.0,86.0,28.0,0.0,0.0
2024-09-12 21:00:00,4.0,2.0,15.0,0.0,1004.0,82.0,19.0,0.0,0.0
2024-09-12 22:00:00,2.0,2.0,15.0,0.2,1005.0,81.0,10.0,0.0,0.0
2024-09-12 23:00:00,2.0,2.0,14.0,1.0,1006.0,87.0,21.0,0.0,0.0
2024-09-13 00:00:00,2.0,2.0,14.0,0.0,1005.0,84.0,26.0,0.0,0.0
2024-09-13 01:00:00,2.0,2.0,13.0,0.0,1005.0,81.0,29.0,0.0,0.0
2024-09-13 02:00:00,2.0,2.0,13.0,0.0,1006.0,77.0,25.0,0.0,0.0
2024-09-13 03:00:00,2.0,2.0,12.0,0.3,1006.0,78.0,23.0,0.0,0.0
2024-09-13 04:00:00,2.0,2.0,12.0,0.2,1006.0,77.0,23.0,0.0,0.0
2024-09-13 05:00:00,2.0,2.0,12.0,0.0,1006.0,74.0,22.0,0.0,0.0
2024-09-13 06:00:00,2.0,2.0,12.0,0.0,1006.0,72.0,22.0,0.0,0.0
2024-09-13 07:00:00,2.0,2.0,14.0,0.0,1007.0,66.0,8.0,0.0,0.0
2024-09-13 08:00:00,2.0,2.0,14.0,0.0,1007.0,64.0,8.0,0.0,0.0
2024-09-13 09:00:00,2.0,2.0,15.0,0.0,1007.0,62.0,10.0,0.0,0.0
2024-09-13 10:00:00,2.0,2.0,16.0,0.0,1007.0,62.0,13.0,0.0,0.0
2024-09-13 11:00:00,2.0,2.0,16.0,0.0,1008.0,63.0,14.0,0.0,0.0
2024-09-13 12:00:00,2.0,2.0,16.0,0.0,1008.0,64.0,16.0,0.0,0.0
2024-09-13 13:00:00,2.0,2.0,16.0,0.0,1008.0,64.0,11.0,0.0,0.0
2024-09-13 14:00:00,2.0,2.0,17.0,0.0,1008.0,64.0,12.0,0.0,0.0
2024-09-13 15:00:00,2.0,2.0,16.0,0.0,1008.0,62.0,13.0,0.0,0.0
2024-09-13 16:00:00,4.0,2.0,16.0,0.0,1008.0,64.0,8.0,0.0,0.0
2024-09-13 17:00:00,2.0,2.0,15.0,0.0,1008.0,67.0,7.0,0.0,0.0
2024-09-13 18:00:00,2.0,2.0,14.0,0.0,1008.0,71.0,7.0,0.0,0.0
2024-09-13 19:00:00,2.0,2.0,14.0,0.0,1008.0,68.0,9.0,0.0,0.0
2024-09-13 20:00:00,3.0,2.0,14.0,0.0,1009.0,69.0,10.0,0.0,0.0
2024-09-13 21:00:00,7.0,3.0,14.0,0.0,1009.0,71.0,9.0,0.0,0.0
2024-09-13 22:00:00,5.0,2.0,13.0,0.0,1009.0,74.0,9.0,0.0,0.0
2024-09-13 23:00:00,5.0,2.0,13.0,0.0,1009.0,75.0,8.0,0.0,0.0
2024-09-14 00:00:00,4.0,2.0,14.0,0.0,1009.0,73.0,8.0,0.0,0.0
2024-09-14 01:00:00,4.0,2.0,14.0,0.0,1009.0,72.0,3.0,0.0,0.0
2024-09-14 02:00:00,3.0,2.0,14.0,0.0,1009.0,70.0,4.0,0.0,0.0
2024-09-14 03:00:00,4.0,2.0,15.0,0.0,1009.0,63.0,5.0,0.0,0.0
2024-09-14 04:00:00,3.0,2.0,15.0,0.0,1008.0,59.0,10.0,0.0,0.0
2024-09-14 05:00:00,4.0,2.0,15.0,0.0,1009.0,59.0,9.0,0.0,0.0
2024-09-14 06:00:00,3.0,2.0,16.0,0.0,1009.0,59.0,10.0,0.0,0.0
2024-09-14 07:00:00,3.0,2.0,16.0,0.0,1012.0,53.0,15.0,0.0,0.0
2024-09-14 08:00:00,2.0,2.0,17.0,0.0,1012.0,53.0,13.0,0.0,0.0
2024-09-14 09:00:00,2.0,2.0,18.0,0.0,1012.0,48.0,10.0,0.0,0.0
2024-09-14 10:00:00,2.0,2.0,18.0,0.0,1012.0,46.0,7.0,0.0,0.0
2024-09-14 11:00:00,4.0,2.0,18.0,0.0,1012.0,44.0,5.0,0.0,0.0
2024-09-14 12:00:00,4.0,2.0,18.0,0.0,1012.0,48.0,8.0,0.0,0.0
2024-09-14 13:00:00,4.0,2.0,18.0,0.0,1012.0,52.0,10.0,0.0,0.0
2024-09-14 14:00:00,4.0,2.0,18.0,0.0,1013.0,56.0,13.0,0.0,0.0
2024-09-14 15:00:00,4.0,2.0,17.0,0.0,1013.0,59.0,12.0,0.0,0.0
2024-09-14 16:00:00,4.0,2.0,17.0,0.0,1013.0,61.0,8.0,0.0,0.0
2024-09-14 17:00:00,4.0,2.0,17.0,0.0,1013.0,59.0,14.0,0.0,0.0
2024-09-14 18:00:00,3.0,2.0,14.0,0.0,1014.0,73.0,13.0,0.0,0.0
2024-09-14 19:00:00,4.0,2.0,13.0,1.1,1014.0,94.0,15.0,0.0,0.0
2024-09-14 20:00:00,3.0,2.0,13.0,0.0,1014.0,83.0,9.0,0.0,0.0
2024-09-14 21:00:00,2.0,2.0,14.0,0.0,1014.0,82.0,7.0,0.0,0.0
2024-09-14 22:00:00,2.0,2.0,13.0,0.0,1014.0,82.0,10.0,0.0,0.0
2024-09-14 23:00:00,2.0,2.0,14.0,0.0,1014.0,80.0,8.0,0.0,0.0
2024-09-15 00:00:00,2.0,2.0,14.0,0.0,1013.0,78.0,10.0,0.0,0.0
2024-09-15 01:00:00,3.0,2.0,14.0,0.0,1013.0,77.0,9.0,0.0,0.0
2024-09-15 02:00:00,2.0,2.0,14.0,0.0,1012.0,77.0,10.0,0.0,0.0
2024-09-15 03:00:00,2.0,2.0,15.0,0.0,1012.0,74.0,9.0,0.0,0.0
2024-09-15 04:00:00,2.0,2.0,15.0,0.0,1011.0,66.0,7.0,0.0,0.0
2024-09-15 05:00:00,2.0,2.0,16.0,0.0,1012.0,59.0,4.0,0.0,0.0
2024-09-15 06:00:00,3.0,2.0,16.0,0.0,1012.0,56.0,3.0,0.0,0.0
2024-09-15 07:00:00,3.0,2.0,14.0,0.0,1012.0,72.0,4.0,0.0,0.0
2024-09-15 08:00:00,4.0,2.0,16.0,0.0,1013.0,58.0,3.0,0.0,0.0
2024-09-15 09:00:00,4.0,2.0,17.0,0.0,1013.0,50.0,2.0,0.0,0.0
2024-09-15 10:00:00,3.0,2.0,18.0,0.0,1013.0,46.0,3.0,0.0,0.0
2024-09-15 11:00:00,5.0,2.0,19.0,0.0,1013.0,41.0,3.0,0.0,0.0
2024-09-15 12:00:00,8.0,3.0,20.0,0.0,1013.0,37.0,1.0,0.0,0.0
2024-09-15 13:00:00,8.0,3.0,20.0,0.0,1013.0,36.0,4.0,0.0,0.0
2024-09-15 14:00:00,6.0,3.0,21.0,0.0,1013.0,36.0,4.0,0.0,0.0
2024-09-15 15:00:00,6.0,2.0,21.0,0.0,1012.0,35.0,4.0,0.0,0.0
2024-09-15 16:00:00,7.0,3.0,21.0,0.0,1013.0,38.0,5.0,0.0,0.0
2024-09-15 17:00:00,8.0,3.0,20.0,0.0,1013.0,43.0,7.0,0.0,0.0
2024-09-15 18:00:00,6.0,2.0,18.0,0.0,1014.0,51.0,12.0,0.0,0.0
2024-09-15 19:00:00,6.0,3.0,18.0,0.0,1014.0,49.0,15.0,0.0,0.0
2024-09-15 20:00:00,5.0,2.0,17.0,0.0,1014.0,46.0,13.0,0.0,0.0
2024-09-15 21:00:00,4.0,2.0,16.0,0.0,1014.0,46.0,10.0,0.0,0.0
2024-09-15 22:00:00,3.0,2.0,16.0,0.0,1014.0,45.0,9.0,0.0,0.0
2024-09-15 23:00:00,2.0,2.0,16.0,0.0,1014.0,46.0,9.0,0.0,0.0
2024-09-16 00:00:00,2.0,2.0,15.0,0.0,1014.0,46.0,9.0,0.0,0.0
2024-09-16 01:00:00,2.0,2.0,15.0,0.0,1014.0,46.0,6.0,0.0,0.0
2024-09-16 02:00:00,2.0,2.0,15.0,0.0,1013.0,47.0,6.0,0.0,0.0
2024-09-16 03:00:00,2.0,2.0,15.0,0.0,1013.0,47.0,6.0,0.0,0.0
2024-09-16 04:00:00,2.0,2.0,15.0,0.0,1013.0,48.0,5.0,0.0,0.0
2024-09-16 05:00:00,2.0,2.0,14.0,0.0,1013.0,48.0,5.0,0.0,0.0
2024-09-16 06:00:00,2.0,2.0,15.0,0.0,1013.0,50.0,4.0,0.0,0.0
2024-09-16 07:00:00,2.0,2.0,17.0,0.8,1013.0,54.0,15.0,0.0,0.0
2024-09-16 08:00:00,3.0,2.0,19.0,0.8,1013.0,46.0,13.0,0.0,0.0
2024-09-16 09:00:00,5.0,2.0,21.0,0.5,1013.0,35.0,9.0,0.0,0.0
2024-09-16 10:00:00,10.0,4.0,21.0,0.2,1012.0,36.0,6.0,0.0,0.0
2024-09-16 11:00:00,5.0,2.0,21.0,0.0,1012.0,42.0,6.0,0.0,0.0
2024-09-16 12:00:00,2.0,2.0,20.0,0.0,1011.0,49.0,6.0,0.0,0.0
2024-09-16 13:00:00,3.0,2.0,20.0,0.0,1011.0,46.0,4.0,0.0,0.0
2024-09-16 14:00:00,3.0,2.0,20.0,0.0,1011.0,54.0,5.0,0.0,0.0
2024-09-16 15:00:00,3.0,2.0,18.0,0.0,1012.0,60.0,22.0,0.0,0.0
2024-09-16 16:00:00,3.0,2.0,15.0,0.0,1012.0,81.0,12.0,0.0,0.0
2024-09-16 17:00:00,5.0,2.0,15.0,0.0,1011.0,77.0,12.0,0.0,0.0
2024-09-16 18:00:00,4.0,2.0,14.0,0.0,1011.0,75.0,9.0,0.0,0.0
2024-09-16 19:00:00,6.0,2.0,15.0,0.0,1012.0,74.0,13.0,0.0,0.0
2024-09-16 20:00:00,4.0,2.0,15.0,0.0,1012.0,77.0,7.0,0.0,0.0
2024-09-16 21:00:00,4.0,2.0,14.0,0.0,1012.0,76.0,8.0,0.0,0.0
2024-09-16 22:00:00,2.0,2.0,14.0,0.0,1012.0,76.0,9.0,0.0,0.0
2024-09-16 23:00:00,2.0,2.0,14.0,0.0,1012.0,76.0,7.0,0.0,0.0
2024-09-17 00:00:00,2.0,2.0,14.0,0.0,1012.0,74.0,8.0,0.0,0.0
2024-09-17 01:00:00,2.0,2.0,14.0,0.0,1013.0,72.0,10.0,0.0,0.0
2024-09-17 02:00:00,2.0,2.0,14.0,0.0,1013.0,74.0,14.0,0.0,0.0
2024-09-17 03:00:00,2.0,2.0,15.0,0.0,1013.0,72.0,18.0,0.0,0.0
2024-09-17 04:00:00,2.0,2.0,14.0,0.0,1014.0,74.0,16.0,0.0,0.0
2024-09-17 05:00:00,2.0,2.0,15.0,0.0,1014.0,72.0,19.0,0.0,0.0
2024-09-17 06:00:00,2.0,2.0,14.0,0.0,1015.0,76.0,24.0,0.0,0.0
2024-09-17 07:00:00,3.0,2.0,17.0,0.0,1016.0,65.0,15.0,0.0,0.0
2024-09-17 08:00:00,6.0,3.0,18.0,0.0,1016.0,62.0,17.0,0.0,0.0
2024-09-17 09:00:00,8.0,4.0,18.0,0.0,1017.0,61.0,17.0,0.0,0.0
2024-09-17 10:00:00,8.0,5.0,19.0,0.0,1017.0,61.0,19.0,0.0,0.0
2024-09-17 11:00:00,7.0,4.0,20.0,0.0,1016.0,57.0,23.0,0.0,0.0
2024-09-17 12:00:00,6.0,3.0,20.0,0.0,1017.0,55.0,25.0,0.0,0.0
2024-09-17 13:00:00,7.0,2.0,21.0,0.0,1017.0,55.0,30.0,0.0,0.0
2024-09-17 14:00:00,6.0,2.0,20.0,0.0,1017.0,55.0,34.0,0.0,0.0
2024-09-17 15:00:00,5.0,2.0,20.0,0.0,1017.0,58.0,34.0,0.0,0.0
2024-09-17 16:00:00,7.0,2.0,19.0,0.0,1017.0,61.0,30.0,0.0,0.0
2024-09-17 17:00:00,9.0,2.0,18.0,0.0,1017.0,62.0,26.0,0.0,0.0
2024-09-17 18:00:00,6.0,2.0,17.0,0.0,1017.0,62.0,30.0,0.0,0.0
2024-09-17 19:00:00,5.0,2.0,17.0,0.0,1018.0,64.0,24.0,0.0,0.0
2024-09-17 20:00:00,6.0,2.0,17.0,0.0,1018.0,64.0,24.0,0.0,0.0
2024-09-17 21:00:00,6.0,2.0,17.0,0.0,1018.0,64.0,26.0,0.0,0.0
2024-09-17 22:00:00,7.0,3.0,17.0,0.0,1018.0,63.0,24.0,0.0,0.0
2024-09-17 23:00:00,7.0,3.0,17.0,0.0,1018.0,62.0,24.0,0.0,0.0
2024-09-18 00:00:00,7.0,3.0,17.0,0.0,1018.0,62.0,24.0,0.0,0.0
2024-09-18 01:00:00,6.0,3.0,17.0,0.0,1018.0,62.0,25.0,0.0,0.0
2024-09-18 02:00:00,9.0,5.0,17.0,0.0,1018.0,61.0,21.0,0.0,0.0
2024-09-18 03:00:00,9.0,6.0,17.0,0.0,1018.0,61.0,19.0,0.0,0.0
2024-09-18 04:00:00,10.0,7.0,17.0,0.0,1018.0,61.0,18.0,0.0,0.0
2024-09-18 05:00:00,10.0,7.0,17.0,0.0,1018.0,61.0,15.0,0.0,0.0
2024-09-18 06:00:00,10.0,8.0,17.0,0.0,1018.0,63.0,12.0,0.0,0.0
2024-09-18 07:00:00,11.0,9.0,19.0,0.0,1019.0,54.0,10.0,0.0,0.0
2024-09-18 08:00:00,14.0,9.0,20.0,0.0,1019.0,53.0,12.0,0.0,0.0
2024-09-18 09:00:00,14.0,8.0,21.0,0.0,1019.0,52.0,18.0,0.0,0.0
2024-09-18 10:00:00,14.0,8.0,22.0,0.0,1019.0,52.0,21.0,0.0,0.0
2024-09-18 11:00:00,11.0,7.0,22.0,0.0,1018.0,50.0,25.0,0.0,0.0
2024-09-18 12:00:00,11.0,6.0,23.0,0.0,1018.0,50.0,30.0,0.0,0.0
2024-09-18 13:00:00,10.0,5.0,23.0,0.0,1018.0,50.0,26.0,0.0,0.0
2024-09-18 14:00:00,11.0,5.0,23.0,0.0,1018.0,51.0,24.0,0.0,0.0
2024-09-18 15:00:00,11.0,5.0,22.0,0.0,1018.0,52.0,23.0,0.0,0.0
2024-09-18 16:00:00,9.0,5.0,22.0,0.0,1018.0,54.0,24.0,0.0,0.0
2024-09-18 17:00:00,10.0,5.0,21.0,0.0,1018.0,54.0,26.0,0.0,0.0
2024-09-18 18:00:00,10.0,5.0,20.0,0.0,1018.0,51.0,31.0,0.0,0.0
2024-09-18 19:00:00,11.0,6.0,20.0,0.0,1018.0,57.0,26.0,0.0,0.0
2024-09-18 20:00:00,13.0,7.0,20.0,0.0,1018.0,60.0,24.0,0.0,0.0
2024-09-18 21:00:00,15.0,8.0,20.0,0.0,1018.0,60.0,21.0,0.0,0.0
2024-09-18 22:00:00,18.0,9.0,20.0,0.0,1018.0,61.0,19.0,0.0,0.0
2024-09-18 23:00:00,22.0,10.0,20.0,0.1,1017.0,66.0,23.0,0.0,0.0
2024-09-19 00:00:00,31.0,14.0,20.0,0.0,1017.0,63.0,18.0,0.0,0.0
2024-09-19 01:00:00,31.0,15.0,20.0,0.0,1017.0,61.0,14.0,0.0,0.0
2024-09-19 02:00:00,37.0,17.0,20.0,0.0,1016.0,62.0,14.0,0.0,0.0
2024-09-19 03:00:00,36.0,16.0,20.0,0.0,1016.0,63.0,13.0,0.0,0.0
2024-09-19 04:00:00,33.0,16.0,19.0,0.0,1015.0,63.0,15.0,0.0,0.0
2024-09-19 05:00:00,28.0,14.0,19.0,0.0,1016.0,62.0,17.0,0.0,0.0
2024-09-19 06:00:00,26.0,13.0,19.0,0.0,1016.0,64.0,20.0,0.0,0.0
2024-09-19 07:00:00,30.0,15.0,21.0,0.0,1016.0,55.0,13.0,0.0,0.0
2024-09-19 08:00:00,27.0,14.0,22.0,0.0,1016.0,54.0,15.0,0.0,0.0
2024-09-19 09:00:00,26.0,14.0,22.0,0.4,1017.0,53.0,20.0,0.0,0.0
2024-09-19 10:00:00,26.0,13.0,22.0,0.0,1016.0,54.0,23.0,0.0,0.0
2024-09-19 11:00:00,24.0,12.0,23.0,0.0,1016.0,53.0,23.0,0.0,0.0
2024-09-19 12:00:00,27.0,13.0,23.0,0.0,1016.0,52.0,23.0,0.0,0.0
2024-09-19 13:00:00,28.0,13.0,22.0,0.0,1016.0,55.0,23.0,0.0,0.0
2024-09-19 14:00:00,25.0,13.0,22.0,0.0,1016.0,56.0,23.0,0.0,0.0
2024-09-19 15:00:00,26.0,13.0,21.0,0.1,1016.0,60.0,21.0,0.0,0.0
2024-09-19 16:00:00,27.0,13.0,21.0,0.1,1016.0,62.0,17.0,0.0,0.0
2024-09-19 17:00:00,27.0,13.0,20.0,0.1,1016.0,67.0,12.0,0.0,0.0
2024-09-19 18:00:00,26.0,13.0,20.0,0.0,1017.0,66.0,18.0,0.0,0.0
2024-09-19 19:00:00,26.0,14.0,18.0,0.5,1017.0,85.0,14.0,0.0,0.0
2024-09-19 20:00:00,28.0,15.0,18.0,0.3,1018.0,82.0,18.0,0.0,0.0
2024-09-19 21:00:00,29.0,15.0,18.0,0.0,1018.0,83.0,17.0,0.0,0.0
2024-09-19 22:00:00,25.0,15.0,18.0,0.3,1018.0,81.0,14.0,0.0,0.0
2024-09-19 23:00:00,24.0,15.0,18.0,0.0,1018.0,77.0,19.0,0.0,0.0
2024-09-20 00:00:00,24.0,16.0,18.0,0.1,1018.0,73.0,18.0,0.0,0.0
2024-09-20 01:00:00,22.0,15.0,18.0,0.0,1018.0,70.0,10.0,0.0,0.0
2024-09-20 02:00:00,19.0,13.0,18.0,0.0,1018.0,66.0,9.0,0.0,0.0
2024-09-20 03:00:00,16.0,11.0,18.0,0.0,1018.0,65.0,9.0,0.0,0.0
2024-09-20 04:00:00,16.0,11.0,18.0,0.0,1018.0,64.0,8.0,0.0,0.0
2024-09-20 05:00:00,15.0,11.0,18.0,0.0,1018.0,64.0,9.0,0.0,0.0
2024-09-20 06:00:00,15.0,9.0,19.0,0.0,1019.0,62.0,17.0,0.0,0.0
2024-09-20 07:00:00,15.0,8.0,21.0,0.0,1019.0,54.0,15.0,0.0,0.0
2024-09-20 08:00:00,17.0,8.0,21.0,0.0,1019.0,54.0,14.0,0.0,0.0
2024-09-20 09:00:00,17.0,8.0,22.0,0.0,1020.0,52.0,15.0,0.0,0.0
2024-09-20 10:00:00,19.0,8.0,23.0,0.0,1020.0,51.0,15.0,0.0,0.0
2024-09-20 11:00:00,19.0,8.0,24.0,0.0,1020.0,49.0,13.0,0.0,0.0
2024-09-20 12:00:00,17.0,8.0,25.0,0.0,1020.0,47.0,10.0,0.0,0.0
2024-09-20 13:00:00,18.0,8.0,25.0,0.0,1019.0,47.0,12.0,0.0,0.0
2024-09-20 14:00:00,18.0,9.0,24.0,0.0,1019.0,48.0,19.0,0.0,0.0
2024-09-20 15:00:00,19.0,9.0,24.0,0.0,1019.0,50.0,18.0,0.0,0.0
2024-09-20 16:00:00,20.0,11.0,23.0,0.0,1019.0,52.0,20.0,0.0,0.0
2024-09-20 17:00:00,19.0,11.0,22.0,0.0,1015.2613290763767,54.0,20.0,0.0,0.0
2024-09-20 18:00:00,18.0,11.0,20.0,0.0,1015.9256926333248,60.0,15.0,0.0,0.0
2024-09-20 19:00:00,20.0,11.0,20.0,0.0,1021.0,60.0,8.0,0.0,0.0
2024-09-20 20:00:00,20.0,12.0,20.0,0.0,1021.0,61.0,8.0,0.0,0.0
2024-09-20 21:00:00,20.0,12.0,20.0,0.0,1022.0,62.0,7.0,0.0,0.0
2024-09-20 22:00:00,21.0,13.0,19.0,0.0,1022.0,63.0,8.0,0.0,0.0
2024-09-20 23:00:00,23.0,15.0,19.0,0.0,1022.0,65.0,9.0,0.0,0.0
2024-09-21 00:00:00,21.0,14.0,19.0,0.0,1022.0,66.0,11.0,0.0,0.0
2024-09-21 01:00:00,17.0,12.0,18.0,0.0,1022.0,67.0,11.0,0.0,0.0
2024-09-21 02:00:00,18.0,12.0,18.0,0.0,1022.0,67.0,10.0,0.0,0.0
2024-09-21 03:00:00,18.0,11.0,18.0,0.0,1022.0,67.0,9.0,0.0,0.0
2024-09-21 04:00:00,16.0,9.0,18.0,0.0,1021.0,67.0,7.0,0.0,0.0
2024-09-21 05:00:00,16.0,9.0,17.0,0.0,1021.0,67.0,5.0,0.0,0.0
2024-09-21 06:00:00,16.0,9.0,18.0,0.0,1021.0,67.0,4.0,0.0,0.0
2024-09-21 07:00:00,16.0,9.0,18.0,0.0,1022.0,64.0,3.0,0.0,0.0
2024-09-21 08:00:00,16.0,8.0,20.0,0.0,1022.0,53.0,3.0,0.0,0.0
2024-09-21 09:00:00,17.0,8.0,22.0,0.0,1022.0,48.0,4.0,0.0,0.0
2024-09-21 10:00:00,19.0,8.0,23.0,0.0,1022.0,44.0,5.0,0.0,0.0
2024-09-21 11:00:00,19.0,8.0,24.0,0.0,1021.0,44.0,3.0,0.0,0.0
2024-09-21 12:00:00,17.0,8.0,25.0,0.0,1021.0,43.0,6.0,0.0,0.0
2024-09-21 13:00:00,16.0,7.0,25.0,0.0,1020.0,49.0,9.0,0.0,0.0
2024-09-21 14:00:00,19.0,8.0,24.0,0.0,1020.0,58.0,14.0,0.0,0.0
2024-09-21 15:00:00,17.0,7.0,24.0,0.0,1020.0,59.0,12.0,0.0,0.0
2024-09-21 16:00:00,18.0,7.0,23.0,0.0,1020.0,61.0,9.0,0.0,0.0
2024-09-21 17:00:00,17.0,7.0,22.0,0.0,1020.0,74.0,1.0,0.0,0.0
2024-09-21 18:00:00,17.0,8.0,20.0,0.0,1020.0,71.0,8.0,0.0,0.0
2024-09-21 19:00:00,17.0,8.0,20.0,0.0,1021.0,61.0,7.0,0.0,0.0
2024-09-21 20:00:00,18.0,9.0,19.0,0.0,1021.0,61.0,7.0,0.0,0.0
2024-09-21 21:00:00,20.0,10.0,18.0,0.0,1021.0,62.0,6.0,0.0,0.0
2024-09-21 22:00:00,17.0,9.0,18.0,0.0,1021.0,61.0,7.0,0.0,0.0
2024-09-21 23:00:00,16.0,9.0,18.0,0.0,1021.0,59.0,6.0,0.0,0.0
2024-09-22 00:00:00,18.0,9.0,18.0,0.0,1020.0,58.0,5.0,0.0,0.0
2024-09-22 01:00:00,19.0,9.0,18.0,0.0,1020.0,58.0,5.0,0.0,0.0
2024-09-22 02:00:00,19.0,10.0,18.0,0.0,1020.0,58.0,5.0,0.0,0.0
2024-09-22 03:00:00,20.0,10.0,17.0,0.0,1020.0,60.0,4.0,0.0,0.0
2024-09-22 04:00:00,20.0,10.0,17.0,0.0,1019.0,61.0,5.0,0.0,0.0
2024-09-22 05:00:00,20.0,11.0,17.0,0.0,1020.0,63.0,5.0,0.0,0.0
2024-09-22 06:00:00,21.0,11.0,17.0,0.0,1020.0,65.0,6.0,0.0,0.0
2024-09-22 07:00:00,19.0,11.0,18.0,0.0,1019.0,63.0,8.0,0.0,0.0
2024-09-22 08:00:00,20.0,10.0,21.0,0.0,1018.0,51.0,8.0,0.0,0.0
2024-09-22 09:00:00,20.0,10.0,23.0,0.0,1018.0,45.0,4.0,0.0,0.0
2024-09-22 10:00:00,19.0,10.0,24.0,0.0,1018.0,44.0,3.0,0.0,0.0
2024-09-22 11:00:00,22.0,11.0,24.0,0.0,1018.0,50.0,11.0,0.0,0.0
2024-09-22 12:00:00,22.0,12.0,23.0,0.0,1018.0,49.0,13.0,0.0,0.0
2024-09-22 13:00:00,22.0,12.0,23.0,0.0,1017.0,52.0,11.0,0.0,0.0
2024-09-22 14:00:00,24.0,12.0,23.0,0.0,1017.0,55.0,10.0,0.0,0.0
2024-09-22 15:00:00,24.0,11.0,23.0,0.0,1016.0,59.0,8.0,0.0,0.0
2024-09-22 16:00:00,23.0,11.0,22.0,0.0,1016.0,62.0,5.0,0.0,0.0
2024-09-22 17:00:00,24.0,12.0,21.0,0.0,1016.0,76.0,3.0,0.0,0.0
2024-09-22 18:00:00,26.0,12.0,19.0,0.0,1016.0,80.0,1.0,0.0,0.0
2024-09-22 19:00:00,21.0,11.0,20.0,0.0,1016.0,76.0,3.0,0.0,0.0
2024-09-22 20:00:00,21.0,12.0,19.0,0.0,1016.0,76.0,3.0,0.0,0.0
2024-09-22 21:00:00,24.0,14.0,19.0,0.0,1016.0,73.0,5.0,0.0,0.0
2024-09-22 22:00:00,24.0,14.0,19.0,0.0,1016.0,70.0,4.0,0.0,0.0
2024-09-22 23:00:00,24.0,14.0,18.0,0.0,1016.0,70.0,3.0,0.0,0.0
2024-09-23 00:00:00,24.0,16.0,18.0,0.0,1016.0,72.0,2.0,0.0,0.0
2024-09-23 01:00:00,23.0,14.0,18.0,0.0,1015.0,72.0,4.0,0.0,0.0
2024-09-23 02:00:00,21.0,13.0,17.0,0.0,1015.0,73.0,5.0,0.0,0.0
2024-09-23 03:00:00,21.0,12.0,17.0,0.0,1014.0,75.0,5.0,0.0,0.0
2024-09-23 04:00:00,19.0,11.0,18.0,0.0,1014.0,74.0,5.0,0.0,0.0
2024-09-23 05:00:00,19.0,11.0,18.0,0.0,1015.0,73.0,5.0,0.0,0.0
2024-09-23 06:00:00,18.0,11.0,18.0,0.0,1015.0,74.0,5.0,0.0,0.0
2024-09-23 07:00:00,19.0,11.0,19.0,0.0,1015.0,66.0,6.0,0.0,0.0
2024-09-23 08:00:00,19.0,11.0,21.0,0.0,1015.0,61.0,5.0,0.0,0.0
2024-09-23 09:00:00,23.0,13.0,24.0,0.0,1015.0,53.0,3.0,0.0,0.0
2024-09-23 10:00:00,23.0,13.0,24.0,0.0,1015.0,52.0,4.0,0.0,0.0
2024-09-23 11:00:00,24.0,12.0,25.0,0.0,1014.0,51.0,5.0,0.0,0.0
2024-09-23 12:00:00,21.0,12.0,24.0,0.0,1014.0,56.0,3.0,0.0,0.0
2024-09-23 13:00:00,22.0,12.0,23.0,0.0,1013.0,60.0,4.0,0.0,0.0
2024-09-23 14:00:00,21.0,12.0,23.0,0.0,1013.0,63.0,5.0,0.0,0.0
2024-09-23 15:00:00,20.0,12.0,22.0,0.1,1013.0,69.0,5.0,0.0,0.0
2024-09-23 16:00:00,21.0,12.0,20.0,0.6,1012.0,87.0,5.0,0.0,0.0
2024-09-23 17:00:00,21.0,12.0,19.0,0.1,1012.0,91.0,5.0,0.0,0.0
2024-09-23 18:00:00,20.0,12.0,19.0,0.0,1012.0,90.0,4.0,0.0,0.0
2024-09-23 19:00:00,20.0,12.0,19.0,0.0,1012.0,87.0,3.0,0.0,0.0
2024-09-23 20:00:00,20.0,13.0,19.0,0.0,1012.0,82.0,6.0,0.0,0.0
2024-09-23 21:00:00,25.0,16.0,19.0,0.0,1012.0,81.0,6.0,0.0,0.0
2024-09-23 22:00:00,28.0,19.0,19.0,0.0,1011.0,82.0,8.0,0.0,0.0
2024-09-23 23:00:00,28.0,19.0,19.0,0.0,1011.0,85.0,9.0,0.0,0.0
2024-09-24 00:00:00,19.0,14.0,19.0,0.0,1010.0,86.0,13.0,0.0,0.0
2024-09-24 01:00:00,11.0,8.0,19.0,0.0,1010.0,87.0,12.0,0.0,0.0
2024-09-24 02:00:00,10.0,7.0,18.0,0.4,1010.0,88.0,20.0,0.0,0.0
2024-09-24 03:00:00,10.0,7.0,18.0,0.0,1010.0,84.0,10.0,0.0,0.0
2024-09-24 04:00:00,17.0,9.0,17.0,0.0,1010.0,83.0,10.0,0.0,0.0
2024-09-24 05:00:00,11.0,6.0,17.0,0.0,1010.0,86.0,9.0,0.0,0.0
2024-09-24 06:00:00,10.0,5.0,18.0,0.0,1009.0,94.0,14.0,0.0,0.0
2024-09-24 07:00:00,7.0,4.0,20.0,0.0,1009.0,90.0,11.0,0.0,0.0
2024-09-24 08:00:00,6.0,3.0,21.0,0.0,1010.0,85.0,11.0,0.0,0.0
2024-09-24 09:00:00,8.0,4.0,21.0,0.0,1010.0,79.0,13.0,0.0,0.0
2024-09-24 10:00:00,7.0,4.0,21.0,0.0,1011.0,77.0,14.0,0.0,0.0
2024-09-24 11:00:00,8.0,4.0,21.0,0.0,1011.0,78.0,16.0,0.0,0.0
2024-09-24 12:00:00,8.0,4.0,22.0,0.0,1011.0,77.0,14.0,0.0,0.0
2024-09-24 13:00:00,7.0,4.0,22.0,0.0,1011.0,77.0,14.0,0.0,0.0
2024-09-24 14:00:00,6.0,3.0,22.0,0.0,1011.0,78.0,14.0,0.0,0.0
2024-09-24 15:00:00,4.0,3.0,21.0,0.0,1011.0,77.0,15.0,0.0,0.0
2024-09-24 16:00:00,5.0,3.0,20.0,0.0,1011.0,78.0,15.0,0.0,0.0
2024-09-24 17:00:00,7.0,4.0,19.0,0.0,1011.0,81.0,13.0,0.0,0.0
2024-09-24 18:00:00,8.0,5.0,20.0,0.0,1011.0,80.0,12.0,0.0,0.0
2024-09-24 19:00:00,10.0,6.0,20.0,0.0,1012.0,83.0,12.0,0.0,0.0
2024-09-24 20:00:00,9.0,6.0,20.0,0.0,1012.0,82.0,12.0,0.0,0.0
2024-09-24 21:00:00,10.0,6.0,20.0,0.0,1012.0,81.0,13.0,0.0,0.0
2024-09-24 22:00:00,10.0,6.0,19.0,0.0,1013.0,80.0,9.0,0.0,0.0
2024-09-24 23:00:00,10.0,6.0,19.0,0.0,1013.0,81.0,8.0,0.0,0.0
2024-09-25 00:00:00,10.0,6.0,20.0,0.0,1013.0,77.0,8.0,0.0,0.0
2024-09-25 01:00:00,10.0,6.0,19.0,0.0,1013.0,75.0,11.0,0.0,0.0
2024-09-25 02:00:00,10.0,6.0,19.0,0.0,1013.0,83.0,7.0,0.0,0.0
2024-09-25 03:00:00,11.0,6.0,19.0,0.0,1013.0,86.0,8.0,0.0,0.0
2024-09-25 04:00:00,11.0,7.0,17.0,0.6,1013.0,90.0,11.0,0.0,0.0
2024-09-25 05:00:00,12.0,7.0,17.0,0.0,1013.0,88.0,8.0,0.0,0.0
2024-09-25 06:00:00,12.0,7.0,17.0,0.0,1014.0,88.0,7.0,0.0,0.0
2024-09-25 07:00:00,12.0,8.0,19.0,0.0,1014.0,82.0,8.0,0.0,0.0
2024-09-25 08:00:00,13.0,8.0,20.0,0.0,1014.0,76.0,9.0,0.0,0.0
2024-09-25 09:00:00,15.0,8.0,21.0,0.0,1015.0,71.0,12.0,0.0,0.0
2024-09-25 10:00:00,16.0,8.0,22.0,0.0,1015.0,69.0,12.0,0.0,0.0
2024-09-25 11:00:00,16.0,8.0,23.0,0.0,1015.0,66.0,14.0,0.0,0.0
2024-09-25 12:00:00,13.0,8.0,23.0,0.0,1014.0,69.0,14.0,0.0,0.0
2024-09-25 13:00:00,14.0,8.0,21.0,0.2,1015.0,77.0,14.0,0.0,0.0
2024-09-25 14:00:00,11.0,7.0,20.0,1.4,1014.0,92.0,3.0,0.0,0.0
2024-09-25 15:00:00,10.0,7.0,20.0,0.0,1014.0,94.0,8.0,0.0,0.0
2024-09-25 16:00:00,11.0,7.0,20.0,0.3,1014.0,92.0,8.0,0.0,0.0
2024-09-25 17:00:00,10.0,7.0,19.0,0.0,1014.0,92.0,9.0,0.0,0.0
2024-09-25 18:00:00,10.0,7.0,19.0,1.3,1014.0,93.0,8.0,0.0,0.0
2024-09-25 19:00:00,10.0,7.0,19.0,3.0,1014.0,90.0,7.0,0.0,0.0
2024-09-25 20:00:00,9.0,7.0,19.0,0.2,1014.0,88.0,13.0,0.0,0.0
2024-09-25 21:00:00,9.0,7.0,19.0,0.0,1014.0,87.0,13.0,0.0,0.0
2024-09-25 22:00:00,10.0,7.0,19.0,0.0,1014.0,88.0,14.0,0.0,0.0
2024-09-25 23:00:00,9.0,7.0,19.0,0.0,1014.0,87.0,12.0,0.0,0.0
2024-09-26 00:00:00,9.0,7.0,19.0,0.0,1014.0,87.0,9.0,0.0,0.0
2024-09-26 01:00:00,8.0,6.0,19.0,0.0,1014.0,87.0,9.0,0.0,0.0
2024-09-26 02:00:00,11.0,7.0,19.0,0.0,1013.0,90.0,7.0,0.0,0.0
2024-09-26 03:00:00,11.0,7.0,19.0,0.0,1012.0,88.0,11.0,0.0,0.0
2024-09-26 04:00:00,11.0,7.0,20.0,0.0,1012.0,89.0,13.0,0.0,0.0
2024-09-26 05:00:00,10.0,7.0,20.0,0.0,1012.0,89.0,10.0,0.0,0.0
2024-09-26 06:00:00,12.0,8.0,20.0,0.0,1012.0,88.0,11.0,0.0,0.0
2024-09-26 07:00:00,14.0,9.0,23.0,0.0,1012.0,73.0,13.0,0.0,0.0
2024-09-26 08:00:00,15.0,10.0,24.0,0.0,1012.0,68.0,13.0,0.0,0.0
2024-09-26 09:00:00,15.0,10.0,25.0,0.0,1012.0,64.0,16.0,0.0,0.0
2024-09-26 10:00:00,16.0,11.0,25.0,0.0,1012.0,62.0,19.0,0.0,0.0
2024-09-26 11:00:00,18.0,12.0,25.0,0.0,1012.0,61.0,22.0,0.0,0.0
2024-09-26 12:00:00,17.0,12.0,25.0,0.0,1012.0,60.0,25.0,0.0,0.0
2024-09-26 13:00:00,17.0,11.0,25.0,0.0,1011.0,57.0,25.0,0.0,0.0
2024-09-26 14:00:00,15.0,11.0,26.0,0.0,1010.0,57.0,24.0,0.0,0.0
2024-09-26 15:00:00,16.0,12.0,25.0,0.0,1009.0,58.0,26.0,0.0,0.0
2024-09-26 16:00:00,16.0,12.0,25.0,0.0,1009.0,60.0,28.0,0.0,0.0
2024-09-26 17:00:00,15.0,11.0,24.0,0.0,1008.0,64.0,30.0,0.0,0.0
2024-09-26 18:00:00,15.0,10.0,24.0,0.0,1008.0,65.0,31.0,0.0,0.0
2024-09-26 19:00:00,14.0,10.0,23.0,0.0,1008.0,69.0,31.0,0.0,0.0
2024-09-26 20:00:00,15.0,11.0,23.0,0.0,1008.0,68.0,31.0,0.0,0.0
2024-09-26 21:00:00,15.0,11.0,23.0,0.0,1008.0,69.0,30.0,0.0,0.0
2024-09-26 22:00:00,15.0,11.0,23.0,0.0,1008.0,68.0,30.0,0.0,0.0
2024-09-26 23:00:00,16.0,12.0,23.0,0.0,1008.0,67.0,29.0,0.0,0.0
2024-09-27 00:00:00,18.0,13.0,23.0,0.0,1008.0,66.0,28.0,0.0,0.0
2024-09-27 01:00:00,17.0,12.0,23.0,0.0,1008.0,65.0,28.0,0.0,0.0
2024-09-27 02:00:00,17.0,12.0,23.0,0.0,1008.0,66.0,28.0,0.0,0.0
2024-09-27 03:00:00,18.0,12.0,23.0,0.0,1008.0,68.0,30.0,0.0,0.0
2024-09-27 04:00:00,17.0,12.0,23.0,0.0,1008.0,68.0,30.0,0.0,0.0
2024-09-27 05:00:00,17.0,12.0,23.0,0.0,1008.0,69.0,27.0,0.0,0.0
2024-09-27 06:00:00,18.0,13.0,23.0,0.0,1008.0,68.0,27.0,0.0,0.0
2024-09-27 07:00:00,18.0,13.0,25.0,0.0,1008.0,61.0,27.0,0.0,0.0
2024-09-27 08:00:00,19.0,14.0,26.0,0.0,1008.0,60.0,29.0,0.0,0.0
2024-09-27 09:00:00,18.0,13.0,26.0,0.0,1008.0,57.0,25.0,0.0,0.0
2024-09-27 10:00:00,20.0,14.0,27.0,0.0,1008.0,56.0,24.0,0.0,0.0
2024-09-27 11:00:00,20.0,13.0,27.0,0.0,1008.0,56.0,25.0,0.0,0.0
2024-09-27 12:00:00,20.0,13.0,27.0,0.0,1008.0,58.0,27.0,0.0,0.0
2024-09-27 13:00:00,21.0,14.0,27.0,0.0,1008.0,56.0,24.0,0.0,0.0
2024-09-27 14:00:00,21.0,14.0,26.0,0.0,1008.0,56.0,22.0,0.0,0.0
2024-09-27 15:00:00,21.0,13.0,26.0,0.0,1007.0,57.0,21.0,0.0,0.0
2024-09-27 16:00:00,19.0,13.0,26.0,0.0,1007.0,56.0,20.0,0.0,0.0
2024-09-27 17:00:00,19.0,12.0,25.0,0.0,1007.0,64.0,20.0,0.0,0.0
2024-09-27 18:00:00,18.0,12.0,23.0,0.0,1007.0,70.0,20.0,0.0,0.0
2024-09-27 19:00:00,16.0,11.0,23.0,0.0,1008.0,75.0,20.0,0.0,0.0
2024-09-27 20:00:00,17.0,11.0,22.0,0.0,1008.0,77.0,18.0,0.0,0.0
2024-09-27 21:00:00,16.0,11.0,22.0,0.0,1008.0,77.0,15.0,0.0,0.0
2024-09-27 22:00:00,16.0,11.0,22.0,0.0,1008.0,80.0,13.0,0.0,0.0
2024-09-27 23:00:00,17.0,11.0,22.0,0.0,1008.0,84.0,18.0,0.0,0.0
2024-09-28 00:00:00,19.0,12.0,22.0,0.0,1008.0,78.0,18.0,0.0,0.0
2024-09-28 01:00:00,20.0,13.0,21.0,0.0,1008.0,78.0,13.0,0.0,0.0
2024-09-28 02:00:00,21.0,13.0,21.0,0.0,1008.0,77.0,10.0,0.0,0.0
2024-09-28 03:00:00,19.0,13.0,20.0,0.0,1008.0,75.0,7.0,0.0,0.0
2024-09-28 04:00:00,18.0,11.0,20.0,0.0,1008.0,76.0,8.0,0.0,0.0
2024-09-28 05:00:00,17.0,11.0,19.0,0.0,1009.0,79.0,8.0,0.0,0.0
2024-09-28 06:00:00,14.0,9.0,19.0,0.0,1009.0,80.0,7.0,0.0,0.0
2024-09-28 07:00:00,11.0,6.0,22.0,0.0,1009.0,70.0,5.0,0.0,0.0
2024-09-28 08:00:00,10.0,5.0,24.0,0.0,1010.0,58.0,4.0,0.0,0.0
2024-09-28 09:00:00,11.0,6.0,26.0,0.0,1010.0,53.0,5.0,0.0,0.0
2024-09-28 10:00:00,11.0,5.0,26.0,0.0,1010.0,52.0,8.0,0.0,0.0
2024-09-28 11:00:00,8.0,4.0,26.0,0.0,1010.0,51.0,9.0,0.0,0.0
2024-09-28 12:00:00,9.0,4.0,26.0,0.0,1009.0,52.0,11.0,0.0,0.0
2024-09-28 13:00:00,8.0,4.0,25.0,0.0,1009.0,54.0,14.0,0.0,0.0
2024-09-28 14:00:00,8.0,4.0,23.0,0.1,1010.0,62.0,8.0,0.0,0.0
2024-09-28 15:00:00,9.0,4.0,21.0,0.4,1010.0,71.0,6.0,0.0,0.0
2024-09-28 16:00:00,8.0,4.0,18.0,0.0,1010.0,80.0,18.0,0.0,0.0
2024-09-28 17:00:00,5.0,2.0,17.0,0.0,1011.0,78.0,21.0,0.0,0.0
2024-09-28 18:00:00,3.0,2.0,17.0,0.0,1012.0,63.0,36.0,0.0,0.0
2024-09-28 19:00:00,3.0,2.0,16.0,0.3,1014.0,70.0,8.0,0.0,0.0
2024-09-28 20:00:00,3.0,2.0,14.0,3.5,1016.0,82.0,31.0,0.0,0.0
2024-09-28 21:00:00,3.0,2.0,14.0,2.4,1017.0,80.0,30.0,0.0,0.0
2024-09-28 22:00:00,2.0,2.0,14.0,0.6,1018.0,78.0,23.0,0.0,0.0
2024-09-28 23:00:00,2.0,2.0,14.0,0.0,1018.0,79.0,23.0,0.0,0.0
2024-09-29 00:00:00,2.0,2.0,14.0,0.0,1019.0,79.0,21.0,0.0,0.0
2024-09-29 01:00:00,2.0,2.0,14.0,0.0,1019.0,78.0,21.0,0.0,0.0
2024-09-29 02:00:00,3.0,2.0,14.0,0.0,1020.0,76.0,19.0,0.0,0.0
2024-09-29 03:00:00,2.0,2.0,14.0,0.0,1020.0,74.0,21.0,0.0,0.0
2024-09-29 04:00:00,2.0,2.0,14.0,0.0,1021.0,71.0,18.0,0.0,0.0
2024-09-29 05:00:00,2.0,2.0,14.0,0.0,1022.0,71.0,17.0,0.0,0.0
2024-09-29 06:00:00,2.0,2.0,14.0,0.0,1023.0,70.0,14.0,0.0,0.0
2024-09-29 07:00:00,2.0,2.0,18.0,0.0,1024.0,54.0,7.0,0.0,0.0
2024-09-29 08:00:00,2.0,2.0,19.0,0.0,1024.0,48.0,8.0,0.0,0.0
2024-09-29 09:00:00,3.0,2.0,21.0,0.0,1025.0,43.0,11.0,0.0,0.0
2024-09-29 10:00:00,3.0,2.0,22.0,0.0,1025.0,39.0,14.0,0.0,0.0
2024-09-29 11:00:00,3.0,2.0,22.0,0.0,1025.0,36.0,17.0,0.0,0.0
2024-09-29 12:00:00,2.0,2.0,21.0,0.0,1025.0,33.0,20.0,0.0,0.0
2024-09-29 13:00:00,2.0,2.0,21.0,0.0,1024.0,33.0,19.0,0.0,0.0
2024-09-29 14:00:00,3.0,2.0,20.0,0.0,1024.0,35.0,18.0,0.0,0.0
2024-09-29 15:00:00,2.0,2.0,20.0,0.0,1024.0,36.0,20.0,0.0,0.0
2024-09-29 16:00:00,2.0,2.0,18.0,0.0,1025.0,37.0,18.0,0.0,0.0
2024-09-29 17:00:00,2.0,2.0,17.0,0.0,1025.0,39.0,17.0,0.0,0.0
2024-09-29 18:00:00,2.0,2.0,15.0,0.0,1025.0,47.0,15.0,0.0,0.0
2024-09-29 19:00:00,3.0,2.0,15.0,0.0,1026.0,49.0,8.0,0.0,0.0
2024-09-29 20:00:00,5.0,3.0,15.0,0.0,1026.0,52.0,6.0,0.0,0.0
2024-09-29 21:00:00,4.0,3.0,15.0,0.0,1026.0,53.0,6.0,0.0,0.0
2024-09-29 22:00:00,5.0,3.0,14.0,0.0,1026.0,53.0,6.0,0.0,0.0
2024-09-29 23:00:00,3.0,2.0,14.0,0.0,1025.0,54.0,6.0,0.0,0.0
2024-09-30 00:00:00,3.0,2.0,14.0,0.0,1025.0,55.0,6.0,0.0,0.0
2024-09-30 01:00:00,3.0,2.0,13.0,0.0,1025.0,55.0,5.0,0.0,0.0
2024-09-30 02:00:00,4.0,2.0,13.0,0.0,1025.0,54.0,5.0,0.0,0.0
2024-09-30 03:00:00,4.0,2.0,12.0,0.0,1024.0,56.0,6.0,0.0,0.0
2024-09-30 04:00:00,4.0,2.0,12.0,0.0,1024.0,58.0,6.0,0.0,0.0
2024-09-30 05:00:00,4.0,2.0,12.0,0.0,1024.0,58.0,5.0,0.0,0.0
2024-09-30 06:00:00,4.0,2.0,12.0,0.0,1024.0,58.0,5.0,0.0,0.0
2024-09-30 07:00:00,4.0,2.0,13.0,0.0,1023.0,39.0,12.0,0.0,0.0
2024-09-30 08:00:00,10.0,5.0,15.0,0.0,1023.0,36.0,12.0,0.0,0.0
2024-09-30 09:00:00,13.0,7.0,17.0,0.0,1023.0,34.0,8.0,0.0,0.0
2024-09-30 10:00:00,12.0,5.0,18.0,0.0,1023.0,34.0,4.0,0.0,0.0
2024-09-30 11:00:00,11.0,4.0,18.0,0.0,1022.0,36.0,3.0,0.0,0.0
2024-09-30 12:00:00,14.0,4.0,19.0,0.0,1022.0,41.0,7.0,0.0,0.0
2024-09-30 13:00:00,6.0,3.0,18.0,0.0,1021.0,44.0,7.0,0.0,0.0
2024-09-30 14:00:00,6.0,2.0,18.0,0.0,1020.0,46.0,5.0,0.0,0.0
2024-09-30 15:00:00,6.0,3.0,18.0,0.0,1020.0,44.0,5.0,0.0,0.0
2024-09-30 16:00:00,6.0,2.0,18.0,0.0,1020.0,44.0,4.0,0.0,0.0
2024-09-30 17:00:00,6.0,3.0,17.0,0.0,1020.0,62.0,1.0,0.0,0.0
2024-09-30 18:00:00,6.0,3.0,15.0,0.0,1020.0,57.0,2.0,0.0,0.0
2024-09-30 19:00:00,6.0,3.0,16.0,0.0,1020.0,58.0,6.0,0.0,0.0
2024-09-30 20:00:00,8.0,4.0,15.0,0.0,1020.0,59.0,6.0,0.0,0.0
2024-09-30 21:00:00,8.0,4.0,15.0,0.0,1020.0,61.0,6.0,0.0,0.0
2024-09-30 22:00:00,8.0,5.0,14.0,0.0,1020.0,63.0,6.0,0.0,0.0
2024-09-30 23:00:00,9.0,5.0,14.0,0.0,1020.0,69.0,8.0,0.0,0.0
2024-10-01 00:00:00,9.0,5.0,13.0,0.0,1019.0,69.0,7.0,0.0,0.0
2024-10-01 01:00:00,7.0,4.0,13.0,0.0,1019.0,70.0,6.0,0.0,0.0
2024-10-01 02:00:00,7.0,4.0,13.0,0.0,1018.0,71.0,5.0,0.0,0.0
2024-10-01 03:00:00,7.0,4.0,13.0,0.0,1018.0,71.0,5.0,0.0,0.0
2024-10-01 04:00:00,8.0,5.0,13.0,0.0,1018.0,71.0,5.0,0.0,0.0
2024-10-01 05:00:00,8.0,4.0,13.0,0.0,1018.0,71.0,5.0,0.0,0.0
2024-10-01 06:00:00,8.0,5.0,14.0,0.0,1018.0,72.0,5.0,0.0,0.0
2024-10-01 07:00:00,8.0,4.0,16.0,0.0,1018.0,60.0,8.0,0.0,0.0
2024-10-01 08:00:00,9.0,5.0,18.0,0.0,1017.0,54.0,8.0,0.0,0.0
2024-10-01 09:00:00,14.0,6.0,20.0,0.0,1017.0,49.0,3.0,0.0,0.0
2024-10-01 10:00:00,22.0,12.0,21.0,0.0,1017.0,48.0,3.0,0.0,0.0
2024-10-01 11:00:00,12.0,6.0,21.0,0.0,1017.0,52.0,5.0,0.0,0.0
2024-10-01 12:00:00,11.0,5.0,20.0,0.0,1016.0,56.0,7.0,0.0,0.0
2024-10-01 13:00:00,11.0,5.0,20.0,0.0,1016.0,59.0,6.0,0.0,0.0
2024-10-01 14:00:00,10.0,5.0,18.0,0.0,1015.0,73.0,6.0,0.0,0.0
2024-10-01 15:00:00,7.0,4.0,17.0,0.4,1015.0,85.0,8.0,0.0,0.0
2024-10-01 16:00:00,9.0,4.0,16.0,0.5,1014.0,92.0,8.0,0.0,0.0
2024-10-01 17:00:00,12.0,5.0,16.0,0.0,1014.0,91.0,3.0,0.0,0.0
2024-10-01 18:00:00,14.0,6.0,16.0,0.0,1014.0,89.0,4.0,0.0,0.0
2024-10-01 19:00:00,15.0,7.0,17.0,0.0,1013.0,83.0,6.0,0.0,0.0
2024-10-01 20:00:00,18.0,8.0,17.0,0.1,1013.0,86.0,7.0,0.0,0.0
2024-10-01 21:00:00,17.0,9.0,16.0,0.7,1013.0,90.0,7.0,0.0,0.0
2024-10-01 22:00:00,16.0,9.0,16.0,0.8,1012.0,92.0,6.0,0.0,0.0
2024-10-01 23:00:00,11.0,7.0,16.0,0.8,1012.0,92.0,6.0,0.0,0.0
2024-10-02 00:00:00,7.0,4.0,17.0,0.0,1011.0,85.0,8.0,0.0,0.0
2024-10-02 01:00:00,8.0,5.0,18.0,0.0,1010.0,85.0,17.0,0.0,0.0
2024-10-02 02:00:00,6.0,5.0,18.0,0.0,1009.0,84.0,13.0,0.0,0.0
2024-10-02 03:00:00,5.0,4.0,18.0,0.0,1009.0,87.0,13.0,0.0,0.0
2024-10-02 04:00:00,6.0,4.0,18.0,0.1,1008.0,88.0,13.0,0.0,0.0
2024-10-02 05:00:00,7.0,4.0,18.0,0.6,1008.0,89.0,16.0,0.0,0.0
2024-10-02 06:00:00,9.0,5.0,18.0,0.1,1008.0,89.0,17.0,0.0,0.0
2024-10-02 07:00:00,9.0,5.0,20.0,0.6,1008.0,83.0,20.0,0.0,0.0
2024-10-02 08:00:00,8.0,5.0,20.0,1.2,1007.0,82.0,23.0,0.0,0.0
2024-10-02 09:00:00,6.0,4.0,21.0,1.7,1007.0,80.0,28.0,0.0,0.0
2024-10-02 10:00:00,6.0,3.0,21.0,1.3,1007.0,79.0,30.0,0.0,0.0
2024-10-02 11:00:00,6.0,3.0,20.0,0.3,1006.0,82.0,29.0,0.0,0.0
2024-10-02 12:00:00,5.0,3.0,20.0,0.0,1006.0,82.0,28.0,0.0,0.0
2024-10-02 13:00:00,4.0,3.0,20.0,0.4,1006.0,85.0,25.0,0.0,0.0
2024-10-02 14:00:00,6.0,3.0,20.0,0.1,1005.0,84.0,24.0,0.0,0.0
2024-10-02 15:00:00,7.0,4.0,19.0,2.0,1005.0,88.0,19.0,0.0,0.0
2024-10-02 16:00:00,10.0,5.0,18.0,18.8,1006.0,93.0,9.0,0.0,0.0
2024-10-02 17:00:00,9.0,5.0,17.0,0.5,1006.0,94.0,9.0,0.0,0.0
2024-10-02 18:00:00,8.0,4.0,17.0,0.1,1006.0,95.0,3.0,0.0,0.0
2024-10-02 19:00:00,2.0,2.0,16.0,2.8,1006.0,92.0,13.0,0.0,0.0
2024-10-02 20:00:00,4.0,2.0,16.0,1.2,1007.0,90.0,14.0,0.0,0.0
2024-10-02 21:00:00,4.0,2.0,16.0,0.4,1007.0,88.0,12.0,0.0,0.0
2024-10-02 22:00:00,4.0,2.0,16.0,0.6,1007.0,88.0,8.0,0.0,0.0
2024-10-02 23:00:00,2.0,2.0,16.0,1.2,1007.0,88.0,11.0,0.0,0.0
2024-10-03 00:00:00,2.0,2.0,16.0,1.7,1007.0,87.0,14.0,0.0,0.0
2024-10-03 01:00:00,2.0,2.0,16.0,5.1,1007.0,85.0,16.0,0.0,0.0
2024-10-03 02:00:00,2.0,2.0,15.0,3.3,1007.0,85.0,20.0,0.0,0.0
2024-10-03 03:00:00,2.0,2.0,15.0,0.1,1007.0,80.0,15.0,0.0,0.0
2024-10-03 04:00:00,2.0,2.0,15.0,3.0,1007.0,84.0,14.0,0.0,0.0
2024-10-03 05:00:00,2.0,2.0,15.0,1.3,1007.0,82.0,15.0,0.0,0.0
2024-10-03 06:00:00,6.0,5.0,15.0,0.0,1007.0,77.0,13.0,0.0,0.0
2024-10-03 07:00:00,2.0,2.0,15.0,1.4,1006.0,88.0,7.0,0.0,0.0
2024-10-03 08:00:00,2.0,2.0,15.0,0.6,1006.0,90.0,7.0,0.0,0.0
2024-10-03 09:00:00,5.0,2.0,15.0,0.5,1006.0,89.0,12.0,0.0,0.0
2024-10-03 10:00:00,3.0,2.0,15.0,0.7,1006.0,89.0,14.0,0.0,0.0
2024-10-03 11:00:00,2.0,2.0,15.0,0.4,1005.0,88.0,14.0,0.0,0.0
2024-10-03 12:00:00,2.0,2.0,15.0,0.9,1004.0,86.0,19.0,0.0,0.0
2024-10-03 13:00:00,2.0,2.0,14.0,3.7,1004.0,85.0,14.0,0.0,0.0
2024-10-03 14:00:00,3.0,2.0,14.0,5.0,1004.0,85.0,15.0,0.0,0.0
2024-10-03 15:00:00,2.0,2.0,14.0,5.0,1003.0,84.0,18.0,0.0,0.0
2024-10-03 16:00:00,2.0,2.0,13.0,5.4,1002.0,83.0,17.0,0.0,0.0
2024-10-03 17:00:00,2.0,2.0,13.0,4.9,1002.0,83.0,15.0,0.0,0.0
2024-10-03 18:00:00,2.0,2.0,13.0,4.8,1002.0,83.0,17.0,0.0,0.0
2024-10-03 19:00:00,2.0,2.0,13.0,3.6,1001.0,82.0,26.0,0.0,0.0
2024-10-03 20:00:00,2.0,2.0,13.0,3.9,1002.0,81.0,19.0,0.0,0.0
2024-10-03 21:00:00,2.0,2.0,13.0,5.3,1002.0,82.0,17.0,0.0,0.0
2024-10-03 22:00:00,2.0,2.0,13.0,1.6,1002.0,78.0,19.0,0.0,0.0
2024-10-03 23:00:00,2.0,2.0,13.0,0.1,1001.0,78.0,29.0,0.0,0.0
2024-10-04 00:00:00,2.0,2.0,13.0,0.1,1002.0,77.0,31.0,0.0,0.0
2024-10-04 01:00:00,2.0,2.0,13.0,0.1,1002.0,77.0,29.0,0.0,0.0
2024-10-04 02:00:00,2.0,2.0,13.0,0.0,1002.0,74.0,30.0,0.0,0.0
2024-10-04 03:00:00,2.0,2.0,13.0,0.0,1002.0,74.0,30.0,0.0,0.0
2024-10-04 04:00:00,2.0,2.0,13.0,0.0,1002.0,74.0,28.0,0.0,0.0
2024-10-04 05:00:00,2.0,2.0,13.0,0.0,1003.0,74.0,26.0,0.0,0.0
2024-10-04 06:00:00,2.0,2.0,14.0,0.0,1004.0,74.0,23.0,0.0,0.0
2024-10-04 07:00:00,2.0,2.0,16.0,0.0,1004.0,67.0,16.0,0.0,0.0
2024-10-04 08:00:00,2.0,2.0,17.0,0.0,1005.0,66.0,13.0,0.0,0.0
2024-10-04 09:00:00,2.0,2.0,19.0,0.0,1006.0,60.0,12.0,0.0,0.0
2024-10-04 10:00:00,2.0,2.0,20.0,0.0,1006.0,61.0,12.0,0.0,0.0
2024-10-04 11:00:00,2.0,2.0,20.0,0.0,1006.0,64.0,12.0,0.0,0.0
2024-10-04 12:00:00,2.0,2.0,19.0,0.0,1006.0,68.0,14.0,0.0,0.0
2024-10-04 13:00:00,2.0,2.0,18.0,0.0,1006.0,72.0,14.0,0.0,0.0
2024-10-04 14:00:00,2.0,2.0,18.0,0.0,1006.0,75.0,15.0,0.0,0.0
2024-10-04 15:00:00,2.0,2.0,17.0,0.0,1007.0,77.0,14.0,0.0,0.0
2024-10-04 16:00:00,3.0,2.0,16.0,0.3,1007.0,79.0,11.0,0.0,0.0
2024-10-04 17:00:00,3.0,2.0,15.0,1.2,1008.0,90.0,5.0,0.0,0.0
2024-10-04 18:00:00,3.0,2.0,15.0,0.9,1009.0,92.0,1.0,0.0,0.0
2024-10-04 19:00:00,3.0,2.0,15.0,0.4,1009.0,89.0,1.0,0.0,0.0
2024-10-04 20:00:00,2.0,2.0,15.0,0.0,1010.0,86.0,1.0,0.0,0.0
2024-10-04 21:00:00,3.0,2.0,15.0,0.0,1010.0,85.0,0.0,0.0,0.0
2024-10-04 22:00:00,3.0,2.0,14.0,0.2,1010.0,89.0,5.0,0.0,0.0
2024-10-04 23:00:00,2.0,2.0,14.0,0.0,1011.0,87.0,5.0,0.0,0.0
2024-10-05 00:00:00,2.0,2.0,14.0,0.0,1011.0,83.0,4.0,0.0,0.0
2024-10-05 01:00:00,2.0,2.0,14.0,0.0,1011.0,84.0,3.0,0.0,0.0
2024-10-05 02:00:00,2.0,2.0,14.0,0.0,1011.0,83.0,5.0,0.0,0.0
2024-10-05 03:00:00,3.0,2.0,14.0,0.0,1011.0,81.0,5.0,0.0,0.0
2024-10-05 04:00:00,3.0,2.0,14.0,0.0,1011.0,79.0,7.0,0.0,0.0
2024-10-05 05:00:00,4.0,2.0,14.0,0.0,1011.0,79.0,5.0,0.0,0.0
2024-10-05 06:00:00,2.0,2.0,14.0,0.0,1012.0,80.0,2.0,0.0,0.0
2024-10-05 07:00:00,2.0,2.0,14.0,0.0,1013.0,76.0,10.0,0.0,0.0
2024-10-05 08:00:00,3.0,2.0,14.0,0.0,1013.0,77.0,14.0,0.0,0.0
2024-10-05 09:00:00,4.0,2.0,15.0,0.0,1013.0,75.0,15.0,0.0,0.0
2024-10-05 10:00:00,2.0,2.0,16.0,0.0,1013.0,72.0,17.0,0.0,0.0
2024-10-05 11:00:00,2.0,2.0,16.0,0.0,1013.0,70.0,17.0,0.0,0.0
2024-10-05 12:00:00,2.0,2.0,16.0,0.0,1013.0,71.0,18.0,0.0,0.0
2024-10-05 13:00:00,3.0,2.0,15.0,0.0,1013.0,73.0,18.0,0.0,0.0
2024-10-05 14:00:00,3.0,2.0,15.0,0.0,1012.0,75.0,18.0,0.0,0.0
2024-10-05 15:00:00,2.0,2.0,15.0,0.0,1012.0,74.0,18.0,0.0,0.0
2024-10-05 16:00:00,2.0,2.0,14.0,0.0,1012.0,74.0,17.0,0.0,0.0
2024-10-05 17:00:00,4.0,2.0,13.0,0.0,1012.0,74.0,17.0,0.0,0.0
2024-10-05 18:00:00,3.0,2.0,13.0,0.0,1012.0,74.0,17.0,0.0,0.0
2024-10-05 19:00:00,3.0,2.0,13.0,0.0,1012.0,73.0,9.0,0.0,0.0
2024-10-05 20:00:00,2.0,2.0,13.0,0.0,1013.0,73.0,5.0,0.0,0.0
2024-10-05 21:00:00,5.0,3.0,13.0,0.0,1013.0,74.0,7.0,0.0,0.0
2024-10-05 22:00:00,4.0,2.0,13.0,0.0,1013.0,75.0,8.0,0.0,0.0
2024-10-05 23:00:00,3.0,2.0,13.0,0.0,1013.0,76.0,7.0,0.0,0.0
2024-10-06 00:00:00,3.0,2.0,13.0,0.0,1013.0,76.0,6.0,0.0,0.0
2024-10-06 01:00:00,3.0,2.0,12.0,0.0,1013.0,76.0,6.0,0.0,0.0
2024-10-06 02:00:00,4.0,2.0,12.0,0.0,1013.0,76.0,6.0,0.0,0.0
2024-10-06 03:00:00,4.0,2.0,12.0,0.0,1012.0,77.0,6.0,0.0,0.0
2024-10-06 04:00:00,3.0,2.0,12.0,0.0,1013.0,77.0,5.0,0.0,0.0
2024-10-06 05:00:00,4.0,2.0,11.0,0.0,1013.0,78.0,5.0,0.0,0.0
2024-10-06 06:00:00,3.0,2.0,11.0,0.0,1014.0,79.0,5.0,0.0,0.0
2024-10-06 07:00:00,3.0,2.0,14.0,0.0,1014.0,79.0,13.0,0.0,0.0
2024-10-06 08:00:00,3.0,2.0,16.0,0.0,1014.0,66.0,12.0,0.0,0.0
2024-10-06 09:00:00,4.0,2.0,17.0,0.0,1014.0,65.0,8.0,0.0,0.0
2024-10-06 10:00:00,4.0,2.0,18.0,0.0,1014.0,62.0,4.0,0.0,0.0
2024-10-06 11:00:00,3.0,2.0,18.0,0.0,1014.0,62.0,4.0,0.0,0.0
2024-10-06 12:00:00,2.0,2.0,18.0,0.0,1013.0,63.0,7.0,0.0,0.0
2024-10-06 13:00:00,4.0,3.0,18.0,0.0,1013.0,64.0,7.0,0.0,0.0
2024-10-06 14:00:00,3.0,2.0,17.0,0.0,1013.0,65.0,6.0,0.0,0.0
2024-10-06 15:00:00,3.0,2.0,17.0,0.0,1013.0,65.0,5.0,0.0,0.0
2024-10-06 16:00:00,3.0,2.0,16.0,0.0,1013.0,76.0,4.0,0.0,0.0
2024-10-06 17:00:00,3.0,2.0,15.0,0.0,1013.0,75.0,3.0,0.0,0.0
2024-10-06 18:00:00,2.0,2.0,14.0,0.0,1014.0,80.0,4.0,0.0,0.0
2024-10-06 19:00:00,3.0,2.0,14.0,0.0,1014.0,80.0,8.0,0.0,0.0
2024-10-06 20:00:00,3.0,2.0,13.0,0.0,1014.0,82.0,7.0,0.0,0.0
2024-10-06 21:00:00,4.0,2.0,13.0,0.0,1014.0,82.0,7.0,0.0,0.0
2024-10-06 22:00:00,6.0,4.0,13.0,0.0,1014.0,81.0,8.0,0.0,0.0
2024-10-06 23:00:00,3.0,2.0,12.0,0.0,1014.0,81.0,9.0,0.0,0.0
2024-10-07 00:00:00,2.0,2.0,12.0,0.0,1014.0,81.0,8.0,0.0,0.0
2024-10-07 01:00:00,4.0,2.0,13.0,0.0,1014.0,83.0,8.0,0.0,0.0
2024-10-07 02:00:00,4.0,2.0,13.0,0.0,1014.0,85.0,8.0,0.0,0.0
2024-10-07 03:00:00,2.0,2.0,13.0,0.0,1014.0,85.0,8.0,0.0,0.0
2024-10-07 04:00:00,2.0,2.0,13.0,0.0,1014.0,82.0,8.0,0.0,0.0
2024-10-07 05:00:00,2.0,2.0,12.0,0.0,1015.0,82.0,8.0,0.0,0.0
2024-10-07 06:00:00,2.0,2.0,13.0,0.0,1015.0,82.0,7.0,0.0,0.0
2024-10-07 07:00:00,3.0,2.0,17.0,0.0,1015.0,74.0,14.0,0.0,0.0
2024-10-07 08:00:00,3.0,2.0,20.0,0.0,1016.0,66.0,13.0,0.0,0.0
2024-10-07 09:00:00,3.0,2.0,22.0,0.0,1017.0,60.0,12.0,0.0,0.0
2024-10-07 10:00:00,6.0,3.0,22.0,0.0,1017.0,60.0,12.0,0.0,0.0
2024-10-07 11:00:00,10.0,4.0,22.0,0.0,1017.0,62.0,12.0,0.0,0.0
2024-10-07 12:00:00,10.0,5.0,21.0,0.0,1016.0,65.0,13.0,0.0,0.0
2024-10-07 13:00:00,5.0,3.0,21.0,0.0,1016.0,67.0,12.0,0.0,0.0
2024-10-07 14:00:00,5.0,3.0,20.0,0.0,1016.0,70.0,12.0,0.0,0.0
2024-10-07 15:00:00,6.0,3.0,20.0,0.0,1016.0,73.0,12.0,0.0,0.0
2024-10-07 16:00:00,5.0,3.0,19.0,0.0,1016.0,74.0,7.0,0.0,0.0
2024-10-07 17:00:00,6.0,3.0,18.0,0.0,1017.0,79.0,2.0,0.0,0.0
2024-10-07 18:00:00,7.0,3.0,17.0,0.0,1017.0,83.0,1.0,0.0,0.0
2024-10-07 19:00:00,6.0,3.0,18.0,0.0,1017.0,81.0,5.0,0.0,0.0
2024-10-07 20:00:00,6.0,4.0,16.0,0.0,1017.0,86.0,5.0,0.0,0.0
2024-10-07 21:00:00,8.0,5.0,16.0,0.0,1017.0,86.0,5.0,0.0,0.0
2024-10-07 22:00:00,12.0,7.0,16.0,0.0,1017.0,86.0,7.0,0.0,0.0
2024-10-07 23:00:00,10.0,6.0,17.0,0.0,1017.0,85.0,4.0,0.0,0.0
2024-10-08 00:00:00,9.0,6.0,17.0,0.0,1016.0,87.0,8.0,0.0,0.0
2024-10-08 01:00:00,7.0,4.0,18.0,0.0,1016.0,84.0,15.0,0.0,0.0
2024-10-08 02:00:00,5.0,3.0,18.0,0.0,1015.0,80.0,13.0,0.0,0.0
2024-10-08 03:00:00,4.0,2.0,18.0,0.0,1015.0,80.0,14.0,0.0,0.0
2024-10-08 04:00:00,4.0,2.0,18.0,0.0,1014.0,80.0,16.0,0.0,0.0
2024-10-08 05:00:00,4.0,2.0,19.0,0.0,1014.0,80.0,18.0,0.0,0.0
2024-10-08 06:00:00,5.0,3.0,19.0,0.0,1014.0,82.0,18.0,0.0,0.0
2024-10-08 07:00:00,6.0,3.0,20.0,0.0,1014.0,76.0,14.0,0.0,0.0
2024-10-08 08:00:00,6.0,3.0,21.0,0.0,1013.0,73.0,13.0,0.0,0.0
2024-10-08 09:00:00,7.0,3.0,22.0,0.0,1013.0,71.0,13.0,0.0,0.0
2024-10-08 10:00:00,7.0,4.0,22.0,0.0,1013.0,73.0,16.0,0.0,0.0
2024-10-08 11:00:00,8.0,4.0,22.0,0.0,1011.0,72.0,21.0,0.0,0.0
2024-10-08 12:00:00,9.0,4.0,22.0,0.0,1010.0,70.0,27.0,0.0,0.0
2024-10-08 13:00:00,9.0,4.0,22.0,0.0,1010.0,70.0,30.0,0.0,0.0
2024-10-08 14:00:00,10.0,5.0,21.0,0.5,1009.0,80.0,26.0,0.0,0.0
2024-10-08 15:00:00,9.0,5.0,20.0,2.4,1008.0,87.0,28.0,0.0,0.0
2024-10-08 16:00:00,9.0,5.0,20.0,0.8,1008.0,86.0,28.0,0.0,0.0
2024-10-08 17:00:00,8.0,5.0,19.0,4.5,1007.0,87.0,30.0,0.0,0.0
2024-10-08 18:00:00,5.0,3.0,19.0,1.5,1007.0,88.0,33.0,0.0,0.0
2024-10-08 19:00:00,4.0,3.0,18.0,0.9,1007.0,89.0,23.0,0.0,0.0
2024-10-08 20:00:00,4.0,2.0,18.0,0.0,1007.0,88.0,22.0,0.0,0.0
2024-10-08 21:00:00,6.0,4.0,18.0,0.0,1006.0,88.0,24.0,0.0,0.0
2024-10-08 22:00:00,6.0,4.0,18.0,0.2,1006.0,88.0,24.0,0.0,0.0
2024-10-08 23:00:00,12.0,7.0,19.0,3.0,1007.0,88.0,19.0,0.0,0.0
2024-10-09 00:00:00,8.0,5.0,18.0,14.1,1007.0,94.0,4.0,0.0,0.0
2024-10-09 01:00:00,7.0,3.0,18.0,0.4,1007.0,93.0,7.0,0.0,0.0
2024-10-09 02:00:00,7.0,4.0,17.0,1.0,1007.0,93.0,13.0,0.0,0.0
2024-10-09 03:00:00,12.0,6.0,18.0,0.0,1006.0,90.0,5.0,0.0,0.0
2024-10-09 04:00:00,12.0,6.0,18.0,0.1,1006.0,90.0,8.0,0.0,0.0
2024-10-09 05:00:00,12.0,5.0,18.0,0.0,1007.0,89.0,17.0,0.0,0.0
2024-10-09 06:00:00,10.0,5.0,18.0,0.0,1007.0,89.0,10.0,0.0,0.0
2024-10-09 07:00:00,14.0,7.0,20.0,0.0,1006.0,87.0,12.0,0.0,0.0
2024-10-09 08:00:00,12.0,5.0,21.0,0.0,1007.0,82.0,14.0,0.0,0.0
2024-10-09 09:00:00,11.0,5.0,22.0,0.0,1007.0,79.0,14.0,0.0,0.0
2024-10-09 10:00:00,11.0,5.0,22.0,0.0,1007.0,76.0,16.0,0.0,0.0
2024-10-09 11:00:00,10.0,5.0,22.0,0.0,1007.0,75.0,17.0,0.0,0.0
2024-10-09 12:00:00,10.0,5.0,22.0,0.0,1007.0,76.0,20.0,0.0,0.0
2024-10-09 13:00:00,10.0,5.0,21.0,0.0,1007.0,76.0,18.0,0.0,0.0
2024-10-09 14:00:00,9.0,5.0,21.0,0.0,1007.0,76.0,18.0,0.0,0.0
2024-10-09 15:00:00,10.0,4.0,20.0,0.0,1006.0,76.0,17.0,0.0,0.0
2024-10-09 16:00:00,10.0,4.0,20.0,0.0,1006.0,76.0,18.0,0.0,0.0
2024-10-09 17:00:00,10.0,5.0,19.0,0.0,1006.0,76.0,19.0,0.0,0.0
2024-10-09 18:00:00,10.0,5.0,20.0,0.0,1006.0,79.0,22.0,0.0,0.0
2024-10-09 19:00:00,10.0,5.0,20.0,0.0,1005.0,83.0,24.0,0.0,0.0
2024-10-09 20:00:00,9.0,4.0,20.0,0.0,1005.0,83.0,24.0,0.0,0.0
2024-10-09 21:00:00,9.0,4.0,20.0,0.0,1005.0,82.0,20.0,0.0,0.0
2024-10-09 22:00:00,10.0,5.0,20.0,0.0,1005.0,84.0,15.0,0.0,0.0
2024-10-09 23:00:00,10.0,5.0,20.0,0.0,1005.0,82.0,18.0,0.0,0.0
2024-10-10 00:00:00,10.0,5.0,19.0,0.0,1005.0,84.0,21.0,0.0,0.0
2024-10-10 01:00:00,11.0,5.0,19.0,0.0,1004.0,82.0,21.0,0.0,0.0
2024-10-10 02:00:00,11.0,5.0,19.0,0.0,1004.0,82.0,20.0,0.0,0.0
2024-10-10 03:00:00,11.0,5.0,19.0,0.0,1003.0,82.0,22.0,0.0,0.0
2024-10-10 04:00:00,10.0,5.0,19.0,0.0,1003.0,80.0,22.0,0.0,0.0
2024-10-10 05:00:00,10.0,5.0,19.0,0.0,1002.0,78.0,24.0,0.0,0.0
2024-10-10 06:00:00,8.0,4.0,19.0,0.0,1002.0,78.0,22.0,0.0,0.0
2024-10-10 07:00:00,9.0,4.0,22.0,0.0,1002.0,68.0,18.0,0.0,0.0
2024-10-10 08:00:00,8.0,4.0,23.0,0.0,1001.0,67.0,19.0,0.0,0.0
2024-10-10 09:00:00,8.0,4.0,24.0,0.0,1001.0,64.0,21.0,0.0,0.0
2024-10-10 10:00:00,8.0,4.0,24.0,0.0,1001.0,61.0,22.0,0.0,0.0
2024-10-10 11:00:00,9.0,4.0,24.0,0.0,1001.0,61.0,22.0,0.0,0.0
2024-10-10 12:00:00,10.0,5.0,24.0,0.0,1000.0,61.0,23.0,0.0,0.0
2024-10-10 13:00:00,9.0,5.0,22.0,0.0,1000.0,70.0,27.0,0.0,0.0
2024-10-10 14:00:00,11.0,6.0,22.0,0.0,1000.0,74.0,25.0,0.0,0.0
2024-10-10 15:00:00,10.0,6.0,20.0,0.2,1000.0,82.0,23.0,0.0,0.0
2024-10-10 16:00:00,8.0,5.0,19.0,0.0,1000.0,80.0,17.0,0.0,0.0
2024-10-10 17:00:00,7.0,4.0,18.0,6.3,1001.0,91.0,8.0,0.0,0.0
2024-10-10 18:00:00,7.0,4.0,18.0,0.1,1002.0,90.0,12.0,0.0,0.0
2024-10-10 19:00:00,9.0,5.0,18.0,0.0,1002.0,89.0,14.0,0.0,0.0
2024-10-10 20:00:00,10.0,6.0,18.0,0.0,1002.0,89.0,9.0,0.0,0.0
2024-10-10 21:00:00,14.0,7.0,17.0,0.1,1004.0,89.0,20.0,0.0,0.0
2024-10-10 22:00:00,12.0,7.0,16.0,2.0,1005.0,86.0,15.0,0.0,0.0
2024-10-10 23:00:00,6.0,3.0,16.0,3.3,1005.0,87.0,16.0,0.0,0.0
2024-10-11 00:00:00,5.0,2.0,16.0,0.0,1006.0,81.0,20.0,0.0,0.0
2024-10-11 01:00:00,3.0,2.0,16.0,0.0,1006.0,78.0,19.0,0.0,0.0
2024-10-11 02:00:00,7.0,2.0,16.0,0.0,1007.0,76.0,19.0,0.0,0.0
2024-10-11 03:00:00,2.0,2.0,16.0,0.0,1008.0,73.0,14.0,0.0,0.0
2024-10-11 04:00:00,2.0,2.0,16.0,0.1,1008.0,74.0,12.0,0.0,0.0
2024-10-11 05:00:00,2.0,2.0,16.0,0.0,1009.0,72.0,7.0,0.0,0.0
2024-10-11 06:00:00,3.0,2.0,16.0,0.0,1010.0,73.0,2.0,0.0,0.0
2024-10-11 07:00:00,3.0,2.0,15.0,0.2,1010.0,84.0,8.0,0.0,0.0
2024-10-11 08:00:00,3.0,2.0,16.0,0.0,1011.0,82.0,8.0,0.0,0.0
2024-10-11 09:00:00,4.0,2.0,17.0,0.0,1011.0,79.0,6.0,0.0,0.0
2024-10-11 10:00:00,5.0,2.0,18.0,0.0,1012.0,75.0,5.0,0.0,0.0
2024-10-11 11:00:00,5.0,2.0,20.0,0.0,1012.0,72.0,5.0,0.0,0.0
2024-10-11 12:00:00,7.0,2.0,20.0,0.0,1012.0,69.0,6.0,0.0,0.0
2024-10-11 13:00:00,5.0,2.0,21.0,0.0,1012.0,67.0,9.0,0.0,0.0
2024-10-11 14:00:00,4.0,2.0,21.0,0.0,1012.0,68.0,14.0,0.0,0.0
2024-10-11 15:00:00,3.0,2.0,20.0,0.0,1012.0,70.0,15.0,0.0,0.0
2024-10-11 16:00:00,3.0,2.0,18.0,0.0,1013.0,72.0,13.0,0.0,0.0
2024-10-11 17:00:00,4.0,2.0,17.0,0.0,1014.0,78.0,12.0,0.0,0.0
2024-10-11 18:00:00,2.0,2.0,15.0,0.0,1014.0,83.0,10.0,0.0,0.0
2024-10-11 19:00:00,5.0,2.0,16.0,0.0,1015.0,77.0,7.0,0.0,0.0
2024-10-11 20:00:00,5.0,2.0,15.0,0.0,1016.0,78.0,6.0,0.0,0.0
2024-10-11 21:00:00,6.0,2.0,15.0,0.0,1016.0,78.0,6.0,0.0,0.0
2024-10-11 22:00:00,5.0,2.0,14.0,0.0,1017.0,78.0,6.0,0.0,0.0
2024-10-11 23:00:00,4.0,2.0,14.0,0.0,1017.0,76.0,5.0,0.0,0.0
2024-10-12 00:00:00,4.0,2.0,14.0,0.0,1017.0,76.0,5.0,0.0,0.0
2024-10-12 01:00:00,5.0,2.0,14.0,0.0,1017.0,75.0,4.0,0.0,0.0
2024-10-12 02:00:00,3.0,2.0,14.0,0.0,1018.0,76.0,4.0,0.0,0.0
2024-10-12 03:00:00,3.0,2.0,13.0,0.0,1018.0,77.0,4.0,0.0,0.0
2024-10-12 04:00:00,4.0,2.0,13.0,0.0,1018.0,76.0,4.0,0.0,0.0
2024-10-12 05:00:00,3.0,2.0,13.0,0.0,1019.0,76.0,5.0,0.0,0.0
2024-10-12 06:00:00,2.0,2.0,13.0,0.0,1019.0,77.0,5.0,0.0,0.0
2024-10-12 07:00:00,2.0,2.0,16.0,0.0,1019.0,71.0,5.0,0.0,0.0
2024-10-12 08:00:00,2.0,2.0,18.0,0.0,1020.0,58.0,3.0,0.0,0.0
2024-10-12 09:00:00,6.0,2.0,20.0,0.0,1020.0,56.0,4.0,0.0,0.0
2024-10-12 10:00:00,4.0,2.0,20.0,0.0,1020.0,57.0,3.0,0.0,0.0
2024-10-12 11:00:00,4.0,2.0,20.0,0.0,1020.0,56.0,3.0,0.0,0.0
2024-10-12 12:00:00,4.0,2.0,20.0,0.0,1020.0,57.0,6.0,0.0,0.0
2024-10-12 13:00:00,9.0,2.0,20.0,0.0,1019.0,57.0,8.0,0.0,0.0
2024-10-12 14:00:00,4.0,2.0,19.0,0.0,1019.0,56.0,10.0,0.0,0.0
2024-10-12 15:00:00,4.0,2.0,19.0,0.0,1018.0,55.0,8.0,0.0,0.0
2024-10-12 16:00:00,3.0,2.0,18.0,0.0,1019.0,65.0,5.0,0.0,0.0
2024-10-12 17:00:00,3.0,2.0,16.0,0.0,1019.0,67.0,2.0,0.0,0.0
2024-10-12 18:00:00,3.0,2.0,15.0,0.0,1019.0,72.0,1.0,0.0,0.0
2024-10-12 19:00:00,7.0,3.0,16.0,0.0,1019.0,71.0,8.0,0.0,0.0
2024-10-12 20:00:00,8.0,5.0,15.0,0.0,1019.0,69.0,6.0,0.0,0.0
2024-10-12 21:00:00,7.0,4.0,15.0,0.0,1019.0,69.0,7.0,0.0,0.0
2024-10-12 22:00:00,6.0,3.0,14.0,0.0,1019.0,72.0,8.0,0.0,0.0
2024-10-12 23:00:00,5.0,3.0,14.0,0.0,1019.0,75.0,8.0,0.0,0.0
2024-10-13 00:00:00,6.0,3.0,14.0,0.0,1018.0,76.0,8.0,0.0,0.0
2024-10-13 01:00:00,6.0,3.0,14.0,0.0,1018.0,77.0,8.0,0.0,0.0
2024-10-13 02:00:00,5.0,3.0,14.0,0.0,1018.0,80.0,8.0,0.0,0.0
2024-10-13 03:00:00,4.0,2.0,14.0,0.0,1017.0,80.0,8.0,0.0,0.0
2024-10-13 04:00:00,3.0,2.0,15.0,0.0,1017.0,80.0,8.0,0.0,0.0
2024-10-13 05:00:00,5.0,2.0,14.0,0.0,1017.0,82.0,9.0,0.0,0.0
2024-10-13 06:00:00,5.0,2.0,15.0,0.0,1018.0,83.0,9.0,0.0,0.0
2024-10-13 07:00:00,5.0,2.0,16.0,0.0,1018.0,79.0,6.0,0.0,0.0
2024-10-13 08:00:00,5.0,2.0,19.0,0.0,1018.0,73.0,9.0,0.0,0.0
2024-10-13 09:00:00,4.0,2.0,20.0,0.0,1018.0,68.0,10.0,0.0,0.0
2024-10-13 10:00:00,6.0,3.0,21.0,0.0,1018.0,66.0,15.0,0.0,0.0
2024-10-13 11:00:00,5.0,3.0,21.0,0.0,1018.0,67.0,18.0,0.0,0.0
2024-10-13 12:00:00,6.0,3.0,20.0,0.0,1018.0,68.0,19.0,0.0,0.0
2024-10-13 13:00:00,7.0,4.0,20.0,0.0,1017.0,68.0,18.0,0.0,0.0
2024-10-13 14:00:00,10.0,7.0,20.0,0.0,1017.0,68.0,16.0,0.0,0.0
2024-10-13 15:00:00,11.0,7.0,20.0,0.0,1017.0,69.0,12.0,0.0,0.0
2024-10-13 16:00:00,11.0,7.0,20.0,0.0,1017.0,70.0,10.0,0.0,0.0
2024-10-13 17:00:00,13.0,8.0,18.0,0.0,1018.0,77.0,9.0,0.0,0.0
2024-10-13 18:00:00,13.0,8.0,17.0,0.0,1018.0,79.0,7.0,0.0,0.0
2024-10-13 19:00:00,13.0,9.0,17.0,0.0,1018.0,83.0,8.0,0.0,0.0
2024-10-13 20:00:00,15.0,10.0,16.0,0.0,1019.0,85.0,7.0,0.0,0.0
2024-10-13 21:00:00,14.0,10.0,16.0,0.0,1019.0,86.0,7.0,0.0,0.0
2024-10-13 22:00:00,28.0,23.0,16.0,0.0,1020.0,86.0,7.0,0.0,0.0
2024-10-13 23:00:00,26.0,20.0,16.0,0.0,1020.0,86.0,7.0,0.0,0.0
2024-10-14 00:00:00,15.0,11.0,16.0,0.0,1020.0,87.0,7.0,0.0,0.0
2024-10-14 01:00:00,13.0,9.0,16.0,0.0,1019.0,87.0,8.0,0.0,0.0
2024-10-14 02:00:00,9.0,6.0,16.0,0.0,1019.0,87.0,8.0,0.0,0.0
2024-10-14 03:00:00,8.0,5.0,16.0,0.0,1019.0,87.0,7.0,0.0,0.0
2024-10-14 04:00:00,7.0,4.0,16.0,0.0,1019.0,88.0,8.0,0.0,0.0
2024-10-14 05:00:00,7.0,4.0,16.0,0.0,1019.0,87.0,8.0,0.0,0.0
2024-10-14 06:00:00,7.0,4.0,16.0,0.0,1019.0,88.0,7.0,0.0,0.0
2024-10-14 07:00:00,8.0,5.0,18.0,0.0,1020.0,72.0,6.0,0.0,0.0
2024-10-14 08:00:00,8.0,4.0,22.0,0.0,1020.0,63.0,9.0,0.0,0.0
2024-10-14 09:00:00,8.0,5.0,24.0,0.0,1020.0,54.0,9.0,0.0,0.0
2024-10-14 10:00:00,11.0,5.0,25.0,0.0,1020.0,53.0,12.0,0.0,0.0
2024-10-14 11:00:00,11.0,5.0,24.0,0.0,1020.0,55.0,17.0,0.0,0.0
2024-10-14 12:00:00,12.0,7.0,23.0,0.0,1020.0,59.0,20.0,0.0,0.0
2024-10-14 13:00:00,17.0,12.0,22.0,0.0,1020.0,63.0,20.0,0.0,0.0
2024-10-14 14:00:00,20.0,15.0,22.0,0.0,1020.0,68.0,18.0,0.0,0.0
2024-10-14 15:00:00,26.0,21.0,21.0,0.0,1019.0,72.0,14.0,0.0,0.0
2024-10-14 16:00:00,27.0,22.0,20.0,0.0,1019.0,76.0,12.0,0.0,0.0
2024-10-14 17:00:00,26.0,20.0,19.0,0.0,1019.0,83.0,10.0,0.0,0.0
2024-10-14 18:00:00,25.0,21.0,18.0,0.0,1019.0,91.0,5.0,0.0,0.0
2024-10-14 19:00:00,26.0,21.0,18.0,0.0,1019.0,91.0,2.0,0.0,0.0
2024-10-14 20:00:00,26.0,20.0,17.0,0.0,1019.0,92.0,4.0,0.0,0.0
2024-10-14 21:00:00,26.0,20.0,17.0,0.0,1019.0,92.0,5.0,0.0,0.0
2024-10-14 22:00:00,28.0,23.0,16.0,0.0,1020.0,92.0,6.0,0.0,0.0
2024-10-14 23:00:00,29.0,23.0,16.0,0.0,1020.0,93.0,7.0,0.0,0.0
2024-10-15 00:00:00,27.0,23.0,16.0,0.0,1019.0,92.0,7.0,0.0,0.0
2024-10-15 01:00:00,27.0,23.0,16.0,0.0,1019.0,93.0,6.0,0.0,0.0
2024-10-15 02:00:00,30.0,25.0,16.0,0.0,1019.0,93.0,6.0,0.0,0.0
2024-10-15 03:00:00,25.0,20.0,16.0,0.0,1019.0,92.0,5.0,0.0,0.0
2024-10-15 04:00:00,26.0,21.0,16.0,0.0,1019.0,92.0,5.0,0.0,0.0
2024-10-15 05:00:00,28.0,23.0,15.0,0.0,1020.0,92.0,6.0,0.0,0.0
2024-10-15 06:00:00,27.0,23.0,15.0,0.0,1020.0,92.0,6.0,0.0,0.0
2024-10-15 07:00:00,29.0,24.0,18.0,0.0,1020.0,80.0,7.0,0.0,0.0
2024-10-15 08:00:00,31.0,25.0,20.0,0.0,1021.0,75.0,7.0,0.0,0.0
2024-10-15 09:00:00,28.0,19.0,21.0,0.0,1021.0,72.0,4.0,0.0,0.0
2024-10-15 10:00:00,24.0,18.0,22.0,0.0,1021.0,71.0,1.0,0.0,0.0
2024-10-15 11:00:00,24.0,19.0,22.0,0.0,1021.0,72.0,4.0,0.0,0.0
2024-10-15 12:00:00,24.0,19.0,21.0,0.0,1021.0,74.0,6.0,0.0,0.0
2024-10-15 13:00:00,24.0,19.0,20.0,0.0,1021.0,75.0,5.0,0.0,0.0
2024-10-15 14:00:00,18.0,15.0,20.0,0.0,1021.0,74.0,3.0,0.0,0.0
2024-10-15 15:00:00,22.0,17.0,20.0,0.0,1020.0,77.0,3.0,0.0,0.0
2024-10-15 16:00:00,17.0,14.0,19.0,0.0,1020.0,77.0,3.0,0.0,0.0
2024-10-15 17:00:00,16.0,12.0,18.0,0.0,1020.0,85.0,2.0,0.0,0.0
2024-10-15 18:00:00,16.0,12.0,17.0,0.0,1021.0,88.0,2.0,0.0,0.0
2024-10-15 19:00:00,18.0,14.0,17.0,0.0,1021.0,88.0,3.0,0.0,0.0
2024-10-15 20:00:00,19.0,15.0,17.0,0.0,1021.0,89.0,4.0,0.0,0.0
2024-10-15 21:00:00,20.0,16.0,17.0,0.0,1022.0,89.0,4.0,0.0,0.0
2024-10-15 22:00:00,20.0,16.0,16.0,0.0,1022.0,86.0,5.0,0.0,0.0
2024-10-15 23:00:00,19.0,15.0,16.0,0.0,1022.0,81.0,7.0,0.0,0.0
2024-10-16 00:00:00,23.0,19.0,16.0,0.0,1022.0,78.0,8.0,0.0,0.0
2024-10-16 01:00:00,21.0,18.0,16.0,0.0,1022.0,76.0,8.0,0.0,0.0
2024-10-16 02:00:00,23.0,18.0,16.0,0.0,1022.0,74.0,9.0,0.0,0.0
2024-10-16 03:00:00,22.0,18.0,15.0,0.0,1022.0,74.0,10.0,0.0,0.0
2024-10-16 04:00:00,15.0,11.0,15.0,0.0,1022.0,73.0,10.0,0.0,0.0
2024-10-16 05:00:00,11.0,8.0,15.0,0.0,1022.0,73.0,10.0,0.0,0.0
2024-10-16 06:00:00,10.0,6.0,15.0,0.0,1022.0,74.0,9.0,0.0,0.0
2024-10-16 07:00:00,9.0,6.0,16.0,0.0,1022.0,62.0,8.0,0.0,0.0
2024-10-16 08:00:00,9.0,6.0,18.0,0.0,1023.0,59.0,7.0,0.0,0.0
2024-10-16 09:00:00,9.0,5.0,19.0,0.0,1023.0,56.0,9.0,0.0,0.0
2024-10-16 10:00:00,10.0,5.0,21.0,0.0,1023.0,53.0,10.0,0.0,0.0
2024-10-16 11:00:00,10.0,5.0,22.0,0.0,1022.0,52.0,13.0,0.0,0.0
2024-10-16 12:00:00,16.0,5.0,22.0,0.0,1022.0,50.0,17.0,0.0,0.0
2024-10-16 13:00:00,13.0,5.0,23.0,0.0,1022.0,51.0,19.0,0.0,0.0
2024-10-16 14:00:00,10.0,5.0,22.0,0.0,1022.0,52.0,17.0,0.0,0.0
2024-10-16 15:00:00,10.0,5.0,22.0,0.0,1022.0,54.0,11.0,0.0,0.0
2024-10-16 16:00:00,11.0,5.0,21.0,0.0,1022.0,56.0,12.0,0.0,0.0
2024-10-16 17:00:00,17.0,9.0,20.0,0.0,1021.0,63.0,18.0,0.0,0.0
2024-10-16 18:00:00,18.0,8.0,19.0,0.0,1021.0,69.0,11.0,0.0,0.0
2024-10-16 19:00:00,17.0,7.0,18.0,0.0,1022.0,74.0,6.0,0.0,0.0
2024-10-16 20:00:00,17.0,8.0,18.0,0.0,1022.0,75.0,8.0,0.0,0.0
2024-10-16 21:00:00,15.0,8.0,17.0,0.8,1022.0,86.0,7.0,0.0,0.0
2024-10-16 22:00:00,16.0,11.0,16.0,1.4,1022.0,91.0,11.0,0.0,0.0
2024-10-16 23:00:00,14.0,9.0,16.0,2.9,1022.0,92.0,8.0,0.0,0.0
2024-10-17 00:00:00,14.0,9.0,16.0,2.4,1022.0,93.0,9.0,0.0,0.0
2024-10-17 01:00:00,14.0,8.0,16.0,2.6,1022.0,93.0,8.0,0.0,0.0
2024-10-17 02:00:00,13.0,8.0,16.0,3.4,1022.0,94.0,8.0,0.0,0.0
2024-10-17 03:00:00,13.0,7.0,16.0,4.2,1022.0,92.0,9.0,0.0,0.0
2024-10-17 04:00:00,13.0,7.0,16.0,4.5,1022.0,94.0,8.0,0.0,0.0
2024-10-17 05:00:00,11.0,6.0,16.0,0.8,1022.0,94.0,7.0,0.0,0.0
2024-10-17 06:00:00,14.0,7.0,16.0,0.3,1022.0,94.0,8.0,0.0,0.0
2024-10-17 07:00:00,19.0,9.0,17.0,0.0,1022.0,76.0,7.0,0.0,0.0
2024-10-17 08:00:00,20.0,10.0,17.0,0.0,1022.0,77.0,8.0,0.0,0.0
2024-10-17 09:00:00,25.0,11.0,18.0,0.1,1022.0,75.0,10.0,0.0,0.0
2024-10-17 10:00:00,25.0,11.0,20.0,0.0,1022.0,76.0,12.0,0.0,0.0
2024-10-17 11:00:00,28.0,13.0,21.0,0.0,1021.0,79.0,10.0,0.0,0.0
2024-10-17 12:00:00,34.0,13.0,21.0,0.4,1021.0,84.0,13.0,0.0,0.0
2024-10-17 13:00:00,32.0,12.0,20.0,1.1,1020.0,87.0,17.0,0.0,0.0
2024-10-17 14:00:00,20.0,9.0,20.0,0.1,1020.0,88.0,12.0,0.0,0.0
2024-10-17 15:00:00,20.0,8.0,20.0,0.4,1020.0,91.0,10.0,0.0,0.0
2024-10-17 16:00:00,17.0,7.0,19.0,0.2,1020.0,93.0,5.0,0.0,0.0
2024-10-17 17:00:00,18.0,7.0,18.0,0.0,1020.0,93.0,7.0,0.0,0.0
2024-10-17 18:00:00,18.0,7.0,17.0,0.0,1020.0,92.0,11.0,0.0,0.0
2024-10-17 19:00:00,18.0,8.0,16.0,0.1,1020.0,93.0,9.0,0.0,0.0
2024-10-17 20:00:00,18.0,9.0,16.0,0.0,1020.0,91.0,10.0,0.0,0.0
2024-10-17 21:00:00,19.0,9.0,16.0,0.0,1020.0,90.0,10.0,0.0,0.0
2024-10-17 22:00:00,26.0,11.0,17.0,0.0,1020.0,89.0,12.0,0.0,0.0
2024-10-17 23:00:00,29.0,13.0,17.0,0.4,1020.0,92.0,12.0,0.0,0.0
2024-10-18 00:00:00,32.0,14.0,17.0,0.3,1020.0,92.0,12.0,0.0,0.0
2024-10-18 01:00:00,32.0,14.0,17.0,0.0,1019.0,90.0,12.0,0.0,0.0
2024-10-18 02:00:00,34.0,15.0,17.0,0.0,1018.0,89.0,12.0,0.0,0.0
2024-10-18 03:00:00,36.0,16.0,17.0,0.0,1018.0,88.0,13.0,0.0,0.0
2024-10-18 04:00:00,40.0,17.0,18.0,0.0,1018.0,86.0,13.0,0.0,0.0
2024-10-18 05:00:00,43.0,18.0,18.0,0.0,1018.0,87.0,14.0,0.0,0.0
2024-10-18 06:00:00,41.0,17.0,18.0,0.5,1018.0,88.0,16.0,0.0,0.0
2024-10-18 07:00:00,41.0,17.0,18.0,0.0,1017.0,77.0,9.0,0.0,0.0
2024-10-18 08:00:00,35.0,15.0,19.0,0.1,1017.0,74.0,11.0,0.0,0.0
2024-10-18 09:00:00,30.0,13.0,20.0,0.0,1017.0,73.0,14.0,0.0,0.0
2024-10-18 10:00:00,25.0,12.0,19.0,3.4,1017.0,78.0,13.0,0.0,0.0
2024-10-18 11:00:00,23.0,11.0,18.0,2.0,1017.0,81.0,9.0,0.0,0.0
2024-10-18 12:00:00,23.0,11.0,18.0,3.7,1017.0,87.0,12.0,0.0,0.0
2024-10-18 13:00:00,26.0,13.0,18.0,0.4,1017.0,88.0,12.0,0.0,0.0
2024-10-18 14:00:00,29.0,14.0,18.0,1.6,1017.0,90.0,13.0,0.0,0.0
2024-10-18 15:00:00,31.0,15.0,18.0,0.5,1016.0,90.0,14.0,0.0,0.0
2024-10-18 16:00:00,31.0,15.0,17.0,0.0,1017.0,89.0,17.0,0.0,0.0
2024-10-18 17:00:00,32.0,15.0,17.0,0.0,1017.0,88.0,16.0,0.0,0.0
2024-10-18 18:00:00,30.0,14.0,16.0,0.0,1017.0,89.0,15.0,0.0,0.0
2024-10-18 19:00:00,27.0,13.0,17.0,0.0,1017.0,87.0,9.0,0.0,0.0
2024-10-18 20:00:00,25.0,13.0,16.0,0.0,1017.0,86.0,8.0,0.0,0.0
2024-10-18 21:00:00,18.0,10.0,16.0,0.0,1017.0,86.0,9.0,0.0,0.0
2024-10-18 22:00:00,15.0,9.0,16.0,0.0,1017.0,86.0,8.0,0.0,0.0
2024-10-18 23:00:00,18.0,10.0,16.0,0.1,1017.0,89.0,7.0,0.0,0.0
2024-10-19 00:00:00,18.0,11.0,16.0,0.0,1017.0,88.0,10.0,0.0,0.0
2024-10-19 01:00:00,18.0,11.0,16.0,0.6,1017.0,91.0,14.0,0.0,0.0
2024-10-19 02:00:00,16.0,9.0,16.0,2.3,1016.0,91.0,17.0,0.0,0.0
2024-10-19 03:00:00,14.0,7.0,16.0,2.8,1016.0,91.0,13.0,0.0,0.0
2024-10-19 04:00:00,13.0,7.0,16.0,0.1,1016.0,86.0,10.0,0.0,0.0
2024-10-19 05:00:00,15.0,8.0,16.0,0.0,1016.0,84.0,11.0,0.0,0.0
2024-10-19 06:00:00,16.0,9.0,16.0,0.0,1016.0,83.0,10.0,0.0,0.0
2024-10-19 07:00:00,16.0,9.0,18.0,0.0,1018.0,68.0,7.0,0.0,0.0
2024-10-19 08:00:00,16.0,8.0,19.0,0.0,1018.0,65.0,11.0,0.0,0.0
2024-10-19 09:00:00,15.0,8.0,20.0,0.0,1018.0,61.0,15.0,0.0,0.0
2024-10-19 10:00:00,18.0,9.0,21.0,0.0,1018.0,61.0,17.0,0.0,0.0
2024-10-19 11:00:00,14.0,7.0,20.0,0.0,1017.0,65.0,22.0,0.0,0.0
2024-10-19 12:00:00,16.0,7.0,20.0,0.0,1017.0,68.0,25.0,0.0,0.0
2024-10-19 13:00:00,12.0,6.0,20.0,0.0,1017.0,72.0,26.0,0.0,0.0
2024-10-19 14:00:00,9.0,5.0,19.0,0.0,1017.0,73.0,26.0,0.0,0.0
2024-10-19 15:00:00,9.0,5.0,18.0,0.0,1017.0,74.0,28.0,0.0,0.0
2024-10-19 16:00:00,10.0,6.0,17.0,0.0,1018.0,76.0,24.0,0.0,0.0
2024-10-19 17:00:00,14.0,9.0,16.0,0.2,1018.0,81.0,22.0,0.0,0.0
2024-10-19 18:00:00,20.0,11.0,16.0,0.2,1018.0,82.0,23.0,0.0,0.0
2024-10-19 19:00:00,29.0,15.0,16.0,0.0,1019.0,77.0,11.0,0.0,0.0
2024-10-19 20:00:00,27.0,16.0,16.0,0.0,1020.0,76.0,12.0,0.0,0.0
2024-10-19 21:00:00,27.0,18.0,16.0,0.0,1021.0,75.0,12.0,0.0,0.0
2024-10-19 22:00:00,31.0,19.0,16.0,0.0,1021.0,74.0,14.0,0.0,0.0
2024-10-19 23:00:00,25.0,16.0,16.0,0.0,1021.0,74.0,14.0,0.0,0.0
2024-10-20 00:00:00,28.0,18.0,16.0,0.0,1021.0,74.0,12.0,0.0,0.0
2024-10-20 01:00:00,27.0,18.0,16.0,0.0,1022.0,74.0,12.0,0.0,0.0
2024-10-20 02:00:00,26.0,17.0,16.0,0.0,1022.0,74.0,13.0,0.0,0.0
2024-10-20 03:00:00,24.0,15.0,16.0,0.0,1022.0,74.0,14.0,0.0,0.0
2024-10-20 04:00:00,24.0,15.0,16.0,0.0,1022.0,73.0,11.0,0.0,0.0
2024-10-20 05:00:00,24.0,14.0,16.0,0.0,1023.0,72.0,10.0,0.0,0.0
2024-10-20 06:00:00,28.0,19.0,15.0,0.0,1024.0,71.0,10.0,0.0,0.0
2024-10-20 07:00:00,25.0,15.0,17.0,0.0,1024.0,55.0,24.0,0.0,0.0
2024-10-20 08:00:00,25.0,15.0,18.0,0.0,1024.0,54.0,24.0,0.0,0.0
2024-10-20 09:00:00,25.0,14.0,19.0,0.0,1025.0,53.0,18.0,0.0,0.0
2024-10-20 10:00:00,24.0,14.0,20.0,0.0,1025.0,53.0,15.0,0.0,0.0
2024-10-20 11:00:00,22.0,12.0,21.0,0.0,1025.0,53.0,17.0,0.0,0.0
2024-10-20 12:00:00,22.0,11.0,22.0,0.0,1025.0,50.0,15.0,0.0,0.0
2024-10-20 13:00:00,23.0,11.0,22.0,0.0,1025.0,48.0,9.0,0.0,0.0
2024-10-20 14:00:00,22.0,11.0,22.0,0.0,1025.0,49.0,13.0,0.0,0.0
2024-10-20 15:00:00,23.0,11.0,21.0,0.0,1025.0,52.0,18.0,0.0,0.0
2024-10-20 16:00:00,21.0,11.0,19.0,0.0,1026.0,58.0,15.0,0.0,0.0
2024-10-20 17:00:00,21.0,11.0,18.0,0.0,1026.0,62.0,14.0,0.0,0.0
2024-10-20 18:00:00,22.0,12.0,16.0,0.0,1027.0,66.0,6.0,0.0,0.0
2024-10-20 19:00:00,23.0,12.0,16.0,0.0,1028.0,71.0,8.0,0.0,0.0
2024-10-20 20:00:00,25.0,14.0,16.0,0.0,1028.0,72.0,7.0,0.0,0.0
2024-10-20 21:00:00,21.0,13.0,15.0,0.0,1028.0,73.0,6.0,0.0,0.0
2024-10-20 22:00:00,22.0,12.0,15.0,0.0,1028.0,71.0,6.0,0.0,0.0
2024-10-20 23:00:00,21.0,11.0,15.0,0.0,1029.0,72.0,6.0,0.0,0.0
2024-10-21 00:00:00,21.0,12.0,15.0,0.0,1028.0,72.0,5.0,0.0,0.0
2024-10-21 01:00:00,20.0,11.0,15.0,0.0,1029.0,72.0,6.0,0.0,0.0
2024-10-21 02:00:00,20.0,11.0,15.0,0.0,1029.0,73.0,5.0,0.0,0.0
2024-10-21 03:00:00,20.0,11.0,15.0,0.0,1028.0,74.0,5.0,0.0,0.0
2024-10-21 04:00:00,20.0,11.0,15.0,0.0,1028.0,76.0,5.0,0.0,0.0
2024-10-21 05:00:00,21.0,11.0,15.0,0.0,1029.0,75.0,4.0,0.0,0.0
2024-10-21 06:00:00,20.0,11.0,15.0,0.0,1029.0,74.0,3.0,0.0,0.0
2024-10-21 07:00:00,20.0,11.0,16.0,0.0,1029.0,53.0,14.0,0.0,0.0
2024-10-21 08:00:00,20.0,11.0,19.0,0.0,1030.0,42.0,14.0,0.0,0.0
2024-10-21 09:00:00,20.0,11.0,21.0,0.0,1030.0,41.0,11.0,0.0,0.0
2024-10-21 10:00:00,24.0,13.0,23.0,0.0,1030.0,37.0,6.0,0.0,0.0
2024-10-21 11:00:00,22.0,12.0,23.0,0.0,1030.0,38.0,4.0,0.0,0.0
2024-10-21 12:00:00,21.0,12.0,23.0,0.0,1030.0,38.0,6.0,0.0,0.0
2024-10-21 13:00:00,22.0,12.0,22.0,0.0,1029.0,41.0,5.0,0.0,0.0
2024-10-21 14:00:00,20.0,12.0,21.0,0.0,1029.0,43.0,4.0,0.0,0.0
2024-10-21 15:00:00,21.0,12.0,21.0,0.0,1029.0,45.0,3.0,0.0,0.0
2024-10-21 16:00:00,22.0,12.0,19.0,0.0,1029.0,59.0,3.0,0.0,0.0
2024-10-21 17:00:00,21.0,12.0,18.0,0.0,1029.0,66.0,3.0,0.0,0.0
2024-10-21 18:00:00,24.0,13.0,17.0,0.0,1029.0,69.0,1.0,0.0,0.0
2024-10-21 19:00:00,26.0,16.0,18.0,0.0,1029.0,66.0,2.0,0.0,0.0
2024-10-21 20:00:00,26.0,16.0,17.0,0.0,1029.0,63.0,3.0,0.0,0.0
2024-10-21 21:00:00,26.0,16.0,17.0,0.0,1029.0,61.0,2.0,0.0,0.0
2024-10-21 22:00:00,25.0,15.0,17.0,0.0,1030.0,64.0,3.0,0.0,0.0
2024-10-21 23:00:00,23.0,14.0,16.0,0.0,1029.0,65.0,3.0,0.0,0.0
2024-10-22 00:00:00,23.0,13.0,16.0,0.0,1029.0,67.0,3.0,0.0,0.0
2024-10-22 01:00:00,22.0,12.0,16.0,0.0,1029.0,69.0,4.0,0.0,0.0
2024-10-22 02:00:00,20.0,12.0,16.0,0.0,1028.0,70.0,4.0,0.0,0.0
2024-10-22 03:00:00,21.0,13.0,15.0,0.0,1028.0,74.0,5.0,0.0,0.0
2024-10-22 04:00:00,22.0,14.0,15.0,0.0,1028.0,76.0,5.0,0.0,0.0
2024-10-22 05:00:00,20.0,12.0,15.0,0.0,1028.0,74.0,4.0,0.0,0.0
2024-10-22 06:00:00,21.0,12.0,16.0,0.0,1028.0,74.0,6.0,0.0,0.0
2024-10-22 07:00:00,21.0,12.0,18.0,0.0,1029.0,63.0,7.0,0.0,0.0
2024-10-22 08:00:00,22.0,13.0,20.0,0.0,1029.0,56.0,11.0,0.0,0.0
2024-10-22 09:00:00,23.0,13.0,23.0,0.0,1029.0,49.0,11.0,0.0,0.0
2024-10-22 10:00:00,26.0,15.0,23.0,0.0,1029.0,50.0,6.0,0.0,0.0
2024-10-22 11:00:00,30.0,17.0,23.0,0.0,1029.0,54.0,3.0,0.0,0.0
2024-10-22 12:00:00,30.0,16.0,22.0,0.0,1028.0,59.0,3.0,0.0,0.0
2024-10-22 13:00:00,24.0,13.0,21.0,0.0,1028.0,65.0,4.0,0.0,0.0
2024-10-22 14:00:00,22.0,13.0,20.0,0.0,1028.0,70.0,5.0,0.0,0.0
2024-10-22 15:00:00,21.0,12.0,20.0,0.0,1028.0,72.0,3.0,0.0,0.0
2024-10-22 16:00:00,19.0,11.0,19.0,0.0,1028.0,81.0,0.0,0.0,0.0
2024-10-22 17:00:00,18.0,11.0,17.0,0.0,1028.0,85.0,1.0,0.0,0.0
2024-10-22 18:00:00,21.0,12.0,16.0,0.0,1028.0,90.0,1.0,0.0,0.0
2024-10-22 19:00:00,20.0,12.0,17.0,0.0,1029.0,86.0,2.0,0.0,0.0
2024-10-22 20:00:00,17.0,11.0,17.0,0.0,1029.0,87.0,3.0,0.0,0.0
2024-10-22 21:00:00,17.0,11.0,16.0,0.0,1029.0,85.0,6.0,0.0,0.0
2024-10-22 22:00:00,16.0,10.0,17.0,0.0,1029.0,83.0,5.0,0.0,0.0
2024-10-22 23:00:00,19.0,12.0,16.0,0.0,1029.0,83.0,6.0,0.0,0.0
2024-10-23 00:00:00,19.0,12.0,16.0,0.0,1029.0,82.0,5.0,0.0,0.0
2024-10-23 01:00:00,19.0,12.0,16.0,0.0,1029.0,82.0,4.0,0.0,0.0
2024-10-23 02:00:00,18.0,12.0,16.0,0.0,1029.0,81.0,4.0,0.0,0.0
2024-10-23 03:00:00,20.0,12.0,16.0,0.0,1028.0,81.0,4.0,0.0,0.0
2024-10-23 04:00:00,18.0,12.0,16.0,0.0,1028.0,80.0,3.0,0.0,0.0
2024-10-23 05:00:00,18.0,12.0,16.0,0.0,1029.0,81.0,4.0,0.0,0.0
2024-10-23 06:00:00,18.0,12.0,16.0,0.0,1029.0,82.0,4.0,0.0,0.0
2024-10-23 07:00:00,16.0,10.0,16.0,0.0,1029.0,78.0,11.0,0.0,0.0
2024-10-23 08:00:00,18.0,12.0,17.0,0.0,1029.0,74.0,11.0,0.0,0.0
2024-10-23 09:00:00,19.0,12.0,18.0,0.0,1029.0,72.0,10.0,0.0,0.0
2024-10-23 10:00:00,25.0,14.0,19.0,0.0,1029.0,69.0,8.0,0.0,0.0
2024-10-23 11:00:00,24.0,15.0,20.0,0.0,1029.0,69.0,7.0,0.0,0.0
2024-10-23 12:00:00,26.0,17.0,20.0,0.0,1029.0,68.0,5.0,0.0,0.0
2024-10-23 13:00:00,26.0,15.0,21.0,0.0,1028.0,64.0,8.0,0.0,0.0
2024-10-23 14:00:00,21.0,12.0,21.0,0.0,1028.0,63.0,5.0,0.0,0.0
2024-10-23 15:00:00,20.0,12.0,19.0,0.0,1028.0,76.0,8.0,0.0,0.0
2024-10-23 16:00:00,23.0,14.0,17.0,1.1,1028.0,94.0,3.0,0.0,0.0
2024-10-23 17:00:00,26.0,15.0,17.0,2.8,1028.0,97.0,10.0,0.0,0.0
2024-10-23 18:00:00,21.0,15.0,16.0,2.8,1028.0,94.0,17.0,0.0,0.0
2024-10-23 19:00:00,19.0,14.0,16.0,1.1,1028.0,91.0,6.0,0.0,0.0
2024-10-23 20:00:00,20.0,15.0,16.0,1.1,1029.0,90.0,4.0,0.0,0.0
2024-10-23 21:00:00,20.0,16.0,16.0,2.5,1029.0,92.0,9.0,0.0,0.0
2024-10-23 22:00:00,20.0,15.0,16.0,3.5,1029.0,92.0,8.0,0.0,0.0
2024-10-23 23:00:00,17.0,13.0,16.0,1.0,1028.0,91.0,7.0,0.0,0.0
2024-10-24 00:00:00,16.0,13.0,16.0,0.2,1028.0,90.0,4.0,0.0,0.0
2024-10-24 01:00:00,15.0,12.0,16.0,0.3,1028.0,91.0,6.0,0.0,0.0
2024-10-24 02:00:00,12.0,9.0,15.0,0.3,1028.0,91.0,4.0,0.0,0.0
2024-10-24 03:00:00,11.0,9.0,15.0,2.0,1028.0,92.0,6.0,0.0,0.0
2024-10-24 04:00:00,10.0,9.0,15.0,1.6,1027.0,92.0,6.0,0.0,0.0
2024-10-24 05:00:00,9.0,6.0,15.0,1.1,1027.0,92.0,6.0,0.0,0.0
2024-10-24 06:00:00,10.0,7.0,15.0,2.0,1028.0,91.0,5.0,0.0,0.0
2024-10-24 07:00:00,10.0,8.0,16.0,0.2,1028.0,79.0,6.0,0.0,0.0
2024-10-24 08:00:00,14.0,11.0,17.0,0.0,1028.0,74.0,8.0,0.0,0.0
2024-10-24 09:00:00,10.0,8.0,17.0,0.0,1028.0,75.0,7.0,0.0,0.0
2024-10-24 10:00:00,8.0,6.0,17.0,0.3,1029.0,80.0,8.0,0.0,0.0
2024-10-24 11:00:00,12.0,10.0,17.0,0.5,1028.0,84.0,13.0,0.0,0.0
2024-10-24 12:00:00,11.0,9.0,17.0,1.2,1028.0,85.0,12.0,0.0,0.0
2024-10-24 13:00:00,12.0,10.0,17.0,0.2,1028.0,86.0,10.0,0.0,0.0
2024-10-24 14:00:00,14.0,11.0,17.0,0.2,1027.0,86.0,9.0,0.0,0.0
2024-10-24 15:00:00,15.0,12.0,17.0,0.3,1027.0,90.0,11.0,0.0,0.0
2024-10-24 16:00:00,15.0,13.0,16.0,0.0,1027.0,91.0,13.0,0.0,0.0
2024-10-24 17:00:00,14.0,12.0,16.0,0.0,1027.0,91.0,12.0,0.0,0.0
2024-10-24 18:00:00,13.0,10.0,15.0,0.0,1027.0,92.0,9.0,0.0,0.0
2024-10-24 19:00:00,11.0,8.0,16.0,0.5,1027.0,92.0,5.0,0.0,0.0
2024-10-24 20:00:00,8.0,6.0,15.0,0.1,1027.0,92.0,6.0,0.0,0.0
2024-10-24 21:00:00,8.0,5.0,15.0,0.0,1027.0,92.0,5.0,0.0,0.0
2024-10-24 22:00:00,7.0,5.0,15.0,0.0,1027.0,91.0,4.0,0.0,0.0
2024-10-24 23:00:00,8.0,5.0,15.0,0.5,1026.0,94.0,8.0,0.0,0.0
2024-10-25 00:00:00,9.0,5.0,15.0,0.0,1026.0,93.0,5.0,0.0,0.0
2024-10-25 01:00:00,10.0,6.0,15.0,3.0,1026.0,94.0,6.0,0.0,0.0
2024-10-25 02:00:00,10.0,6.0,15.0,0.5,1025.0,95.0,8.0,0.0,0.0
2024-10-25 03:00:00,9.0,5.0,15.0,0.0,1024.0,93.0,8.0,0.0,0.0
2024-10-25 04:00:00,12.0,6.0,15.0,0.0,1024.0,93.0,6.0,0.0,0.0
2024-10-25 05:00:00,10.0,6.0,15.0,0.3,1024.0,94.0,8.0,0.0,0.0
2024-10-25 06:00:00,12.0,7.0,16.0,0.4,1024.0,94.0,9.0,0.0,0.0
2024-10-25 07:00:00,12.0,7.0,16.0,0.0,1025.0,84.0,3.0,0.0,0.0
2024-10-25 08:00:00,9.0,6.0,18.0,0.0,1026.0,79.0,5.0,0.0,0.0
2024-10-25 09:00:00,11.0,6.0,19.0,0.0,1026.0,77.0,5.0,0.0,0.0
2024-10-25 10:00:00,15.0,8.0,20.0,0.0,1026.0,76.0,5.0,0.0,0.0
2024-10-25 11:00:00,10.0,6.0,20.0,0.0,1025.0,76.0,5.0,0.0,0.0
2024-10-25 12:00:00,7.0,4.0,20.0,0.0,1024.0,76.0,3.0,0.0,0.0
2024-10-25 13:00:00,4.0,3.0,20.0,0.0,1024.0,79.0,0.0,0.0,0.0
2024-10-25 14:00:00,5.0,3.0,19.0,0.0,1024.0,84.0,5.0,0.0,0.0
2024-10-25 15:00:00,5.0,4.0,19.0,0.0,1023.0,84.0,4.0,0.0,0.0
2024-10-25 16:00:00,7.0,5.0,18.0,0.0,1023.0,91.0,2.0,0.0,0.0
2024-10-25 17:00:00,8.0,6.0,17.0,0.5,1024.0,96.0,3.0,0.0,0.0
2024-10-25 18:00:00,8.0,6.0,17.0,0.9,1024.0,98.0,4.0,0.0,0.0
2024-10-25 19:00:00,11.0,8.0,17.0,1.2,1024.0,97.0,4.0,0.0,0.0
2024-10-25 20:00:00,10.0,7.0,16.0,0.3,1024.0,98.0,4.0,0.0,0.0
2024-10-25 21:00:00,13.0,8.0,16.0,0.0,1024.0,96.0,5.0,0.0,0.0
2024-10-25 22:00:00,10.0,6.0,16.0,0.0,1024.0,95.0,6.0,0.0,0.0
2024-10-25 23:00:00,11.0,6.0,16.0,1.7,1024.0,96.0,5.0,0.0,0.0
2024-10-26 00:00:00,12.0,7.0,16.0,0.3,1024.0,96.0,4.0,0.0,0.0
2024-10-26 01:00:00,10.0,6.0,16.0,0.0,1024.0,95.0,3.0,0.0,0.0
2024-10-26 02:00:00,13.0,7.0,16.0,0.0,1024.0,94.0,3.0,0.0,0.0
2024-10-26 03:00:00,14.0,7.0,16.0,0.0,1023.0,94.0,2.0,0.0,0.0
2024-10-26 04:00:00,12.0,8.0,16.0,0.0,1023.0,96.0,3.0,0.0,0.0
2024-10-26 05:00:00,12.0,8.0,16.0,0.0,1023.0,95.0,2.0,0.0,0.0
2024-10-26 06:00:00,12.0,8.0,16.0,0.0,1023.0,94.0,4.0,0.0,0.0
2024-10-26 07:00:00,11.0,7.0,18.0,0.0,1023.0,87.0,9.0,0.0,0.0
2024-10-26 08:00:00,11.0,7.0,20.0,0.0,1023.0,82.0,14.0,0.0,0.0
2024-10-26 09:00:00,14.0,8.0,22.0,0.0,1023.0,76.0,14.0,0.0,0.0
2024-10-26 10:00:00,13.0,7.0,22.0,0.0,1023.0,75.0,9.0,0.0,0.0
2024-10-26 11:00:00,13.0,8.0,22.0,0.0,1023.0,79.0,4.0,0.0,0.0
2024-10-26 12:00:00,16.0,9.0,21.0,0.0,1023.0,83.0,1.0,0.0,0.0
2024-10-26 13:00:00,18.0,9.0,20.0,0.2,1022.0,91.0,4.0,0.0,0.0
2024-10-26 14:00:00,17.0,9.0,19.0,0.4,1022.0,94.0,4.0,0.0,0.0
2024-10-26 15:00:00,16.0,10.0,19.0,0.3,1022.0,96.0,2.0,0.0,0.0
2024-10-26 16:00:00,18.0,10.0,19.0,0.2,1022.0,97.0,2.0,0.0,0.0
2024-10-26 17:00:00,21.0,13.0,18.0,0.0,1022.0,98.0,4.0,0.0,0.0
2024-10-26 18:00:00,21.0,12.0,18.0,0.0,1022.0,98.0,5.0,0.0,0.0
2024-10-26 19:00:00,20.0,12.0,18.0,0.0,1022.0,97.0,1.0,0.0,0.0
2024-10-26 20:00:00,21.0,12.0,17.0,0.0,1023.0,96.0,3.0,0.0,0.0
2024-10-26 21:00:00,23.0,13.0,17.0,0.0,1023.0,96.0,4.0,0.0,0.0
2024-10-26 22:00:00,21.0,13.0,17.0,0.0,1023.0,95.0,5.0,0.0,0.0
2024-10-26 23:00:00,23.0,14.0,17.0,0.0,1024.0,93.0,4.0,0.0,0.0
2024-10-27 00:00:00,22.0,13.0,16.0,0.0,1023.0,93.0,4.0,0.0,0.0
2024-10-27 01:00:00,21.0,12.0,16.0,0.0,1023.0,91.0,4.0,0.0,0.0
2024-10-27 02:00:00,20.0,11.0,16.0,0.0,1023.0,90.0,4.0,0.0,0.0
2024-10-27 03:00:00,15.0,9.0,16.0,0.0,1023.0,89.0,6.0,0.0,0.0
2024-10-27 04:00:00,15.0,9.0,16.0,0.0,1023.0,89.0,6.0,0.0,0.0
2024-10-27 05:00:00,15.0,9.0,15.0,0.0,1023.0,89.0,6.0,0.0,0.0
2024-10-27 06:00:00,14.0,8.0,15.0,0.0,1023.0,89.0,6.0,0.0,0.0
2024-10-27 07:00:00,15.0,9.0,16.0,0.0,1023.0,83.0,10.0,0.0,0.0
2024-10-27 08:00:00,14.0,8.0,17.0,0.0,1023.0,75.0,10.0,0.0,0.0
2024-10-27 09:00:00,15.0,8.0,19.0,0.0,1024.0,72.0,9.0,0.0,0.0
2024-10-27 10:00:00,14.0,8.0,20.0,0.0,1024.0,70.0,7.0,0.0,0.0
2024-10-27 11:00:00,15.0,9.0,21.0,0.0,1024.0,71.0,2.0,0.0,0.0
2024-10-27 12:00:00,15.0,9.0,20.0,0.0,1024.0,78.0,4.0,0.0,0.0
2024-10-27 13:00:00,16.0,10.0,20.0,0.0,1024.0,79.0,4.0,0.0,0.0
2024-10-27 14:00:00,16.0,9.0,20.0,0.0,1024.0,77.0,3.0,0.0,0.0
2024-10-27 15:00:00,15.0,9.0,19.0,0.0,1024.0,81.0,2.0,0.0,0.0
2024-10-27 16:00:00,16.0,10.0,18.0,0.0,1024.0,89.0,3.0,0.0,0.0
2024-10-27 17:00:00,17.0,11.0,17.0,0.0,1024.0,92.0,3.0,0.0,0.0
2024-10-27 18:00:00,18.0,12.0,17.0,0.0,1025.0,95.0,3.0,0.0,0.0
2024-10-27 19:00:00,20.0,12.0,17.0,0.0,1025.0,95.0,3.0,0.0,0.0
2024-10-27 20:00:00,20.0,13.0,17.0,0.1,1026.0,97.0,4.0,0.0,0.0
2024-10-27 21:00:00,20.0,13.0,17.0,0.0,1026.0,96.0,6.0,0.0,0.0
2024-10-27 22:00:00,22.0,14.0,16.0,0.0,1026.0,94.0,5.0,0.0,0.0
2024-10-27 23:00:00,20.0,14.0,16.0,0.0,1026.0,93.0,5.0,0.0,0.0
2024-10-28 00:00:00,18.0,12.0,16.0,0.0,1026.0,92.0,6.0,0.0,0.0
2024-10-28 01:00:00,20.0,13.0,16.0,0.0,1026.0,91.0,6.0,0.0,0.0
2024-10-28 02:00:00,22.0,14.0,16.0,0.0,1026.0,91.0,6.0,0.0,0.0
2024-10-28 03:00:00,22.0,16.0,16.0,0.0,1026.0,91.0,6.0,0.0,0.0
2024-10-28 04:00:00,25.0,17.0,16.0,0.0,1026.0,91.0,5.0,0.0,0.0
2024-10-28 05:00:00,25.0,18.0,16.0,0.0,1026.0,91.0,4.0,0.0,0.0
2024-10-28 06:00:00,26.0,19.0,16.0,0.0,1026.0,92.0,5.0,0.0,0.0
2024-10-28 07:00:00,25.0,18.0,16.0,0.0,1026.0,87.0,5.0,0.0,0.0
2024-10-28 08:00:00,25.0,18.0,18.0,0.0,1027.0,80.0,5.0,0.0,0.0
2024-10-28 09:00:00,27.0,16.0,20.0,0.0,1027.0,78.0,3.0,0.0,0.0
2024-10-28 10:00:00,25.0,17.0,20.0,0.0,1027.0,77.0,2.0,0.0,0.0
2024-10-28 11:00:00,25.0,17.0,20.0,0.0,1027.0,77.0,4.0,0.0,0.0
2024-10-28 12:00:00,21.0,14.0,20.0,0.0,1026.0,77.0,6.0,0.0,0.0
2024-10-28 13:00:00,21.0,14.0,20.0,0.0,1026.0,78.0,7.0,0.0,0.0
2024-10-28 14:00:00,21.0,14.0,19.0,0.0,1025.0,80.0,6.0,0.0,0.0
2024-10-28 15:00:00,22.0,14.0,19.0,0.0,1025.0,80.0,3.0,0.0,0.0
2024-10-28 16:00:00,23.0,14.0,18.0,0.0,1025.0,87.0,1.0,0.0,0.0
2024-10-28 17:00:00,26.0,16.0,17.0,0.0,1025.0,94.0,3.0,0.0,0.0
2024-10-28 18:00:00,30.0,19.0,16.0,0.0,1025.0,96.0,4.0,0.0,0.0
2024-10-28 19:00:00,31.0,22.0,17.0,0.0,1026.0,93.0,2.0,0.0,0.0
2024-10-28 20:00:00,30.0,21.0,17.0,0.0,1026.0,95.0,4.0,0.0,0.0
2024-10-28 21:00:00,32.0,22.0,16.0,0.0,1026.0,95.0,4.0,0.0,0.0
2024-10-28 22:00:00,34.0,24.0,16.0,0.0,1026.0,96.0,5.0,0.0,0.0
2024-10-28 23:00:00,35.0,25.0,16.0,0.0,1026.0,96.0,5.0,0.0,0.0
2024-10-29 00:00:00,33.0,22.0,16.0,0.0,1025.0,96.0,4.0,0.0,0.0
2024-10-29 01:00:00,31.0,19.0,16.0,0.0,1025.0,96.0,3.0,0.0,0.0
2024-10-29 02:00:00,29.0,17.0,16.0,0.0,1025.0,97.0,4.0,0.0,0.0
2024-10-29 03:00:00,29.0,16.0,16.0,0.0,1025.0,97.0,4.0,0.0,0.0
2024-10-29 04:00:00,29.0,15.0,15.0,0.0,1025.0,97.0,3.0,0.0,0.0
2024-10-29 05:00:00,26.0,14.0,15.0,0.0,1025.0,97.0,4.0,0.0,0.0
2024-10-29 06:00:00,26.0,15.0,15.0,0.0,1025.0,97.0,5.0,0.0,0.0
2024-10-29 07:00:00,26.0,13.0,14.0,0.0,1026.0,86.0,4.0,0.0,0.0
2024-10-29 08:00:00,26.0,13.0,16.0,0.0,1026.0,78.0,4.0,0.0,0.0
2024-10-29 09:00:00,29.0,14.0,18.0,0.0,1026.0,76.0,7.0,0.0,0.0
2024-10-29 10:00:00,28.0,14.0,20.0,0.0,1026.0,71.0,5.0,0.0,0.0
2024-10-29 11:00:00,27.0,13.0,20.0,0.0,1025.0,68.0,3.0,0.0,0.0
2024-10-29 12:00:00,27.0,13.0,21.0,0.0,1025.0,68.0,3.0,0.0,0.0
2024-10-29 13:00:00,28.0,14.0,21.0,0.0,1024.0,65.0,5.0,0.0,0.0
2024-10-29 14:00:00,27.0,14.0,21.0,0.0,1024.0,63.0,7.0,0.0,0.0
2024-10-29 15:00:00,29.0,14.0,20.0,0.0,1024.0,65.0,7.0,0.0,0.0
2024-10-29 16:00:00,29.0,14.0,19.0,0.0,1024.0,76.0,3.0,0.0,0.0
2024-10-29 17:00:00,30.0,16.0,17.0,0.0,1024.0,85.0,2.0,0.0,0.0
2024-10-29 18:00:00,29.0,16.0,16.0,0.0,1024.0,88.0,4.0,0.0,0.0
2024-10-29 19:00:00,33.0,17.0,17.0,0.0,1024.0,81.0,4.0,0.0,0.0
2024-10-29 20:00:00,28.0,16.0,16.0,0.0,1024.0,82.0,6.0,0.0,0.0
2024-10-29 21:00:00,28.0,17.0,15.0,0.0,1024.0,83.0,6.0,0.0,0.0
2024-10-29 22:00:00,27.0,16.0,15.0,0.0,1024.0,80.0,6.0,0.0,0.0
2024-10-29 23:00:00,29.0,19.0,15.0,0.0,1024.0,78.0,6.0,0.0,0.0
2024-10-30 00:00:00,22.0,13.0,15.0,0.0,1024.0,76.0,6.0,0.0,0.0
2024-10-30 01:00:00,16.0,9.0,15.0,0.0,1024.0,74.0,5.0,0.0,0.0
2024-10-30 02:00:00,9.0,5.0,15.0,0.0,1024.0,73.0,4.0,0.0,0.0
2024-10-30 03:00:00,8.0,4.0,15.0,0.0,1024.0,74.0,4.0,0.0,0.0
2024-10-30 04:00:00,7.0,3.0,15.0,0.0,1024.0,74.0,3.0,0.0,0.0
2024-10-30 05:00:00,7.0,4.0,14.0,0.0,1024.0,73.0,4.0,0.0,0.0
2024-10-30 06:00:00,8.0,4.0,14.0,0.0,1024.0,73.0,4.0,0.0,0.0
2024-10-30 07:00:00,8.0,4.0,16.0,0.0,1024.0,58.0,17.0,0.0,0.0
2024-10-30 08:00:00,8.0,4.0,19.0,0.0,1024.0,54.0,15.0,0.0,0.0
2024-10-30 09:00:00,8.0,4.0,22.0,0.0,1024.0,48.0,15.0,0.0,0.0
2024-10-30 10:00:00,11.0,4.0,24.0,0.0,1024.0,46.0,12.0,0.0,0.0
2024-10-30 11:00:00,9.0,4.0,24.0,0.0,1024.0,47.0,8.0,0.0,0.0
2024-10-30 12:00:00,12.0,5.0,24.0,0.0,1024.0,43.0,6.0,0.0,0.0
2024-10-30 13:00:00,12.0,5.0,24.0,0.0,1023.0,45.0,3.0,0.0,0.0
2024-10-30 14:00:00,13.0,5.0,22.0,0.0,1024.0,55.0,5.0,0.0,0.0
2024-10-30 15:00:00,19.0,7.0,21.0,0.0,1024.0,61.0,5.0,0.0,0.0
2024-10-30 16:00:00,17.0,7.0,19.0,0.0,1024.0,74.0,3.0,0.0,0.0
2024-10-30 17:00:00,17.0,7.0,17.0,0.0,1024.0,85.0,4.0,0.0,0.0
2024-10-30 18:00:00,19.0,7.0,16.0,0.0,1024.0,85.0,9.0,0.0,0.0
2024-10-30 19:00:00,21.0,8.0,17.0,0.0,1024.0,72.0,4.0,0.0,0.0
2024-10-30 20:00:00,17.0,7.0,16.0,0.0,1024.0,71.0,4.0,0.0,0.0
2024-10-30 21:00:00,15.0,7.0,16.0,0.0,1025.0,70.0,5.0,0.0,0.0
2024-10-30 22:00:00,10.0,5.0,16.0,0.0,1025.0,68.0,5.0,0.0,0.0
2024-10-30 23:00:00,7.0,3.0,15.0,0.0,1025.0,66.0,5.0,0.0,0.0
2024-10-31 00:00:00,6.0,3.0,15.0,0.0,1025.0,64.0,4.0,0.0,0.0
2024-10-31 01:00:00,5.0,2.0,15.0,0.0,1025.0,63.0,4.0,0.0,0.0
2024-10-31 02:00:00,5.0,2.0,15.0,0.0,1025.0,63.0,5.0,0.0,0.0
2024-10-31 03:00:00,5.0,2.0,15.0,0.0,1025.0,63.0,5.0,0.0,0.0
2024-10-31 04:00:00,5.0,2.0,15.0,0.0,1025.0,63.0,4.0,0.0,0.0
2024-10-31 05:00:00,5.0,2.0,14.0,0.0,1025.0,63.0,4.0,0.0,0.0
2024-10-31 06:00:00,5.0,2.0,14.0,0.0,1025.0,64.0,5.0,0.0,0.0
2024-10-31 07:00:00,5.0,2.0,13.0,0.0,1025.0,53.0,9.0,0.0,0.0
2024-10-31 08:00:00,5.0,3.0,16.0,0.0,1026.0,54.0,9.0,0.0,0.0
2024-10-31 09:00:00,6.0,3.0,20.0,0.0,1026.0,45.0,9.0,0.0,0.0
2024-10-31 10:00:00,6.0,3.0,22.0,0.0,1026.0,41.0,8.0,0.0,0.0
2024-10-31 11:00:00,7.0,3.0,23.0,0.0,1026.0,37.0,4.0,0.0,0.0
2024-10-31 12:00:00,7.0,3.0,24.0,0.0,1025.0,36.0,1.0,0.0,0.0
2024-10-31 13:00:00,9.0,4.0,23.0,0.0,1025.0,47.0,4.0,0.0,0.0
2024-10-31 14:00:00,8.0,4.0,22.0,0.0,1025.0,54.0,9.0,0.0,0.0
2024-10-31 15:00:00,8.0,3.0,20.0,0.0,1025.0,56.0,7.0,0.0,0.0
2024-10-31 16:00:00,6.0,3.0,18.0,0.0,1025.0,69.0,1.0,0.0,0.0
2024-10-31 17:00:00,7.0,4.0,16.0,0.0,1025.0,79.0,3.0,0.0,0.0
2024-10-31 18:00:00,10.0,6.0,15.0,0.0,1025.0,82.0,3.0,0.0,0.0
2024-10-31 19:00:00,8.0,5.0,17.0,0.0,1026.0,74.0,5.0,0.0,0.0
2024-10-31 20:00:00,10.0,6.0,16.0,0.0,1026.0,72.0,5.0,0.0,0.0
2024-10-31 21:00:00,11.0,6.0,15.0,0.0,1026.0,72.0,6.0,0.0,0.0
2024-10-31 22:00:00,11.0,6.0,14.0,0.0,1026.0,71.0,5.0,0.0,0.0
2024-10-31 23:00:00,10.0,6.0,14.0,0.0,1025.0,72.0,5.0,0.0,0.0
2024-11-01 00:00:00,9.0,5.0,14.0,0.0,1025.0,73.0,4.0,0.0,0.0
2024-11-01 01:00:00,9.0,5.0,14.0,0.0,1025.0,74.0,4.0,0.0,0.0
2024-11-01 02:00:00,9.0,5.0,14.0,0.0,1025.0,74.0,4.0,0.0,0.0
2024-11-01 03:00:00,9.0,5.0,14.0,0.0,1024.0,73.0,5.0,0.0,0.0
2024-11-01 04:00:00,9.0,5.0,14.0,0.0,1024.0,72.0,5.0,0.0,0.0
2024-11-01 05:00:00,9.0,5.0,14.0,0.0,1024.0,71.0,4.0,0.0,0.0
2024-11-01 06:00:00,9.0,6.0,14.0,0.0,1025.0,71.0,3.0,0.0,0.0
2024-11-01 07:00:00,12.0,8.0,14.0,0.0,1024.0,50.0,13.0,0.0,0.0
2024-11-01 08:00:00,9.0,5.0,17.0,0.0,1025.0,46.0,10.0,0.0,0.0
2024-11-01 09:00:00,11.0,6.0,20.0,0.0,1025.0,40.0,7.0,0.0,0.0
2024-11-01 10:00:00,11.0,6.0,21.0,0.0,1025.0,38.0,4.0,0.0,0.0
2024-11-01 11:00:00,12.0,6.0,22.0,0.0,1025.0,37.0,3.0,0.0,0.0
2024-11-01 12:00:00,12.0,6.0,23.0,0.0,1024.0,38.0,4.0,0.0,0.0
2024-11-01 13:00:00,9.0,5.0,22.0,0.0,1024.0,42.0,4.0,0.0,0.0
2024-11-01 14:00:00,10.0,6.0,21.0,0.0,1023.0,48.0,5.0,0.0,0.0
2024-11-01 15:00:00,17.0,11.0,20.0,0.0,1023.0,57.0,7.0,0.0,0.0
2024-11-01 16:00:00,23.0,16.0,17.0,0.0,1023.0,72.0,4.0,0.0,0.0
2024-11-01 17:00:00,34.0,27.0,15.0,0.0,1023.0,82.0,1.0,0.0,0.0
2024-11-01 18:00:00,32.0,26.0,14.0,0.0,1023.0,88.0,1.0,0.0,0.0
2024-11-01 19:00:00,38.0,30.0,16.0,0.0,1023.0,83.0,5.0,0.0,0.0
2024-11-01 20:00:00,44.0,37.0,15.0,0.0,1023.0,82.0,4.0,0.0,0.0
2024-11-01 21:00:00,45.0,39.0,15.0,0.0,1023.0,82.0,3.0,0.0,0.0
2024-11-01 22:00:00,36.0,29.0,14.0,0.0,1023.0,84.0,5.0,0.0,0.0
2024-11-01 23:00:00,40.0,34.0,14.0,0.0,1023.0,83.0,6.0,0.0,0.0
2024-11-02 00:00:00,37.0,32.0,14.0,0.0,1023.0,81.0,5.0,0.0,0.0
2024-11-02 01:00:00,42.0,36.0,14.0,0.0,1022.0,81.0,5.0,0.0,0.0
2024-11-02 02:00:00,42.0,38.0,14.0,0.0,1022.0,81.0,5.0,0.0,0.0
2024-11-02 03:00:00,41.0,37.0,13.0,0.0,1022.0,82.0,4.0,0.0,0.0
2024-11-02 04:00:00,42.0,37.0,13.0,0.0,1022.0,82.0,4.0,0.0,0.0
2024-11-02 05:00:00,43.0,38.0,13.0,0.0,1022.0,82.0,4.0,0.0,0.0
2024-11-02 06:00:00,43.0,38.0,13.0,0.0,1022.0,81.0,4.0,0.0,0.0
2024-11-02 07:00:00,47.0,41.0,14.0,0.0,1022.0,73.0,13.0,0.0,0.0
2024-11-02 08:00:00,51.0,45.0,16.0,0.0,1022.0,68.0,13.0,0.0,0.0
2024-11-02 09:00:00,42.0,38.0,19.0,0.0,1023.0,60.0,8.0,0.0,0.0
2024-11-02 10:00:00,39.0,32.0,20.0,0.0,1023.0,58.0,6.0,0.0,0.0
2024-11-02 11:00:00,46.0,39.0,20.0,0.0,1023.0,58.0,5.0,0.0,0.0
2024-11-02 12:00:00,46.0,39.0,20.0,0.0,1022.0,61.0,2.0,0.0,0.0
2024-11-02 13:00:00,46.0,40.0,20.0,0.0,1022.0,64.0,3.0,0.0,0.0
2024-11-02 14:00:00,43.0,37.0,20.0,0.0,1022.0,68.0,5.0,0.0,0.0
2024-11-02 15:00:00,42.0,36.0,19.0,0.0,1022.0,70.0,3.0,0.0,0.0
2024-11-02 16:00:00,43.0,36.0,17.0,0.0,1023.0,80.0,3.0,0.0,0.0
2024-11-02 17:00:00,43.0,36.0,16.0,0.0,1023.0,77.0,9.0,0.0,0.0
2024-11-02 18:00:00,39.0,33.0,14.0,0.0,1024.0,69.0,12.0,0.0,0.0
2024-11-02 19:00:00,31.0,25.0,16.0,0.0,1024.0,62.0,9.0,0.0,0.0
2024-11-02 20:00:00,20.0,14.0,16.0,0.0,1025.0,59.0,12.0,0.0,0.0
2024-11-02 21:00:00,14.0,8.0,15.0,0.0,1026.0,59.0,13.0,0.0,0.0
2024-11-02 22:00:00,14.0,6.0,15.0,0.0,1026.0,61.0,10.0,0.0,0.0
2024-11-02 23:00:00,12.0,6.0,14.0,0.0,1027.0,61.0,6.0,0.0,0.0
2024-11-03 00:00:00,14.0,6.0,14.0,0.0,1027.0,63.0,7.0,0.0,0.0
2024-11-03 01:00:00,10.0,6.0,14.0,0.0,1027.0,66.0,8.0,0.0,0.0
2024-11-03 02:00:00,10.0,5.0,13.0,0.0,1027.0,69.0,9.0,0.0,0.0
2024-11-03 03:00:00,7.0,5.0,13.0,0.0,1026.0,70.0,9.0,0.0,0.0
2024-11-03 04:00:00,7.0,4.0,13.0,0.0,1026.0,70.0,8.0,0.0,0.0
2024-11-03 05:00:00,5.0,3.0,12.0,0.0,1027.0,71.0,8.0,0.0,0.0
2024-11-03 06:00:00,5.0,4.0,12.0,0.0,1027.0,72.0,8.0,0.0,0.0
2024-11-03 07:00:00,6.0,5.0,14.0,0.0,1027.0,62.0,15.0,0.0,0.0
2024-11-03 08:00:00,7.0,5.0,16.0,0.0,1028.0,65.0,18.0,0.0,0.0
2024-11-03 09:00:00,7.0,5.0,19.0,0.0,1028.0,53.0,20.0,0.0,0.0
2024-11-03 10:00:00,7.0,5.0,20.0,0.0,1028.0,50.0,16.0,0.0,0.0
2024-11-03 11:00:00,8.0,5.0,20.0,0.0,1028.0,47.0,17.0,0.0,0.0
2024-11-03 12:00:00,8.0,5.0,20.0,0.0,1027.0,43.0,18.0,0.0,0.0
2024-11-03 13:00:00,8.0,5.0,20.0,0.0,1027.0,41.0,19.0,0.0,0.0
2024-11-03 14:00:00,8.0,5.0,19.0,0.0,1026.0,41.0,22.0,0.0,0.0
2024-11-03 15:00:00,8.0,5.0,18.0,0.0,1026.0,42.0,22.0,0.0,0.0
2024-11-03 16:00:00,9.0,6.0,16.0,0.0,1026.0,43.0,19.0,0.0,0.0
2024-11-03 17:00:00,11.0,7.0,14.0,0.0,1026.0,48.0,15.0,0.0,0.0
2024-11-03 18:00:00,10.0,6.0,13.0,0.0,1027.0,54.0,13.0,0.0,0.0
2024-11-03 19:00:00,11.0,8.0,14.0,0.0,1027.0,54.0,9.0,0.0,0.0
2024-11-03 20:00:00,9.0,7.0,13.0,0.0,1027.0,55.0,7.0,0.0,0.0
2024-11-03 21:00:00,8.0,6.0,13.0,0.0,1027.0,56.0,6.0,0.0,0.0
2024-11-03 22:00:00,7.0,6.0,12.0,0.0,1027.0,57.0,5.0,0.0,0.0
2024-11-03 23:00:00,7.0,6.0,12.0,0.0,1027.0,58.0,5.0,0.0,0.0
2024-11-04 00:00:00,6.0,5.0,11.0,0.0,1027.0,57.0,5.0,0.0,0.0
2024-11-04 01:00:00,6.0,5.0,11.0,0.0,1027.0,56.0,5.0,0.0,0.0
2024-11-04 02:00:00,7.0,5.0,11.0,0.0,1026.0,55.0,5.0,0.0,0.0
2024-11-04 03:00:00,6.0,5.0,11.0,0.0,1026.0,54.0,5.0,0.0,0.0
2024-11-04 04:00:00,7.0,6.0,10.0,0.0,1026.0,53.0,4.0,0.0,0.0
2024-11-04 05:00:00,8.0,6.0,10.0,0.0,1026.0,51.0,5.0,0.0,0.0
2024-11-04 06:00:00,8.0,6.0,10.0,0.0,1026.0,50.0,6.0,0.0,0.0
2024-11-04 07:00:00,12.0,10.0,10.0,0.0,1026.0,48.0,8.0,0.0,0.0
2024-11-04 08:00:00,8.0,6.0,12.0,0.0,1026.0,50.0,8.0,0.0,0.0
2024-11-04 09:00:00,13.0,9.0,15.0,0.0,1027.0,42.0,8.0,0.0,0.0
2024-11-04 10:00:00,21.0,13.0,17.0,0.0,1027.0,40.0,5.0,0.0,0.0
2024-11-04 11:00:00,11.0,7.0,18.0,0.0,1027.0,38.0,3.0,0.0,0.0
2024-11-04 12:00:00,8.0,5.0,20.0,0.0,1026.0,39.0,4.0,0.0,0.0
2024-11-04 13:00:00,7.0,5.0,20.0,0.0,1026.0,42.0,7.0,0.0,0.0
2024-11-04 14:00:00,7.0,5.0,20.0,0.0,1026.0,41.0,8.0,0.0,0.0
2024-11-04 15:00:00,8.0,5.0,19.0,0.0,1025.0,46.0,8.0,0.0,0.0
2024-11-04 16:00:00,9.0,5.0,16.0,0.0,1025.0,46.0,12.0,0.0,0.0
2024-11-04 17:00:00,11.0,7.0,13.0,0.0,1026.0,49.0,13.0,0.0,0.0
2024-11-04 18:00:00,11.0,7.0,12.0,0.0,1026.0,53.0,12.0,0.0,0.0
2024-11-04 19:00:00,11.0,7.0,14.0,0.0,1026.0,43.0,6.0,0.0,0.0
2024-11-04 20:00:00,11.0,7.0,13.0,0.0,1026.0,43.0,6.0,0.0,0.0
2024-11-04 21:00:00,10.0,6.0,12.0,0.0,1026.0,40.0,6.0,0.0,0.0
2024-11-04 22:00:00,10.0,6.0,12.0,0.0,1027.0,42.0,8.0,0.0,0.0
2024-11-04 23:00:00,8.0,5.0,11.0,0.0,1026.0,45.0,8.0,0.0,0.0
2024-11-05 00:00:00,6.0,4.0,11.0,0.0,1026.0,44.0,7.0,0.0,0.0
2024-11-05 01:00:00,5.0,4.0,11.0,0.0,1026.0,45.0,7.0,0.0,0.0
2024-11-05 02:00:00,4.0,3.0,11.0,0.0,1026.0,48.0,8.0,0.0,0.0
2024-11-05 03:00:00,5.0,3.0,10.0,0.0,1025.0,50.0,7.0,0.0,0.0
2024-11-05 04:00:00,4.0,3.0,10.0,0.0,1025.0,50.0,6.0,0.0,0.0
2024-11-05 05:00:00,4.0,3.0,10.0,0.0,1025.0,52.0,6.0,0.0,0.0
2024-11-05 06:00:00,4.0,3.0,10.0,0.0,1026.0,53.0,8.0,0.0,0.0
2024-11-05 07:00:00,4.0,3.0,13.0,0.0,1026.0,43.0,18.0,0.0,0.0
2024-11-05 08:00:00,4.0,3.0,16.0,0.0,1026.0,44.0,19.0,0.0,0.0
2024-11-05 09:00:00,5.0,3.0,21.0,0.0,1027.0,38.0,18.0,0.0,0.0
2024-11-05 10:00:00,9.0,4.0,22.0,0.0,1027.0,35.0,15.0,0.0,0.0
2024-11-05 11:00:00,16.0,6.0,22.0,0.0,1026.0,35.0,9.0,0.0,0.0
2024-11-05 12:00:00,21.0,6.0,21.0,0.0,1026.0,35.0,2.0,0.0,0.0
2024-11-05 13:00:00,14.0,5.0,20.0,0.0,1026.0,37.0,2.0,0.0,0.0
2024-11-05 14:00:00,12.0,7.0,19.0,0.0,1026.0,39.0,8.0,0.0,0.0
2024-11-05 15:00:00,14.0,9.0,17.0,0.0,1026.0,43.0,14.0,0.0,0.0
2024-11-05 16:00:00,11.0,8.0,14.0,0.0,1026.0,51.0,15.0,0.0,0.0
2024-11-05 17:00:00,12.0,9.0,12.0,0.0,1026.0,61.0,15.0,0.0,0.0
2024-11-05 18:00:00,15.0,11.0,10.0,0.0,1026.0,69.0,14.0,0.0,0.0
2024-11-05 19:00:00,22.0,14.0,12.0,0.0,1026.0,61.0,7.0,0.0,0.0
2024-11-05 20:00:00,18.0,13.0,11.0,0.0,1026.0,63.0,7.0,0.0,0.0
2024-11-05 21:00:00,17.0,12.0,11.0,0.0,1027.0,64.0,8.0,0.0,0.0
2024-11-05 22:00:00,17.0,12.0,11.0,0.0,1027.0,66.0,8.0,0.0,0.0
2024-11-05 23:00:00,13.0,10.0,10.0,0.0,1027.0,66.0,8.0,0.0,0.0
2024-11-06 00:00:00,12.0,9.0,10.0,0.0,1027.0,67.0,8.0,0.0,0.0
2024-11-06 01:00:00,9.0,7.0,10.0,0.0,1027.0,68.0,8.0,0.0,0.0
2024-11-06 02:00:00,10.0,8.0,10.0,0.0,1027.0,68.0,8.0,0.0,0.0
2024-11-06 03:00:00,9.0,7.0,10.0,0.0,1027.0,68.0,8.0,0.0,0.0
2024-11-06 04:00:00,9.0,7.0,10.0,0.0,1027.0,67.0,8.0,0.0,0.0
2024-11-06 05:00:00,9.0,7.0,9.0,0.0,1028.0,66.0,8.0,0.0,0.0
2024-11-06 06:00:00,9.0,7.0,9.0,0.0,1028.0,66.0,7.0,0.0,0.0
2024-11-06 07:00:00,10.0,7.0,10.0,0.0,1028.0,54.0,21.0,0.0,0.0
2024-11-06 08:00:00,10.0,8.0,12.0,0.0,1029.0,55.0,21.0,0.0,0.0
2024-11-06 09:00:00,12.0,9.0,16.0,0.0,1029.0,45.0,18.0,0.0,0.0
2024-11-06 10:00:00,16.0,12.0,18.0,0.0,1030.0,46.0,14.0,0.0,0.0
2024-11-06 11:00:00,15.0,9.0,19.0,0.0,1029.0,44.0,9.0,0.0,0.0
2024-11-06 12:00:00,19.0,11.0,19.0,0.0,1029.0,41.0,5.0,0.0,0.0
2024-11-06 13:00:00,22.0,17.0,19.0,0.0,1028.0,41.0,4.0,0.0,0.0
2024-11-06 14:00:00,28.0,24.0,18.0,0.0,1029.0,43.0,4.0,0.0,0.0
2024-11-06 15:00:00,32.0,27.0,17.0,0.0,1029.0,49.0,8.0,0.0,0.0
2024-11-06 16:00:00,31.0,26.0,14.0,0.0,1029.0,56.0,11.0,0.0,0.0
2024-11-06 17:00:00,33.0,27.0,12.0,0.0,1029.0,64.0,12.0,0.0,0.0
2024-11-06 18:00:00,30.0,26.0,10.0,0.0,1029.0,72.0,12.0,0.0,0.0
2024-11-06 19:00:00,34.0,30.0,12.0,0.0,1030.0,65.0,6.0,0.0,0.0
2024-11-06 20:00:00,37.0,32.0,12.0,0.0,1030.0,67.0,6.0,0.0,0.0
2024-11-06 21:00:00,36.0,33.0,11.0,0.0,1030.0,67.0,7.0,0.0,0.0
2024-11-06 22:00:00,33.0,30.0,11.0,0.0,1031.0,68.0,7.0,0.0,0.0
2024-11-06 23:00:00,32.0,29.0,10.0,0.0,1031.0,71.0,7.0,0.0,0.0
2024-11-07 00:00:00,32.0,29.0,10.0,0.0,1031.0,70.0,7.0,0.0,0.0
2024-11-07 01:00:00,23.0,21.0,10.0,0.0,1030.0,69.0,8.0,0.0,0.0
2024-11-07 02:00:00,25.0,23.0,10.0,0.0,1030.0,68.0,7.0,0.0,0.0
2024-11-07 03:00:00,22.0,20.0,10.0,0.0,1030.0,68.0,7.0,0.0,0.0
2024-11-07 04:00:00,23.0,21.0,10.0,0.0,1030.0,67.0,7.0,0.0,0.0
2024-11-07 05:00:00,21.0,20.0,10.0,0.0,1030.0,67.0,6.0,0.0,0.0
2024-11-07 06:00:00,21.0,19.0,10.0,0.0,1030.0,68.0,7.0,0.0,0.0
2024-11-07 07:00:00,15.0,14.0,11.0,0.0,1031.0,58.0,21.0,0.0,0.0
2024-11-07 08:00:00,18.0,16.0,13.0,0.0,1031.0,57.0,20.0,0.0,0.0
2024-11-07 09:00:00,20.0,17.0,17.0,0.0,1031.0,49.0,17.0,0.0,0.0
2024-11-07 10:00:00,29.0,22.0,18.0,0.0,1031.0,45.0,12.0,0.0,0.0
2024-11-07 11:00:00,31.0,24.0,19.0,0.0,1031.0,43.0,5.0,0.0,0.0
2024-11-07 12:00:00,32.0,25.0,18.0,0.0,1031.0,44.0,1.0,0.0,0.0
2024-11-07 13:00:00,25.0,22.0,18.0,0.0,1030.0,46.0,2.0,0.0,0.0
2024-11-07 14:00:00,24.0,21.0,17.0,0.0,1030.0,47.0,1.0,0.0,0.0
2024-11-07 15:00:00,25.0,21.0,16.0,0.0,1030.0,54.0,3.0,0.0,0.0
2024-11-07 16:00:00,39.0,24.0,14.0,0.0,1030.0,65.0,5.0,0.0,0.0
2024-11-07 17:00:00,28.0,25.0,12.0,0.0,1030.0,65.0,7.0,0.0,0.0
2024-11-07 18:00:00,31.0,27.0,10.0,0.0,1030.0,71.0,7.0,0.0,0.0
2024-11-07 19:00:00,34.0,31.0,12.0,0.0,1030.0,66.0,6.0,0.0,0.0
2024-11-07 20:00:00,36.0,32.0,11.0,0.0,1030.0,68.0,6.0,0.0,0.0
2024-11-07 21:00:00,34.0,31.0,11.0,0.0,1030.0,69.0,6.0,0.0,0.0
2024-11-07 22:00:00,31.0,29.0,11.0,0.0,1030.0,70.0,6.0,0.0,0.0
2024-11-07 23:00:00,32.0,30.0,11.0,0.0,1030.0,72.0,6.0,0.0,0.0
2024-11-08 00:00:00,29.0,27.0,11.0,0.0,1029.0,72.0,5.0,0.0,0.0
2024-11-08 01:00:00,31.0,29.0,10.0,0.0,1029.0,72.0,5.0,0.0,0.0
2024-11-08 02:00:00,30.0,27.0,10.0,0.0,1029.0,72.0,5.0,0.0,0.0
2024-11-08 03:00:00,32.0,29.0,10.0,0.0,1028.0,72.0,5.0,0.0,0.0
2024-11-08 04:00:00,29.0,26.0,10.0,0.0,1028.0,72.0,5.0,0.0,0.0
2024-11-08 05:00:00,27.0,24.0,10.0,0.0,1028.0,72.0,5.0,0.0,0.0
2024-11-08 06:00:00,28.0,25.0,10.0,0.0,1028.0,73.0,6.0,0.0,0.0
2024-11-08 07:00:00,37.0,35.0,8.0,0.0,1028.0,66.0,8.0,0.0,0.0
2024-11-08 08:00:00,27.0,24.0,10.0,0.0,1028.0,62.0,8.0,0.0,0.0
2024-11-08 09:00:00,29.0,26.0,15.0,0.0,1029.0,53.0,9.0,0.0,0.0
2024-11-08 10:00:00,29.0,25.0,17.0,0.0,1029.0,47.0,9.0,0.0,0.0
2024-11-08 11:00:00,33.0,28.0,18.0,0.0,1029.0,43.0,10.0,0.0,0.0
2024-11-08 12:00:00,30.0,25.0,20.0,0.0,1028.0,39.0,10.0,0.0,0.0
2024-11-08 13:00:00,27.0,23.0,20.0,0.0,1028.0,38.0,10.0,0.0,0.0
2024-11-08 14:00:00,33.0,26.0,19.0,0.0,1028.0,41.0,13.0,0.0,0.0
2024-11-08 15:00:00,32.0,26.0,17.0,0.0,1028.0,46.0,15.0,0.0,0.0
2024-11-08 16:00:00,52.0,29.0,15.0,0.0,1028.0,52.0,16.0,0.0,0.0
2024-11-08 17:00:00,31.0,25.0,14.0,0.0,1028.0,58.0,15.0,0.0,0.0
2024-11-08 18:00:00,30.0,25.0,12.0,0.0,1029.0,64.0,14.0,0.0,0.0
2024-11-08 19:00:00,36.0,30.0,13.0,0.0,1029.0,63.0,8.0,0.0,0.0
2024-11-08 20:00:00,38.0,30.0,12.0,0.0,1029.0,65.0,8.0,0.0,0.0
2024-11-08 21:00:00,36.0,31.0,12.0,0.0,1029.0,65.0,8.0,0.0,0.0
2024-11-08 22:00:00,34.0,31.0,12.0,0.0,1029.0,66.0,8.0,0.0,0.0
2024-11-08 23:00:00,34.0,30.0,12.0,0.0,1029.0,68.0,8.0,0.0,0.0
2024-11-09 00:00:00,32.0,29.0,11.0,0.0,1029.0,70.0,7.0,0.0,0.0
2024-11-09 01:00:00,31.0,27.0,11.0,0.0,1028.0,71.0,8.0,0.0,0.0
2024-11-09 02:00:00,28.0,25.0,11.0,0.0,1028.0,72.0,8.0,0.0,0.0
2024-11-09 03:00:00,22.0,20.0,10.0,0.0,1028.0,73.0,8.0,0.0,0.0
2024-11-09 04:00:00,20.0,18.0,10.0,0.0,1027.0,74.0,8.0,0.0,0.0
2024-11-09 05:00:00,21.0,19.0,10.0,0.0,1027.0,74.0,8.0,0.0,0.0
2024-11-09 06:00:00,20.0,18.0,10.0,0.0,1027.0,75.0,8.0,0.0,0.0
2024-11-09 07:00:00,18.0,16.0,11.0,0.0,1027.0,56.0,15.0,0.0,0.0
2024-11-09 08:00:00,17.0,15.0,14.0,0.0,1027.0,52.0,15.0,0.0,0.0
2024-11-09 09:00:00,17.0,15.0,17.0,0.0,1027.0,43.0,13.0,0.0,0.0
2024-11-09 10:00:00,22.0,16.0,19.0,0.0,1027.0,43.0,9.0,0.0,0.0
2024-11-09 11:00:00,20.0,16.0,19.0,0.0,1027.0,45.0,6.0,0.0,0.0
2024-11-09 12:00:00,19.0,15.0,18.0,0.0,1026.0,46.0,8.0,0.0,0.0
2024-11-09 13:00:00,28.0,23.0,18.0,0.0,1025.0,47.0,9.0,0.0,0.0
2024-11-09 14:00:00,30.0,26.0,17.0,0.0,1025.0,47.0,12.0,0.0,0.0
2024-11-09 15:00:00,32.0,27.0,16.0,0.0,1025.0,50.0,15.0,0.0,0.0
2024-11-09 16:00:00,35.0,30.0,14.0,0.0,1025.0,56.0,15.0,0.0,0.0
2024-11-09 17:00:00,31.0,28.0,11.0,0.0,1025.0,68.0,12.0,0.0,0.0
2024-11-09 18:00:00,31.0,26.0,10.0,0.0,1025.0,73.0,12.0,0.0,0.0
2024-11-09 19:00:00,38.0,32.0,12.0,0.0,1025.0,67.0,7.0,0.0,0.0
2024-11-09 20:00:00,40.0,34.0,11.0,0.0,1025.0,68.0,6.0,0.0,0.0
2024-11-09 21:00:00,37.0,34.0,11.0,0.0,1025.0,69.0,6.0,0.0,0.0
2024-11-09 22:00:00,35.0,31.0,10.0,0.0,1025.0,68.0,6.0,0.0,0.0
2024-11-09 23:00:00,28.0,26.0,10.0,0.0,1024.0,67.0,5.0,0.0,0.0
2024-11-10 00:00:00,27.0,24.0,10.0,0.0,1024.0,66.0,5.0,0.0,0.0
2024-11-10 01:00:00,31.0,28.0,10.0,0.0,1024.0,64.0,5.0,0.0,0.0
2024-11-10 02:00:00,19.0,17.0,10.0,0.0,1024.0,63.0,6.0,0.0,0.0
2024-11-10 03:00:00,15.0,14.0,10.0,0.0,1023.0,62.0,5.0,0.0,0.0
2024-11-10 04:00:00,16.0,14.0,10.0,0.0,1023.0,60.0,5.0,0.0,0.0
2024-11-10 05:00:00,16.0,14.0,10.0,0.0,1023.0,57.0,5.0,0.0,0.0
2024-11-10 06:00:00,18.0,15.0,9.0,0.0,1023.0,56.0,6.0,0.0,0.0
2024-11-10 07:00:00,15.0,13.0,13.0,0.0,1023.0,36.0,24.0,0.0,0.0
2024-11-10 08:00:00,14.0,11.0,15.0,0.0,1023.0,36.0,23.0,0.0,0.0
2024-11-10 09:00:00,13.0,11.0,19.0,0.0,1023.0,38.0,20.0,0.0,0.0
2024-11-10 10:00:00,14.0,10.0,21.0,0.0,1023.0,30.0,17.0,0.0,0.0
2024-11-10 11:00:00,16.0,10.0,21.0,0.0,1023.0,31.0,14.0,0.0,0.0
2024-11-10 12:00:00,14.0,9.0,20.0,0.0,1023.0,32.0,15.0,0.0,0.0
2024-11-10 13:00:00,13.0,9.0,19.0,0.0,1022.0,33.0,21.0,0.0,0.0
2024-11-10 14:00:00,12.0,9.0,17.0,0.0,1022.0,36.0,26.0,0.0,0.0
2024-11-10 15:00:00,12.0,9.0,16.0,0.0,1022.0,37.0,26.0,0.0,0.0
2024-11-10 16:00:00,14.0,10.0,14.0,0.0,1022.0,38.0,22.0,0.0,0.0
2024-11-10 17:00:00,12.0,10.0,11.0,0.0,1023.0,45.0,18.0,0.0,0.0
2024-11-10 18:00:00,13.0,10.0,9.0,0.0,1023.0,55.0,17.0,0.0,0.0
2024-11-10 19:00:00,11.0,8.0,12.0,0.0,1023.0,44.0,12.0,0.0,0.0
2024-11-10 20:00:00,11.0,8.0,12.0,0.0,1024.0,46.0,13.0,0.0,0.0
2024-11-10 21:00:00,11.0,8.0,12.0,0.0,1024.0,49.0,14.0,0.0,0.0
2024-11-10 22:00:00,13.0,8.0,11.0,0.0,1024.0,50.0,14.0,0.0,0.0
2024-11-10 23:00:00,18.0,12.0,11.0,0.0,1024.0,53.0,14.0,0.0,0.0
2024-11-11 00:00:00,20.0,14.0,11.0,0.0,1024.0,57.0,14.0,0.0,0.0
2024-11-11 01:00:00,20.0,16.0,10.0,0.0,1024.0,59.0,13.0,0.0,0.0
2024-11-11 02:00:00,20.0,17.0,10.0,0.0,1024.0,60.0,13.0,0.0,0.0
2024-11-11 03:00:00,20.0,17.0,10.0,0.0,1024.0,60.0,14.0,0.0,0.0
2024-11-11 04:00:00,24.0,19.0,10.0,0.0,1024.0,60.0,15.0,0.0,0.0
2024-11-11 05:00:00,21.0,17.0,10.0,0.0,1025.0,61.0,15.0,0.0,0.0
2024-11-11 06:00:00,21.0,18.0,10.0,0.0,1025.0,62.0,16.0,0.0,0.0
2024-11-11 07:00:00,21.0,17.0,8.0,0.0,1025.0,65.0,8.0,0.0,0.0
2024-11-11 08:00:00,27.0,19.0,10.0,0.0,1025.0,58.0,8.0,0.0,0.0
2024-11-11 09:00:00,36.0,22.0,13.0,0.0,1026.0,47.0,10.0,0.0,0.0
2024-11-11 10:00:00,37.0,22.0,14.0,0.0,1026.0,42.0,13.0,0.0,0.0
2024-11-11 11:00:00,36.0,22.0,15.0,0.0,1025.0,37.0,17.0,0.0,0.0
2024-11-11 12:00:00,33.0,23.0,15.0,0.0,1025.0,35.0,23.0,0.0,0.0
2024-11-11 13:00:00,36.0,25.0,15.0,0.0,1024.0,36.0,27.0,0.0,0.0
2024-11-11 14:00:00,34.0,24.0,14.0,0.0,1024.0,37.0,29.0,0.0,0.0
2024-11-11 15:00:00,28.0,22.0,13.0,0.0,1024.0,39.0,27.0,0.0,0.0
2024-11-11 16:00:00,31.0,22.0,11.0,0.0,1024.0,43.0,25.0,0.0,0.0
2024-11-11 17:00:00,39.0,26.0,10.0,0.0,1024.0,47.0,21.0,0.0,0.0
2024-11-11 18:00:00,34.0,26.0,8.0,0.0,1024.0,51.0,21.0,0.0,0.0
2024-11-11 19:00:00,32.0,26.0,8.0,0.0,1024.0,55.0,13.0,0.0,0.0
2024-11-11 20:00:00,28.0,25.0,8.0,0.0,1024.0,56.0,10.0,0.0,0.0
2024-11-11 21:00:00,26.0,23.0,7.0,0.0,1024.0,58.0,9.0,0.0,0.0
2024-11-11 22:00:00,24.0,22.0,7.0,0.0,1024.0,58.0,8.0,0.0,0.0
2024-11-11 23:00:00,23.0,21.0,7.0,0.0,1024.0,58.0,8.0,0.0,0.0
2024-11-12 00:00:00,27.0,22.0,6.0,0.0,1024.0,59.0,8.0,0.0,0.0
2024-11-12 01:00:00,23.0,20.0,6.0,0.0,1023.0,59.0,8.0,0.0,0.0
2024-11-12 02:00:00,23.0,21.0,6.0,0.0,1023.0,60.0,9.0,0.0,0.0
2024-11-12 03:00:00,22.0,20.0,6.0,0.0,1023.0,60.0,9.0,0.0,0.0
2024-11-12 04:00:00,22.0,21.0,7.0,0.0,1023.0,61.0,10.0,0.0,0.0
2024-11-12 05:00:00,22.0,20.0,6.0,0.0,1023.0,62.0,10.0,0.0,0.0
2024-11-12 06:00:00,23.0,22.0,6.0,0.0,1023.0,63.0,12.0,0.0,0.0
2024-11-12 07:00:00,22.0,20.0,6.0,0.0,1024.0,70.0,8.0,0.0,0.0
2024-11-12 08:00:00,27.0,22.0,8.0,0.0,1024.0,66.0,9.0,0.0,0.0
2024-11-12 09:00:00,30.0,23.0,12.0,0.0,1024.0,54.0,13.0,0.0,0.0
2024-11-12 10:00:00,27.0,21.0,14.0,0.0,1024.0,49.0,15.0,0.0,0.0
2024-11-12 11:00:00,27.0,20.0,15.0,0.0,1024.0,44.0,20.0,0.0,0.0
2024-11-12 12:00:00,31.0,19.0,15.0,0.0,1024.0,40.0,25.0,0.0,0.0
2024-11-12 13:00:00,29.0,18.0,14.0,0.0,1024.0,39.0,28.0,0.0,0.0
2024-11-12 14:00:00,27.0,16.0,13.0,0.0,1024.0,39.0,29.0,0.0,0.0
2024-11-12 15:00:00,22.0,15.0,12.0,0.0,1024.0,40.0,26.0,0.0,0.0
2024-11-12 16:00:00,20.0,14.0,10.0,0.0,1024.0,43.0,26.0,0.0,0.0
2024-11-12 17:00:00,21.0,16.0,9.0,0.0,1024.0,46.0,24.0,0.0,0.0
2024-11-12 18:00:00,21.0,16.0,9.0,0.0,1025.0,48.0,26.0,0.0,0.0
2024-11-12 19:00:00,23.0,16.0,9.0,0.0,1025.0,51.0,17.0,0.0,0.0
2024-11-12 20:00:00,27.0,17.0,9.0,0.0,1025.0,52.0,15.0,0.0,0.0
2024-11-12 21:00:00,27.0,16.0,9.0,0.0,1026.0,53.0,14.0,0.0,0.0
2024-11-12 22:00:00,24.0,17.0,8.0,0.0,1026.0,55.0,14.0,0.0,0.0
2024-11-12 23:00:00,23.0,18.0,8.0,0.0,1026.0,58.0,15.0,0.0,0.0
2024-11-13 00:00:00,21.0,18.0,8.0,0.0,1025.0,59.0,13.0,0.0,0.0
2024-11-13 01:00:00,17.0,14.0,8.0,0.0,1025.0,60.0,10.0,0.0,0.0
2024-11-13 02:00:00,15.0,13.0,7.0,0.0,1025.0,61.0,9.0,0.0,0.0
2024-11-13 03:00:00,14.0,12.0,7.0,0.0,1025.0,62.0,9.0,0.0,0.0
2024-11-13 04:00:00,12.0,11.0,7.0,0.0,1024.0,62.0,8.0,0.0,0.0
2024-11-13 05:00:00,12.0,10.0,7.0,0.0,1025.0,62.0,7.0,0.0,0.0
2024-11-13 06:00:00,10.0,9.0,6.0,0.0,1025.0,63.0,7.0,0.0,0.0
2024-11-13 07:00:00,9.0,8.0,4.0,0.0,1025.0,80.0,9.0,0.0,0.0
2024-11-13 08:00:00,8.0,7.0,5.0,0.0,1026.0,79.0,10.0,0.0,0.0
2024-11-13 09:00:00,8.0,6.0,8.0,0.0,1026.0,68.0,14.0,0.0,0.0
2024-11-13 10:00:00,13.0,8.0,11.0,0.0,1026.0,60.0,14.0,0.0,0.0
2024-11-13 11:00:00,13.0,8.0,12.0,0.0,1025.0,50.0,15.0,0.0,0.0
2024-11-13 12:00:00,16.0,8.0,13.0,0.0,1024.0,43.0,15.0,0.0,0.0
2024-11-13 13:00:00,14.0,8.0,13.0,0.0,1023.0,40.0,15.0,0.0,0.0
2024-11-13 14:00:00,14.0,8.0,13.0,0.0,1022.0,40.0,19.0,0.0,0.0
2024-11-13 15:00:00,18.0,9.0,12.0,0.0,1022.0,43.0,20.0,0.0,0.0
2024-11-13 16:00:00,16.0,9.0,10.0,0.0,1022.0,47.0,20.0,0.0,0.0
2024-11-13 17:00:00,18.0,11.0,8.0,0.0,1022.0,51.0,19.0,0.0,0.0
2024-11-13 18:00:00,23.0,13.0,7.0,0.0,1022.0,54.0,19.0,0.0,0.0
2024-11-13 19:00:00,23.0,16.0,8.0,0.0,1022.0,55.0,12.0,0.0,0.0
2024-11-13 20:00:00,23.0,19.0,8.0,0.0,1022.0,55.0,13.0,0.0,0.0
2024-11-13 21:00:00,29.0,21.0,8.0,0.0,1023.0,55.0,17.0,0.0,0.0
2024-11-13 22:00:00,31.0,21.0,8.0,0.0,1023.0,54.0,18.0,0.0,0.0
2024-11-13 23:00:00,27.0,21.0,8.0,0.0,1023.0,55.0,14.0,0.0,0.0
2024-11-14 00:00:00,31.0,22.0,8.0,0.0,1023.0,55.0,15.0,0.0,0.0
2024-11-14 01:00:00,32.0,23.0,8.0,0.0,1023.0,56.0,14.0,0.0,0.0
2024-11-14 02:00:00,23.0,19.0,8.0,0.0,1022.0,56.0,15.0,0.0,0.0
2024-11-14 03:00:00,15.0,13.0,8.0,0.0,1022.0,54.0,14.0,0.0,0.0
2024-11-14 04:00:00,11.0,9.0,8.0,0.0,1022.0,52.0,13.0,0.0,0.0
2024-11-14 05:00:00,9.0,8.0,8.0,0.0,1022.0,52.0,14.0,0.0,0.0
2024-11-14 06:00:00,10.0,7.0,7.0,0.0,1023.0,55.0,17.0,0.0,0.0
2024-11-14 07:00:00,7.0,5.0,6.0,0.0,1024.0,61.0,16.0,0.0,0.0
2024-11-14 08:00:00,11.0,5.0,7.0,0.0,1024.0,60.0,13.0,0.0,0.0
2024-11-14 09:00:00,15.0,6.0,7.0,0.0,1024.0,60.0,16.0,0.0,0.0
2024-11-14 10:00:00,12.0,5.0,7.0,0.0,1024.0,67.0,18.0,0.0,0.0
2024-11-14 11:00:00,10.0,4.0,7.0,0.2,1024.0,71.0,18.0,0.0,0.0
2024-11-14 12:00:00,14.0,4.0,9.0,0.0,1023.0,53.0,22.0,0.0,0.0
2024-11-14 13:00:00,7.0,3.0,10.0,0.0,1022.0,49.0,24.0,0.0,0.0
2024-11-14 14:00:00,7.0,3.0,10.0,0.0,1022.0,47.0,27.0,0.0,0.0
2024-11-14 15:00:00,11.0,5.0,9.0,0.0,1022.0,47.0,27.0,0.0,0.0
2024-11-14 16:00:00,10.0,5.0,8.0,0.0,1022.0,49.0,27.0,0.0,0.0
2024-11-14 17:00:00,11.0,5.0,8.0,0.0,1022.0,51.0,24.0,0.0,0.0
2024-11-14 18:00:00,8.0,5.0,8.0,0.0,1023.0,52.0,24.0,0.0,0.0
2024-11-14 19:00:00,9.0,6.0,8.0,0.0,1023.0,57.0,21.0,0.0,0.0
2024-11-14 20:00:00,8.0,7.0,8.0,0.0,1023.0,58.0,20.0,0.0,0.0
2024-11-14 21:00:00,8.0,7.0,8.0,0.0,1024.0,58.0,20.0,0.0,0.0
2024-11-14 22:00:00,9.0,7.0,8.0,0.0,1024.0,59.0,17.0,0.0,0.0
2024-11-14 23:00:00,9.0,7.0,8.0,0.0,1024.0,59.0,17.0,0.0,0.0
2024-11-15 00:00:00,9.0,7.0,8.0,0.0,1024.0,59.0,16.0,0.0,0.0
2024-11-15 01:00:00,9.0,8.0,8.0,0.0,1024.0,58.0,14.0,0.0,0.0
2024-11-15 02:00:00,8.0,7.0,8.0,0.0,1024.0,58.0,13.0,0.0,0.0
2024-11-15 03:00:00,8.0,7.0,8.0,0.0,1023.0,57.0,12.0,0.0,0.0
2024-11-15 04:00:00,7.0,6.0,8.0,0.0,1023.0,57.0,10.0,0.0,0.0
2024-11-15 05:00:00,6.0,6.0,8.0,0.0,1023.0,58.0,9.0,0.0,0.0
2024-11-15 06:00:00,5.0,4.0,8.0,0.0,1024.0,59.0,10.0,0.0,0.0
2024-11-15 07:00:00,9.0,4.0,5.0,0.0,1024.0,67.0,7.0,0.0,0.0
2024-11-15 08:00:00,6.0,4.0,7.0,0.0,1024.0,63.0,5.0,0.0,0.0
2024-11-15 09:00:00,11.0,7.0,8.0,0.0,1024.0,63.0,7.0,0.0,0.0
2024-11-15 10:00:00,14.0,9.0,10.0,0.0,1024.0,57.0,12.0,0.0,0.0
2024-11-15 11:00:00,11.0,5.0,12.0,0.0,1024.0,50.0,15.0,0.0,0.0
2024-11-15 12:00:00,11.0,4.0,13.0,0.0,1024.0,45.0,18.0,0.0,0.0
2024-11-15 13:00:00,9.0,3.0,14.0,0.0,1024.0,43.0,15.0,0.0,0.0
2024-11-15 14:00:00,6.0,3.0,14.0,0.0,1024.0,42.0,16.0,0.0,0.0
2024-11-15 15:00:00,7.0,2.0,13.0,0.0,1024.0,44.0,17.0,0.0,0.0
2024-11-15 16:00:00,15.0,3.0,11.0,0.0,1024.0,48.0,17.0,0.0,0.0
2024-11-15 17:00:00,8.0,4.0,9.0,0.0,1024.0,53.0,15.0,0.0,0.0
2024-11-15 18:00:00,14.0,5.0,8.0,0.0,1025.0,58.0,14.0,0.0,0.0
2024-11-15 19:00:00,9.0,5.0,9.0,0.0,1025.0,58.0,9.0,0.0,0.0
2024-11-15 20:00:00,9.0,6.0,8.0,0.0,1025.0,60.0,8.0,0.0,0.0
2024-11-15 21:00:00,9.0,7.0,8.0,0.0,1025.0,61.0,8.0,0.0,0.0
2024-11-15 22:00:00,9.0,7.0,8.0,0.0,1026.0,62.0,7.0,0.0,0.0
2024-11-15 23:00:00,7.0,5.0,8.0,0.0,1026.0,63.0,7.0,0.0,0.0
2024-11-16 00:00:00,11.0,10.0,8.0,0.0,1026.0,63.0,6.0,0.0,0.0
2024-11-16 01:00:00,7.0,6.0,8.0,0.0,1025.0,64.0,6.0,0.0,0.0
2024-11-16 02:00:00,6.0,5.0,8.0,0.0,1025.0,65.0,6.0,0.0,0.0
2024-11-16 03:00:00,6.0,4.0,7.0,0.0,1025.0,66.0,5.0,0.0,0.0
2024-11-16 04:00:00,6.0,4.0,7.0,0.0,1024.0,67.0,5.0,0.0,0.0
2024-11-16 05:00:00,5.0,4.0,7.0,0.0,1024.0,67.0,5.0,0.0,0.0
2024-11-16 06:00:00,5.0,4.0,7.0,0.0,1024.0,67.0,7.0,0.0,0.0
2024-11-16 07:00:00,6.0,5.0,4.0,0.0,1024.0,70.0,6.0,0.0,0.0
2024-11-16 08:00:00,9.0,5.0,5.0,0.0,1024.0,67.0,10.0,0.0,0.0
2024-11-16 09:00:00,10.0,6.0,8.0,0.0,1024.0,67.0,12.0,0.0,0.0
2024-11-16 10:00:00,15.0,8.0,10.0,0.0,1024.0,58.0,7.0,0.0,0.0
2024-11-16 11:00:00,13.0,8.0,12.0,0.0,1023.0,52.0,4.0,0.0,0.0
2024-11-16 12:00:00,12.0,6.0,13.0,0.0,1022.0,54.0,6.0,0.0,0.0
2024-11-16 13:00:00,10.0,5.0,13.0,0.0,1022.0,58.0,8.0,0.0,0.0
2024-11-16 14:00:00,9.0,6.0,13.0,0.0,1021.0,57.0,10.0,0.0,0.0
2024-11-16 15:00:00,10.0,6.0,12.0,0.0,1021.0,57.0,9.0,0.0,0.0
2024-11-16 16:00:00,11.0,7.0,10.0,0.0,1021.0,64.0,7.0,0.0,0.0
2024-11-16 17:00:00,20.0,14.0,9.0,0.0,1020.0,71.0,6.0,0.0,0.0
2024-11-16 18:00:00,17.0,12.0,7.0,0.0,1020.0,75.0,3.0,0.0,0.0
2024-11-16 19:00:00,22.0,18.0,8.0,0.0,1020.0,76.0,8.0,0.0,0.0
2024-11-16 20:00:00,32.0,27.0,8.0,0.0,1020.0,74.0,8.0,0.0,0.0
2024-11-16 21:00:00,23.0,19.0,7.0,0.0,1020.0,74.0,8.0,0.0,0.0
2024-11-16 22:00:00,24.0,17.0,7.0,0.0,1020.0,74.0,7.0,0.0,0.0
2024-11-16 23:00:00,25.0,18.0,7.0,0.0,1020.0,74.0,6.0,0.0,0.0
2024-11-17 00:00:00,45.0,40.0,7.0,0.0,1019.0,73.0,6.0,0.0,0.0
2024-11-17 01:00:00,26.0,22.0,7.0,0.0,1019.0,73.0,7.0,0.0,0.0
2024-11-17 02:00:00,29.0,24.0,6.0,0.0,1018.0,75.0,8.0,0.0,0.0
2024-11-17 03:00:00,26.0,22.0,5.0,0.0,1018.0,77.0,9.0,0.0,0.0
2024-11-17 04:00:00,27.0,24.0,6.0,0.0,1017.0,78.0,9.0,0.0,0.0
2024-11-17 05:00:00,26.0,24.0,6.0,0.0,1017.0,80.0,8.0,0.0,0.0
2024-11-17 06:00:00,29.0,26.0,6.0,0.0,1017.0,83.0,8.0,0.0,0.0
2024-11-17 07:00:00,30.0,28.0,5.0,0.0,1016.0,74.0,12.0,0.0,0.0
2024-11-17 08:00:00,33.0,31.0,7.0,0.0,1016.0,74.0,12.0,0.0,0.0
2024-11-17 09:00:00,36.0,33.0,10.0,0.0,1016.0,68.0,10.0,0.0,0.0
2024-11-17 10:00:00,45.0,42.0,13.0,0.0,1016.0,59.0,9.0,0.0,0.0
2024-11-17 11:00:00,47.0,43.0,14.0,0.0,1016.0,56.0,11.0,0.0,0.0
2024-11-17 12:00:00,45.0,41.0,15.0,0.0,1015.0,56.0,11.0,0.0,0.0
2024-11-17 13:00:00,45.0,40.0,15.0,0.0,1014.0,58.0,12.0,0.0,0.0
2024-11-17 14:00:00,41.0,38.0,14.0,0.0,1014.0,62.0,14.0,0.0,0.0
2024-11-17 15:00:00,45.0,43.0,13.0,0.0,1013.0,68.0,12.0,0.0,0.0
2024-11-17 16:00:00,54.0,49.0,11.0,0.0,1013.0,78.0,8.0,0.0,0.0
2024-11-17 17:00:00,54.0,47.0,10.0,0.0,1013.0,86.0,4.0,0.0,0.0
2024-11-17 18:00:00,44.0,41.0,9.0,0.0,1013.0,90.0,4.0,0.0,0.0
2024-11-17 19:00:00,38.0,35.0,9.0,0.0,1013.0,90.0,9.0,0.0,0.0
2024-11-17 20:00:00,39.0,35.0,9.0,0.0,1013.0,90.0,9.0,0.0,0.0
2024-11-17 21:00:00,38.0,34.0,8.0,0.0,1013.0,90.0,9.0,0.0,0.0
2024-11-17 22:00:00,37.0,33.0,8.0,0.0,1013.0,90.0,8.0,0.0,0.0
2024-11-17 23:00:00,38.0,35.0,8.0,0.0,1013.0,90.0,8.0,0.0,0.0
2024-11-18 00:00:00,35.0,32.0,8.0,0.0,1013.0,90.0,8.0,0.0,0.0
2024-11-18 01:00:00,35.0,33.0,8.0,0.0,1013.0,91.0,8.0,0.0,0.0
2024-11-18 02:00:00,35.0,33.0,8.0,0.0,1013.0,92.0,7.0,0.0,0.0
2024-11-18 03:00:00,35.0,33.0,8.0,0.0,1013.0,92.0,8.0,0.0,0.0
2024-11-18 04:00:00,36.0,33.0,8.0,0.0,1013.0,91.0,7.0,0.0,0.0
2024-11-18 05:00:00,37.0,34.0,8.0,0.0,1013.0,90.0,6.0,0.0,0.0
2024-11-18 06:00:00,42.0,39.0,8.0,0.0,1013.0,90.0,6.0,0.0,0.0
2024-11-18 07:00:00,58.0,56.0,10.0,0.0,1012.0,99.0,5.0,0.0,0.0
2024-11-18 08:00:00,45.0,41.0,11.0,0.0,1013.0,100.0,6.0,0.0,0.0
2024-11-18 09:00:00,49.0,46.0,13.0,0.0,1013.0,91.0,5.0,0.0,0.0
2024-11-18 10:00:00,50.0,45.0,15.0,0.0,1014.0,80.0,5.0,0.0,0.0
2024-11-18 11:00:00,55.0,50.0,16.0,0.0,1013.0,73.0,3.0,0.0,0.0
2024-11-18 12:00:00,54.0,49.0,16.0,0.0,1013.0,70.0,2.0,0.0,0.0
2024-11-18 13:00:00,39.0,36.0,16.0,0.0,1012.0,65.0,2.0,0.0,0.0
2024-11-18 14:00:00,38.0,35.0,15.0,0.0,1012.0,65.0,5.0,0.0,0.0
2024-11-18 15:00:00,43.0,39.0,15.0,0.0,1012.0,69.0,5.0,0.0,0.0
2024-11-18 16:00:00,40.0,33.0,12.0,0.0,1013.0,81.0,6.0,0.0,0.0
2024-11-18 17:00:00,37.0,31.0,11.0,0.0,1013.0,87.0,5.0,0.0,0.0
2024-11-18 18:00:00,34.0,30.0,10.0,0.0,1013.0,87.0,3.0,0.0,0.0
2024-11-18 19:00:00,41.0,35.0,11.0,0.0,1013.0,84.0,5.0,0.0,0.0
2024-11-18 20:00:00,41.0,36.0,10.0,0.0,1013.0,87.0,6.0,0.0,0.0
2024-11-18 21:00:00,48.0,39.0,10.0,0.0,1014.0,88.0,7.0,0.0,0.0
2024-11-18 22:00:00,47.0,41.0,10.0,0.0,1014.0,88.0,7.0,0.0,0.0
2024-11-18 23:00:00,42.0,38.0,10.0,0.0,1014.0,89.0,7.0,0.0,0.0
2024-11-19 00:00:00,37.0,32.0,10.0,0.0,1013.0,89.0,6.0,0.0,0.0
2024-11-19 01:00:00,34.0,31.0,10.0,0.0,1013.0,89.0,7.0,0.0,0.0
2024-11-19 02:00:00,33.0,29.0,10.0,0.0,1012.0,89.0,6.0,0.0,0.0
2024-11-19 03:00:00,28.0,24.0,10.0,0.0,1012.0,89.0,5.0,0.0,0.0
2024-11-19 04:00:00,24.0,20.0,10.0,0.0,1011.0,88.0,4.0,0.0,0.0
2024-11-19 05:00:00,23.0,19.0,10.0,0.0,1011.0,89.0,4.0,0.0,0.0
2024-11-19 06:00:00,26.0,22.0,10.0,0.0,1011.0,89.0,4.0,0.0,0.0
2024-11-19 07:00:00,28.0,25.0,10.0,0.0,1011.0,85.0,6.0,0.0,0.0
2024-11-19 08:00:00,28.0,24.0,12.0,0.0,1011.0,80.0,5.0,0.0,0.0
2024-11-19 09:00:00,36.0,30.0,14.0,0.0,1011.0,77.0,5.0,0.0,0.0
2024-11-19 10:00:00,42.0,30.0,15.0,0.0,1011.0,77.0,3.0,0.0,0.0
2024-11-19 11:00:00,48.0,31.0,16.0,0.0,1010.0,72.0,4.0,0.0,0.0
2024-11-19 12:00:00,37.0,29.0,16.0,0.0,1009.0,70.0,8.0,0.0,0.0
2024-11-19 13:00:00,37.0,31.0,16.0,0.0,1008.0,71.0,10.0,0.0,0.0
2024-11-19 14:00:00,39.0,32.0,14.0,0.0,1008.0,78.0,12.0,0.0,0.0
2024-11-19 15:00:00,42.0,36.0,13.0,0.1,1007.0,85.0,14.0,0.0,0.0
2024-11-19 16:00:00,45.0,37.0,12.0,0.2,1007.0,88.0,6.0,0.0,0.0
2024-11-19 17:00:00,51.0,44.0,11.0,0.0,1007.0,93.0,4.0,0.0,0.0
2024-11-19 18:00:00,50.0,44.0,10.0,0.0,1007.0,96.0,2.0,0.0,0.0
2024-11-19 19:00:00,53.0,47.0,11.0,0.0,1006.0,95.0,4.0,0.0,0.0
2024-11-19 20:00:00,52.0,47.0,11.0,0.0,1006.0,95.0,4.0,0.0,0.0
2024-11-19 21:00:00,64.0,59.0,11.0,0.0,1005.0,94.0,3.0,0.0,0.0
2024-11-19 22:00:00,54.0,49.0,12.0,0.0,1005.0,91.0,4.0,0.0,0.0
2024-11-19 23:00:00,56.0,51.0,12.0,0.0,1004.0,87.0,8.0,0.0,0.0
2024-11-20 00:00:00,56.0,50.0,12.0,0.0,1002.0,87.0,8.0,0.0,0.0
2024-11-20 01:00:00,50.0,45.0,12.0,0.0,1001.0,88.0,8.0,0.0,0.0
2024-11-20 02:00:00,38.0,33.0,12.0,0.0,1000.0,88.0,9.0,0.0,0.0
2024-11-20 03:00:00,28.0,24.0,12.0,0.0,998.0,88.0,11.0,0.0,0.0
2024-11-20 04:00:00,20.0,15.0,13.0,0.0,997.0,87.0,13.0,0.0,0.0
2024-11-20 05:00:00,11.0,6.0,13.0,0.0,996.0,85.0,17.0,0.0,0.0
2024-11-20 06:00:00,12.0,5.0,13.0,0.0,996.0,84.0,18.0,0.0,0.0
2024-11-20 07:00:00,12.0,5.0,16.0,0.0,995.0,72.0,16.0,0.0,0.0
2024-11-20 08:00:00,11.0,6.0,16.0,0.0,995.0,72.0,14.0,0.0,0.0
2024-11-20 09:00:00,15.0,9.0,16.0,0.0,996.0,71.0,10.0,0.0,0.0
2024-11-20 10:00:00,20.0,16.0,16.0,0.0,996.0,74.0,9.0,0.0,0.0
2024-11-20 11:00:00,43.0,36.0,15.0,0.0,996.0,75.0,10.0,0.0,0.0
2024-11-20 12:00:00,85.0,74.0,14.0,0.0,996.0,77.0,14.0,0.0,0.0
2024-11-20 13:00:00,89.0,78.0,13.0,0.0,996.0,79.0,6.0,0.0,0.0
2024-11-20 14:00:00,77.0,69.0,13.0,0.0,997.0,80.0,17.0,0.0,0.0
2024-11-20 15:00:00,72.0,64.0,12.0,0.0,998.0,67.0,21.0,0.0,0.0
2024-11-20 16:00:00,43.0,34.0,9.0,0.0,999.0,58.0,15.0,0.0,0.0
2024-11-20 17:00:00,10.0,2.0,9.0,0.0,1000.0,56.0,10.0,0.0,0.0
2024-11-20 18:00:00,3.0,2.0,9.0,0.0,1001.0,55.0,10.0,0.0,0.0
2024-11-20 19:00:00,7.0,2.0,9.0,0.0,1002.0,53.0,10.0,0.0,0.0
2024-11-20 20:00:00,5.0,2.0,8.0,0.0,1004.0,54.0,6.0,0.0,0.0
2024-11-20 21:00:00,2.0,2.0,8.0,0.0,1004.0,54.0,3.0,0.0,0.0
2024-11-20 22:00:00,2.0,2.0,7.0,0.0,1005.0,53.0,3.0,0.0,0.0
2024-11-20 23:00:00,2.0,2.0,7.0,0.0,1006.0,52.0,4.0,0.0,0.0
2024-11-21 00:00:00,3.0,2.0,8.0,0.0,1006.0,49.0,9.0,0.0,0.0
2024-11-21 01:00:00,4.0,2.0,8.0,0.0,1006.0,46.0,12.0,0.0,0.0
2024-11-21 02:00:00,2.0,2.0,8.0,0.0,1007.0,46.0,17.0,0.0,0.0
2024-11-21 03:00:00,2.0,2.0,8.0,0.0,1007.0,46.0,15.0,0.0,0.0
2024-11-21 04:00:00,2.0,2.0,8.0,0.0,1008.0,44.0,12.0,0.0,0.0
2024-11-21 05:00:00,2.0,2.0,7.0,0.0,1008.0,42.0,7.0,0.0,0.0
2024-11-21 06:00:00,2.0,2.0,6.0,0.0,1008.0,41.0,9.0,0.0,0.0
2024-11-21 07:00:00,2.0,2.0,6.0,0.3,1008.0,52.0,6.0,0.0,0.0
2024-11-21 08:00:00,3.0,2.0,7.0,0.0,1008.0,53.0,5.0,0.0,0.0
2024-11-21 09:00:00,3.0,2.0,10.0,0.0,1008.0,50.0,7.0,0.0,0.0
2024-11-21 10:00:00,3.0,2.0,13.0,0.0,1008.0,34.0,12.0,0.0,0.0
2024-11-21 11:00:00,3.0,2.0,13.0,0.0,1007.0,29.0,17.0,0.0,0.0
2024-11-21 12:00:00,3.0,2.0,13.0,0.0,1006.0,38.0,21.0,0.0,0.0
2024-11-21 13:00:00,4.0,2.0,13.0,0.0,1005.0,40.0,19.0,0.0,0.0
2024-11-21 14:00:00,5.0,3.0,12.0,0.0,1004.0,30.0,16.0,0.0,0.0
2024-11-21 15:00:00,6.0,3.0,11.0,0.0,1003.0,34.0,12.0,0.0,0.0
2024-11-21 16:00:00,6.0,3.0,10.0,0.0,1002.0,34.0,10.0,0.0,0.0
2024-11-21 17:00:00,6.0,3.0,11.0,0.0,1000.0,44.0,14.0,0.0,0.0
2024-11-21 18:00:00,7.0,4.0,10.0,0.2,999.0,76.0,30.0,0.0,0.0
2024-11-21 19:00:00,6.0,3.0,9.0,2.6,999.0,89.0,24.0,0.0,0.0
2024-11-21 20:00:00,5.0,3.0,10.0,3.5,996.0,88.0,28.0,0.0,0.0
2024-11-21 21:00:00,5.0,3.0,10.0,3.3,994.0,88.0,23.0,0.0,0.0
2024-11-21 22:00:00,4.0,3.0,12.0,4.9,992.0,88.0,25.0,0.0,0.0
2024-11-21 23:00:00,5.0,3.0,13.0,3.7,990.0,90.0,32.0,0.0,0.0
2024-11-22 00:00:00,5.0,3.0,11.0,1.0,989.0,96.0,25.0,0.0,0.0
2024-11-22 01:00:00,5.0,2.0,10.0,0.5,989.0,95.0,16.0,0.0,0.0
2024-11-22 02:00:00,4.0,2.0,10.0,0.3,990.0,94.0,9.0,0.0,0.0
2024-11-22 03:00:00,3.0,2.0,10.0,0.0,990.0,92.0,6.0,0.0,0.0
2024-11-22 04:00:00,3.0,2.0,10.0,0.0,990.0,89.0,6.0,0.0,0.0
2024-11-22 05:00:00,2.0,2.0,10.0,0.0,990.0,87.0,8.0,0.0,0.0
2024-11-22 06:00:00,2.0,2.0,11.0,0.0,992.0,85.0,14.0,0.0,0.0
2024-11-22 07:00:00,2.0,2.0,9.0,0.0,993.0,85.0,20.0,0.0,0.0
2024-11-22 08:00:00,3.0,2.0,9.0,0.0,995.0,81.0,20.0,0.0,0.0
2024-11-22 09:00:00,5.0,4.0,9.0,0.0,996.0,75.0,10.0,0.0,0.0
2024-11-22 10:00:00,6.0,5.0,9.0,0.0,998.0,81.0,18.0,0.0,0.0
2024-11-22 11:00:00,4.0,2.0,8.0,0.2,999.0,82.0,26.0,0.0,0.0
2024-11-22 12:00:00,3.0,2.0,6.0,0.7,1001.0,83.0,23.0,0.0,0.0
2024-11-22 13:00:00,2.0,2.0,5.0,1.0,1002.0,82.0,16.0,0.0,0.0
2024-11-22 14:00:00,3.0,2.0,6.0,0.2,1004.0,77.0,12.0,0.0,0.0
2024-11-22 15:00:00,2.0,2.0,5.0,0.0,1006.0,74.0,10.0,0.0,0.0
2024-11-22 16:00:00,3.0,2.0,4.0,0.0,1008.0,78.0,3.0,0.0,0.0
2024-11-22 17:00:00,3.0,2.0,4.0,0.0,1009.0,73.0,4.0,0.0,0.0
2024-11-22 18:00:00,5.0,3.0,3.0,0.0,1010.0,72.0,4.0,0.0,0.0
2024-11-22 19:00:00,9.0,5.0,4.0,0.0,1012.0,61.0,4.0,0.0,0.0
2024-11-22 20:00:00,6.0,4.0,4.0,0.0,1013.0,61.0,6.0,0.0,0.0
2024-11-22 21:00:00,6.0,4.0,3.0,0.0,1014.0,70.0,10.0,0.0,0.0
2024-11-22 22:00:00,7.0,6.0,4.0,0.0,1015.0,67.0,8.0,0.0,0.0
2024-11-22 23:00:00,8.0,6.0,5.0,0.0,1016.0,63.0,1.0,0.0,0.0
2024-11-23 00:00:00,6.0,5.0,5.0,0.0,1018.0,58.0,10.0,0.0,0.0
2024-11-23 01:00:00,6.0,5.0,5.0,0.0,1018.0,58.0,8.0,0.0,0.0
2024-11-23 02:00:00,5.0,4.0,5.0,0.0,1019.0,56.0,8.0,0.0,0.0
2024-11-23 03:00:00,5.0,4.0,5.0,0.0,1020.0,54.0,7.0,0.0,0.0
2024-11-23 04:00:00,3.0,2.0,5.0,0.0,1020.0,52.0,6.0,0.0,0.0
2024-11-23 05:00:00,3.0,2.0,5.0,0.0,1021.0,51.0,4.0,0.0,0.0
2024-11-23 06:00:00,4.0,3.0,5.0,0.0,1022.0,50.0,2.0,0.0,0.0
2024-11-23 07:00:00,4.0,3.0,1.0,0.0,1024.0,87.0,8.0,0.0,0.0
2024-11-23 08:00:00,5.0,3.0,2.0,0.0,1025.0,93.0,8.0,0.0,0.0
2024-11-23 09:00:00,10.0,8.0,4.0,0.0,1026.0,95.0,8.0,0.0,0.0
2024-11-23 10:00:00,12.0,10.0,7.0,0.0,1027.0,86.0,8.0,0.0,0.0
2024-11-23 11:00:00,9.0,7.0,9.0,0.0,1028.0,73.0,5.0,0.0,0.0
2024-11-23 12:00:00,4.0,3.0,10.0,0.0,1029.0,58.0,3.0,0.0,0.0
2024-11-23 13:00:00,3.0,2.0,10.0,0.0,1028.0,59.0,5.0,0.0,0.0
2024-11-23 14:00:00,3.0,2.0,10.0,0.0,1029.0,67.0,9.0,0.0,0.0
2024-11-23 15:00:00,3.0,2.0,8.0,0.0,1029.0,76.0,14.0,0.0,0.0
2024-11-23 16:00:00,6.0,4.0,6.0,0.0,1029.0,78.0,17.0,0.0,0.0
2024-11-23 17:00:00,73.0,12.0,4.0,0.0,1030.0,84.0,21.0,0.0,0.0
2024-11-23 18:00:00,5.0,4.0,4.0,0.0,1030.0,81.0,22.0,0.0,0.0
2024-11-23 19:00:00,5.0,4.0,6.0,0.0,1031.0,75.0,11.0,0.0,0.0
2024-11-23 20:00:00,5.0,3.0,6.0,0.0,1031.0,78.0,11.0,0.0,0.0
2024-11-23 21:00:00,5.0,4.0,6.0,0.0,1032.0,81.0,9.0,0.0,0.0
2024-11-23 22:00:00,5.0,4.0,6.0,0.0,1032.0,83.0,9.0,0.0,0.0
2024-11-23 23:00:00,7.0,6.0,6.0,0.0,1032.0,86.0,9.0,0.0,0.0
2024-11-24 00:00:00,7.0,5.0,6.0,0.0,1032.0,81.0,9.0,0.0,0.0
2024-11-24 01:00:00,4.0,3.0,6.0,0.0,1032.0,81.0,6.0,0.0,0.0
2024-11-24 02:00:00,4.0,3.0,6.0,0.0,1032.0,79.0,7.0,0.0,0.0
2024-11-24 03:00:00,6.0,5.0,6.0,0.0,1032.0,80.0,8.0,0.0,0.0
2024-11-24 04:00:00,6.0,5.0,6.0,0.0,1032.0,86.0,9.0,0.0,0.0
2024-11-24 05:00:00,4.0,2.0,6.0,0.0,1032.0,87.0,9.0,0.0,0.0
2024-11-24 06:00:00,4.0,2.0,6.0,0.0,1032.0,86.0,9.0,0.0,0.0
2024-11-24 07:00:00,4.0,3.0,8.0,0.0,1033.0,67.0,11.0,0.0,0.0
2024-11-24 08:00:00,5.0,3.0,9.0,0.0,1033.0,68.0,10.0,0.0,0.0
2024-11-24 09:00:00,8.0,4.0,10.0,0.0,1033.0,66.0,8.0,0.0,0.0
2024-11-24 10:00:00,9.0,6.0,12.0,0.0,1034.0,61.0,8.0,0.0,0.0
2024-11-24 11:00:00,7.0,5.0,12.0,0.0,1034.0,65.0,7.0,0.0,0.0
2024-11-24 12:00:00,10.0,7.0,12.0,0.0,1033.0,68.0,5.0,0.0,0.0
2024-11-24 13:00:00,9.0,7.0,12.0,0.0,1033.0,68.0,4.0,0.0,0.0
2024-11-24 14:00:00,8.0,6.0,12.0,0.0,1033.0,68.0,5.0,0.0,0.0
2024-11-24 15:00:00,11.0,8.0,11.0,0.0,1032.0,71.0,3.0,0.0,0.0
2024-11-24 16:00:00,13.0,10.0,10.0,0.0,1032.0,71.0,0.0,0.0,0.0
2024-11-24 17:00:00,12.0,9.0,9.0,0.0,1032.0,77.0,1.0,0.0,0.0
2024-11-24 18:00:00,17.0,13.0,10.0,0.0,1032.0,75.0,5.0,0.0,0.0
2024-11-24 19:00:00,15.0,12.0,9.0,0.0,1032.0,82.0,8.0,0.0,0.0
2024-11-24 20:00:00,15.0,11.0,9.0,0.0,1032.0,83.0,8.0,0.0,0.0
2024-11-24 21:00:00,18.0,15.0,8.0,0.0,1032.0,83.0,7.0,0.0,0.0
2024-11-24 22:00:00,20.0,18.0,8.0,0.0,1032.0,84.0,5.0,0.0,0.0
2024-11-24 23:00:00,19.0,17.0,8.0,0.0,1032.0,86.0,5.0,0.0,0.0
2024-11-25 00:00:00,20.0,18.0,8.0,0.0,1031.0,87.0,5.0,0.0,0.0
2024-11-25 01:00:00,20.0,17.0,8.0,0.0,1031.0,87.0,6.0,0.0,0.0
2024-11-25 02:00:00,19.0,17.0,8.0,0.0,1030.0,88.0,6.0,0.0,0.0
2024-11-25 03:00:00,22.0,19.0,8.0,0.0,1030.0,88.0,6.0,0.0,0.0
2024-11-25 04:00:00,26.0,23.0,8.0,0.0,1030.0,89.0,6.0,0.0,0.0
2024-11-25 05:00:00,26.0,24.0,8.0,0.0,1029.0,91.0,6.0,0.0,0.0
2024-11-25 06:00:00,41.0,38.0,8.0,0.0,1029.0,90.0,6.0,0.0,0.0
2024-11-25 07:00:00,27.0,24.0,9.0,0.0,1029.0,74.0,7.0,0.0,0.0
2024-11-25 08:00:00,24.0,21.0,11.0,0.0,1029.0,72.0,9.0,0.0,0.0
2024-11-25 09:00:00,32.0,25.0,14.0,0.0,1029.0,66.0,9.0,0.0,0.0
2024-11-25 10:00:00,32.0,22.0,15.0,0.0,1029.0,66.0,4.0,0.0,0.0
2024-11-25 11:00:00,32.0,25.0,14.0,0.0,1028.0,73.0,4.0,0.0,0.0
2024-11-25 12:00:00,28.0,24.0,13.0,0.0,1028.0,75.0,8.0,0.0,0.0
2024-11-25 13:00:00,29.0,25.0,12.0,0.0,1027.0,76.0,6.0,0.0,0.0
2024-11-25 14:00:00,29.0,25.0,12.0,0.0,1026.0,78.0,5.0,0.0,0.0
2024-11-25 15:00:00,30.0,26.0,11.0,0.0,1026.0,81.0,3.0,0.0,0.0
2024-11-25 16:00:00,32.0,28.0,10.0,0.0,1025.0,85.0,3.0,0.0,0.0
2024-11-25 17:00:00,35.0,29.0,10.0,0.0,1025.0,88.0,5.0,0.0,0.0
2024-11-25 18:00:00,35.0,29.0,9.0,0.0,1025.0,88.0,6.0,0.0,0.0
2024-11-25 19:00:00,40.0,33.0,10.0,0.0,1025.0,90.0,8.0,0.0,0.0
2024-11-25 20:00:00,43.0,35.0,10.0,0.0,1024.0,91.0,7.0,0.0,0.0
2024-11-25 21:00:00,39.0,35.0,10.0,0.0,1024.0,90.0,4.0,0.0,0.0
2024-11-25 22:00:00,37.0,33.0,10.0,0.0,1024.0,90.0,2.0,0.0,0.0
2024-11-25 23:00:00,32.0,29.0,10.0,0.0,1024.0,89.0,1.0,0.0,0.0
2024-11-26 00:00:00,34.0,31.0,10.0,0.0,1024.0,89.0,2.0,0.0,0.0
2024-11-26 01:00:00,29.0,26.0,10.0,0.0,1023.0,90.0,3.0,0.0,0.0
2024-11-26 02:00:00,31.0,27.0,9.0,0.0,1023.0,91.0,4.0,0.0,0.0
2024-11-26 03:00:00,30.0,27.0,9.0,0.0,1022.0,92.0,4.0,0.0,0.0
2024-11-26 04:00:00,30.0,27.0,9.0,0.0,1022.0,93.0,5.0,0.0,0.0
2024-11-26 05:00:00,30.0,27.0,9.0,0.0,1022.0,94.0,5.0,0.0,0.0
2024-11-26 06:00:00,30.0,28.0,9.0,0.0,1022.0,94.0,5.0,0.0,0.0
2024-11-26 07:00:00,33.0,30.0,10.0,0.0,1022.0,78.0,5.0,0.0,0.0
2024-11-26 08:00:00,33.0,30.0,11.0,0.0,1022.0,75.0,5.0,0.0,0.0
2024-11-26 09:00:00,37.0,33.0,13.0,0.0,1022.0,67.0,3.0,0.0,0.0
2024-11-26 10:00:00,36.0,31.0,14.0,0.0,1023.0,66.0,3.0,0.0,0.0
2024-11-26 11:00:00,38.0,31.0,13.0,0.1,1023.0,74.0,1.0,0.0,0.0
2024-11-26 12:00:00,37.0,30.0,13.0,0.2,1022.0,82.0,4.0,0.0,0.0
2024-11-26 13:00:00,46.0,36.0,12.0,0.0,1022.0,86.0,5.0,0.0,0.0
2024-11-26 14:00:00,26.0,22.0,12.0,0.2,1022.0,90.0,4.0,0.0,0.0
2024-11-26 15:00:00,29.0,24.0,12.0,0.2,1022.0,94.0,4.0,0.0,0.0
2024-11-26 16:00:00,27.0,22.0,11.0,0.3,1022.0,97.0,4.0,0.0,0.0
2024-11-26 17:00:00,24.0,20.0,10.0,0.4,1022.0,98.0,5.0,0.0,0.0
2024-11-26 18:00:00,39.0,28.0,10.0,0.6,1022.0,98.0,5.0,0.0,0.0
2024-11-26 19:00:00,28.0,24.0,12.0,1.5,1023.0,96.0,4.0,0.0,0.0
2024-11-26 20:00:00,36.0,32.0,12.0,2.4,1023.0,96.0,3.0,0.0,0.0
2024-11-26 21:00:00,27.0,24.0,12.0,1.8,1023.0,96.0,1.0,0.0,0.0
2024-11-26 22:00:00,33.0,30.0,11.0,1.6,1023.0,97.0,4.0,0.0,0.0
2024-11-26 23:00:00,39.0,36.0,12.0,1.3,1023.0,97.0,3.0,0.0,0.0
2024-11-27 00:00:00,26.0,25.0,12.0,2.5,1023.0,97.0,3.0,0.0,0.0
2024-11-27 01:00:00,16.0,15.0,11.0,0.8,1023.0,97.0,3.0,0.0,0.0
2024-11-27 02:00:00,15.0,14.0,11.0,1.5,1022.0,96.0,4.0,0.0,0.0
2024-11-27 03:00:00,14.0,13.0,11.0,1.1,1022.0,94.0,5.0,0.0,0.0
2024-11-27 04:00:00,8.0,7.0,11.0,2.4,1022.0,94.0,6.0,0.0,0.0
2024-11-27 05:00:00,6.0,6.0,11.0,2.8,1022.0,93.0,7.0,0.0,0.0
2024-11-27 06:00:00,7.0,6.0,12.0,3.8,1022.0,91.0,11.0,0.0,0.0
2024-11-27 07:00:00,9.0,9.0,13.0,1.4,1023.0,81.0,2.0,0.0,0.0
2024-11-27 08:00:00,8.0,7.0,14.0,0.4,1023.0,80.0,1.0,0.0,0.0
2024-11-27 09:00:00,6.0,5.0,14.0,0.0,1023.0,77.0,5.0,0.0,0.0
2024-11-27 10:00:00,3.0,2.0,14.0,0.0,1023.0,79.0,8.0,0.0,0.0
2024-11-27 11:00:00,4.0,2.0,14.0,0.3,1024.0,83.0,10.0,0.0,0.0
2024-11-27 12:00:00,5.0,2.0,13.0,1.3,1023.0,86.0,17.0,0.0,0.0
2024-11-27 13:00:00,6.0,3.0,12.0,1.3,1023.0,87.0,18.0,0.0,0.0
2024-11-27 14:00:00,5.0,3.0,12.0,0.8,1023.0,88.0,19.0,0.0,0.0
2024-11-27 15:00:00,6.0,4.0,12.0,0.0,1023.0,85.0,21.0,0.0,0.0
2024-11-27 16:00:00,7.0,3.0,11.0,0.0,1023.0,89.0,14.0,0.0,0.0
2024-11-27 17:00:00,18.0,10.0,10.0,0.0,1023.0,89.0,8.0,0.0,0.0
2024-11-27 18:00:00,8.0,5.0,10.0,0.0,1023.0,88.0,2.0,0.0,0.0
2024-11-27 19:00:00,15.0,11.0,11.0,0.0,1023.0,84.0,4.0,0.0,0.0
2024-11-27 20:00:00,12.0,9.0,10.0,0.0,1024.0,86.0,5.0,0.0,0.0
2024-11-27 21:00:00,17.0,14.0,10.0,0.0,1024.0,87.0,5.0,0.0,0.0
2024-11-27 22:00:00,17.0,14.0,9.0,0.0,1024.0,88.0,5.0,0.0,0.0
2024-11-27 23:00:00,12.0,10.0,9.0,0.0,1024.0,88.0,5.0,0.0,0.0
2024-11-28 00:00:00,14.0,11.0,9.0,0.0,1024.0,88.0,4.0,0.0,0.0
2024-11-28 01:00:00,14.0,11.0,9.0,0.0,1024.0,88.0,6.0,0.0,0.0
2024-11-28 02:00:00,13.0,9.0,9.0,0.0,1024.0,88.0,5.0,0.0,0.0
2024-11-28 03:00:00,11.0,8.0,9.0,0.0,1023.0,88.0,6.0,0.0,0.0
2024-11-28 04:00:00,11.0,8.0,9.0,0.0,1023.0,89.0,4.0,0.0,0.0
2024-11-28 05:00:00,10.0,7.0,9.0,0.0,1023.0,90.0,6.0,0.0,0.0
2024-11-28 06:00:00,11.0,9.0,9.0,0.0,1023.0,91.0,6.0,0.0,0.0
2024-11-28 07:00:00,10.0,8.0,12.0,0.0,1023.0,83.0,6.0,0.0,0.0
2024-11-28 08:00:00,12.0,10.0,13.0,0.0,1023.0,82.0,5.0,0.0,0.0
2024-11-28 09:00:00,13.0,11.0,14.0,0.0,1023.0,81.0,5.0,0.0,0.0
2024-11-28 10:00:00,16.0,14.0,15.0,0.0,1022.0,78.0,5.0,0.0,0.0
2024-11-28 11:00:00,20.0,15.0,15.0,0.0,1022.0,78.0,5.0,0.0,0.0
2024-11-28 12:00:00,21.0,14.0,14.0,0.0,1021.0,82.0,9.0,0.0,0.0
2024-11-28 13:00:00,21.0,14.0,14.0,0.0,1021.0,84.0,17.0,0.0,0.0
2024-11-28 14:00:00,17.0,14.0,14.0,0.0,1020.0,84.0,15.0,0.0,0.0
2024-11-28 15:00:00,23.0,20.0,13.0,0.0,1020.0,85.0,14.0,0.0,0.0
2024-11-28 16:00:00,28.0,23.0,12.0,0.0,1020.0,90.0,10.0,0.0,0.0
2024-11-28 17:00:00,23.0,17.0,12.0,0.1,1021.0,94.0,5.0,0.0,0.0
2024-11-28 18:00:00,20.0,15.0,11.0,0.6,1021.0,96.0,3.0,0.0,0.0
2024-11-28 19:00:00,27.0,22.0,12.0,0.5,1021.0,95.0,4.0,0.0,0.0
2024-11-28 20:00:00,28.0,25.0,11.0,0.0,1022.0,95.0,2.0,0.0,0.0
2024-11-28 21:00:00,26.0,23.0,11.0,0.0,1022.0,95.0,6.0,0.0,0.0
2024-11-28 22:00:00,23.0,20.0,11.0,0.0,1022.0,92.0,4.0,0.0,0.0
2024-11-28 23:00:00,23.0,20.0,11.0,0.0,1022.0,81.0,8.0,0.0,0.0
2024-11-29 00:00:00,17.0,14.0,10.0,0.0,1023.0,77.0,8.0,0.0,0.0
2024-11-29 01:00:00,19.0,16.0,10.0,0.0,1023.0,74.0,7.0,0.0,0.0
2024-11-29 02:00:00,12.0,9.0,10.0,0.0,1024.0,69.0,8.0,0.0,0.0
2024-11-29 03:00:00,6.0,4.0,9.0,0.0,1024.0,67.0,8.0,0.0,0.0
2024-11-29 04:00:00,3.0,2.0,9.0,0.0,1024.0,65.0,8.0,0.0,0.0
2024-11-29 05:00:00,3.0,2.0,9.0,0.0,1024.0,61.0,6.0,0.0,0.0
2024-11-29 06:00:00,3.0,2.0,8.0,0.0,1025.0,59.0,5.0,0.0,0.0
2024-11-29 07:00:00,4.0,3.0,8.0,0.0,1025.0,58.0,6.0,0.0,0.0
2024-11-29 08:00:00,4.0,3.0,10.0,0.0,1026.0,58.0,11.0,0.0,0.0
2024-11-29 09:00:00,8.0,5.0,11.0,0.0,1027.0,58.0,15.0,0.0,0.0
2024-11-29 10:00:00,4.0,2.0,11.0,0.0,1027.0,57.0,19.0,0.0,0.0
2024-11-29 11:00:00,5.0,2.0,12.0,0.0,1027.0,55.0,23.0,0.0,0.0
2024-11-29 12:00:00,4.0,3.0,12.0,0.0,1027.0,52.0,27.0,0.0,0.0
2024-11-29 13:00:00,4.0,2.0,12.0,0.0,1026.0,46.0,24.0,0.0,0.0
2024-11-29 14:00:00,4.0,3.0,11.0,0.0,1026.0,42.0,23.0,0.0,0.0
2024-11-29 15:00:00,3.0,2.0,10.0,0.0,1026.0,44.0,23.0,0.0,0.0
2024-11-29 16:00:00,5.0,3.0,8.0,0.0,1027.0,50.0,24.0,0.0,0.0
2024-11-29 17:00:00,7.0,4.0,7.0,0.0,1027.0,55.0,19.0,0.0,0.0
2024-11-29 18:00:00,7.0,4.0,6.0,0.0,1028.0,55.0,18.0,0.0,0.0
2024-11-29 19:00:00,6.0,4.0,9.0,0.0,1028.0,50.0,8.0,0.0,0.0
2024-11-29 20:00:00,19.0,15.0,8.0,0.0,1028.0,50.0,9.0,0.0,0.0
2024-11-29 21:00:00,15.0,12.0,9.0,0.0,1029.0,49.0,10.0,0.0,0.0
2024-11-29 22:00:00,8.0,5.0,9.0,0.0,1029.0,49.0,13.0,0.0,0.0
2024-11-29 23:00:00,6.0,4.0,8.0,0.0,1029.0,51.0,14.0,0.0,0.0
2024-11-30 00:00:00,12.0,10.0,8.0,0.0,1030.0,52.0,14.0,0.0,0.0
2024-11-30 01:00:00,10.0,10.0,8.0,0.0,1030.0,52.0,13.0,0.0,0.0
2024-11-30 02:00:00,5.0,4.0,8.0,0.0,1030.0,52.0,12.0,0.0,0.0
2024-11-30 03:00:00,3.0,3.0,8.0,0.0,1030.0,52.0,11.0,0.0,0.0
2024-11-30 04:00:00,3.0,3.0,7.0,0.0,1030.0,54.0,13.0,0.0,0.0
2024-11-30 05:00:00,4.0,2.0,7.0,0.0,1030.0,58.0,17.0,0.0,0.0
2024-11-30 06:00:00,4.0,2.0,7.0,0.0,1031.0,59.0,20.0,0.0,0.0
2024-11-30 07:00:00,3.0,2.0,7.0,0.0,1030.0,54.0,5.0,0.0,0.0
2024-11-30 08:00:00,8.0,3.0,8.0,0.0,1030.0,52.0,3.0,0.0,0.0
2024-11-30 09:00:00,5.0,2.0,9.0,0.0,1030.0,48.0,12.0,0.0,0.0
2024-11-30 10:00:00,8.0,2.0,10.0,0.0,1031.0,44.0,16.0,0.0,0.0
2024-11-30 11:00:00,5.0,2.0,11.0,0.0,1030.0,41.0,24.0,0.0,0.0
2024-11-30 12:00:00,5.0,2.0,12.0,0.0,1030.0,39.0,30.0,0.0,0.0
2024-11-30 13:00:00,4.0,2.0,12.0,0.0,1029.0,39.0,31.0,0.0,0.0
2024-11-30 14:00:00,5.0,2.0,11.0,0.0,1029.0,39.0,27.0,0.0,0.0
2024-11-30 15:00:00,4.0,3.0,10.0,0.0,1029.0,42.0,26.0,0.0,0.0
2024-11-30 16:00:00,4.0,3.0,9.0,0.0,1030.0,47.0,23.0,0.0,0.0
2024-11-30 17:00:00,5.0,3.0,8.0,0.0,1029.0,52.0,27.0,0.0,0.0
2024-11-30 18:00:00,5.0,3.0,8.0,0.0,1029.0,53.0,29.0,0.0,0.0
2024-11-30 19:00:00,6.0,5.0,8.0,0.0,1029.0,56.0,21.0,0.0,0.0
2024-11-30 20:00:00,7.0,5.0,8.0,0.0,1030.0,55.0,14.0,0.0,0.0
2024-11-30 21:00:00,8.0,7.0,8.0,0.0,1030.0,55.0,19.0,0.0,0.0
2024-11-30 22:00:00,7.0,5.0,8.0,0.0,1030.0,56.0,20.0,0.0,0.0
2024-11-30 23:00:00,7.0,6.0,8.0,0.0,1029.0,57.0,24.0,0.0,0.0
2024-12-01 00:00:00,8.0,6.0,8.0,0.0,1028.0,57.0,24.0,0.0,0.0
2024-12-01 01:00:00,8.0,6.0,8.0,0.0,1028.0,57.0,24.0,0.0,0.0
2024-12-01 02:00:00,8.0,6.0,9.0,0.0,1027.0,57.0,24.0,0.0,0.0
2024-12-01 03:00:00,8.0,7.0,9.0,0.0,1027.0,56.0,21.0,0.0,0.0
2024-12-01 04:00:00,8.0,7.0,9.0,0.0,1027.0,57.0,18.0,0.0,0.0
2024-12-01 05:00:00,7.0,7.0,9.0,0.0,1027.0,59.0,13.0,0.0,0.0
2024-12-01 06:00:00,7.0,6.0,9.0,0.0,1027.0,61.0,13.0,0.0,0.0
2024-12-01 07:00:00,14.0,12.0,9.0,0.0,1026.0,56.0,18.0,0.0,0.0
2024-12-01 08:00:00,11.0,9.0,10.0,0.0,1026.0,54.0,21.0,0.0,0.0
2024-12-01 09:00:00,8.0,6.0,11.0,0.0,1026.0,52.0,24.0,0.0,0.0
2024-12-01 10:00:00,8.0,6.0,12.0,0.0,1026.0,50.0,26.0,0.0,0.0
2024-12-01 11:00:00,9.0,6.0,13.0,0.0,1026.0,49.0,27.0,0.0,0.0
2024-12-01 12:00:00,9.0,6.0,13.0,0.0,1025.0,47.0,29.0,0.0,0.0
2024-12-01 13:00:00,8.0,6.0,14.0,0.0,1024.0,46.0,26.0,0.0,0.0
2024-12-01 14:00:00,8.0,6.0,13.0,0.0,1024.0,46.0,24.0,0.0,0.0
2024-12-01 15:00:00,7.0,5.0,12.0,0.0,1023.0,48.0,21.0,0.0,0.0
2024-12-01 16:00:00,7.0,5.0,11.0,0.0,1024.0,56.0,15.0,0.0,0.0
2024-12-01 17:00:00,8.0,5.0,9.0,0.0,1024.0,60.0,16.0,0.0,0.0
2024-12-01 18:00:00,7.0,5.0,8.0,0.0,1024.0,64.0,17.0,0.0,0.0
2024-12-01 19:00:00,8.0,7.0,10.0,0.0,1024.0,62.0,12.0,0.0,0.0
2024-12-01 20:00:00,7.0,6.0,10.0,0.0,1024.0,62.0,12.0,0.0,0.0
2024-12-01 21:00:00,6.0,5.0,9.0,0.0,1024.0,64.0,11.0,0.0,0.0
2024-12-01 22:00:00,5.0,4.0,9.0,0.0,1024.0,64.0,10.0,0.0,0.0
2024-12-01 23:00:00,6.0,4.0,8.0,0.0,1023.0,65.0,10.0,0.0,0.0
2024-12-02 00:00:00,5.0,4.0,8.0,0.0,1023.0,65.0,10.0,0.0,0.0
2024-12-02 01:00:00,6.0,5.0,8.0,0.0,1023.0,65.0,9.0,0.0,0.0
2024-12-02 02:00:00,6.0,5.0,8.0,0.0,1022.0,65.0,8.0,0.0,0.0
2024-12-02 03:00:00,6.0,5.0,8.0,0.0,1022.0,65.0,7.0,0.0,0.0
2024-12-02 04:00:00,5.0,5.0,8.0,0.0,1021.0,64.0,8.0,0.0,0.0
2024-12-02 05:00:00,5.0,4.0,8.0,0.0,1022.0,64.0,8.0,0.0,0.0
2024-12-02 06:00:00,7.0,5.0,8.0,0.0,1022.0,63.0,8.0,0.0,0.0
2024-12-02 07:00:00,7.0,5.0,9.0,0.0,1021.0,56.0,9.0,0.0,0.0
2024-12-02 08:00:00,11.0,5.0,10.0,0.0,1021.0,54.0,8.0,0.0,0.0
2024-12-02 09:00:00,10.0,7.0,12.0,0.0,1022.0,50.0,8.0,0.0,0.0
2024-12-02 10:00:00,9.0,6.0,14.0,0.0,1022.0,37.0,8.0,0.0,0.0
2024-12-02 11:00:00,10.0,4.0,15.0,0.0,1021.0,37.0,7.0,0.0,0.0
2024-12-02 12:00:00,10.0,4.0,15.0,0.0,1020.0,37.0,11.0,0.0,0.0
2024-12-02 13:00:00,13.0,4.0,15.0,0.0,1019.0,37.0,17.0,0.0,0.0
2024-12-02 14:00:00,10.0,3.0,14.0,0.0,1019.0,38.0,19.0,0.0,0.0
2024-12-02 15:00:00,12.0,3.0,13.0,0.0,1019.0,42.0,21.0,0.0,0.0
2024-12-02 16:00:00,12.0,3.0,11.0,0.0,1019.0,48.0,18.0,0.0,0.0
2024-12-02 17:00:00,16.0,4.0,9.0,0.0,1019.0,55.0,16.0,0.0,0.0
2024-12-02 18:00:00,9.0,4.0,7.0,0.0,1019.0,63.0,14.0,0.0,0.0
2024-12-02 19:00:00,10.0,5.0,8.0,0.0,1019.0,63.0,8.0,0.0,0.0
2024-12-02 20:00:00,12.0,7.0,8.0,0.0,1019.0,65.0,8.0,0.0,0.0
2024-12-02 21:00:00,8.0,6.0,7.0,0.0,1019.0,67.0,8.0,0.0,0.0
2024-12-02 22:00:00,6.0,5.0,6.0,0.0,1019.0,68.0,8.0,0.0,0.0
2024-12-02 23:00:00,9.0,8.0,6.0,0.0,1018.0,70.0,7.0,0.0,0.0
2024-12-03 00:00:00,5.0,5.0,6.0,0.0,1018.0,70.0,7.0,0.0,0.0
2024-12-03 01:00:00,6.0,5.0,6.0,0.0,1017.0,71.0,7.0,0.0,0.0
2024-12-03 02:00:00,9.0,8.0,6.0,0.0,1017.0,71.0,7.0,0.0,0.0
2024-12-03 03:00:00,5.0,4.0,6.0,0.0,1016.0,72.0,7.0,0.0,0.0
2024-12-03 04:00:00,5.0,4.0,6.0,0.0,1016.0,72.0,7.0,0.0,0.0
2024-12-03 05:00:00,9.0,8.0,6.0,0.0,1016.0,72.0,6.0,0.0,0.0
2024-12-03 06:00:00,7.0,6.0,7.0,0.0,1016.0,72.0,6.0,0.0,0.0
2024-12-03 07:00:00,6.0,5.0,7.0,0.0,1016.0,61.0,9.0,0.0,0.0
2024-12-03 08:00:00,8.0,7.0,8.0,0.0,1017.0,59.0,8.0,0.0,0.0
2024-12-03 09:00:00,8.0,6.0,10.0,0.0,1017.0,54.0,6.0,0.0,0.0
2024-12-03 10:00:00,10.0,7.0,11.0,0.0,1017.0,49.0,8.0,0.0,0.0
2024-12-03 11:00:00,17.0,9.0,12.0,0.0,1017.0,48.0,9.0,0.0,0.0
2024-12-03 12:00:00,22.0,11.0,12.0,0.0,1016.0,48.0,9.0,0.0,0.0
2024-12-03 13:00:00,20.0,9.0,13.0,0.0,1016.0,49.0,9.0,0.0,0.0
2024-12-03 14:00:00,18.0,8.0,12.0,0.0,1016.0,51.0,12.0,0.0,0.0
2024-12-03 15:00:00,13.0,8.0,11.0,0.0,1016.0,52.0,14.0,0.0,0.0
2024-12-03 16:00:00,15.0,8.0,10.0,0.0,1017.0,54.0,14.0,0.0,0.0
2024-12-03 17:00:00,13.0,8.0,9.0,0.0,1017.0,55.0,12.0,0.0,0.0
2024-12-03 18:00:00,13.0,9.0,9.0,0.0,1017.0,60.0,12.0,0.0,0.0
2024-12-03 19:00:00,14.0,9.0,9.0,0.0,1017.0,62.0,9.0,0.0,0.0
2024-12-03 20:00:00,11.0,10.0,9.0,0.0,1017.0,63.0,13.0,0.0,0.0
2024-12-03 21:00:00,20.0,19.0,8.0,0.0,1018.0,67.0,13.0,0.0,0.0
2024-12-03 22:00:00,15.0,13.0,8.0,0.0,1018.0,67.0,11.0,0.0,0.0
2024-12-03 23:00:00,9.0,7.0,8.0,0.0,1018.0,75.0,10.0,0.0,0.0
2024-12-04 00:00:00,7.0,6.0,8.0,0.0,1018.0,74.0,11.0,0.0,0.0
2024-12-04 01:00:00,5.0,4.0,8.0,0.0,1018.0,73.0,12.0,0.0,0.0
2024-12-04 02:00:00,5.0,4.0,8.0,0.0,1018.0,72.0,12.0,0.0,0.0
2024-12-04 03:00:00,4.0,4.0,8.0,0.0,1018.0,72.0,13.0,0.0,0.0
2024-12-04 04:00:00,3.0,3.0,8.0,0.0,1018.0,69.0,13.0,0.0,0.0
2024-12-04 05:00:00,3.0,2.0,8.0,0.0,1018.0,66.0,12.0,0.0,0.0
2024-12-04 06:00:00,6.0,6.0,8.0,0.0,1018.0,63.0,10.0,0.0,0.0
2024-12-04 07:00:00,4.0,3.0,10.0,0.0,1018.0,52.0,21.0,0.0,0.0
2024-12-04 08:00:00,5.0,4.0,10.0,0.0,1018.0,51.0,16.0,0.0,0.0
2024-12-04 09:00:00,9.0,4.0,11.0,0.0,1019.0,50.0,15.0,0.0,0.0
2024-12-04 10:00:00,9.0,4.0,12.0,0.0,1020.0,48.0,14.0,0.0,0.0
2024-12-04 11:00:00,11.0,4.0,12.0,0.0,1019.0,46.0,17.0,0.0,0.0
2024-12-04 12:00:00,12.0,4.0,12.0,0.0,1019.0,45.0,20.0,0.0,0.0
2024-12-04 13:00:00,11.0,4.0,12.0,0.0,1019.0,46.0,22.0,0.0,0.0
2024-12-04 14:00:00,12.0,4.0,11.0,0.0,1019.0,47.0,22.0,0.0,0.0
2024-12-04 15:00:00,10.0,4.0,10.0,0.0,1020.0,49.0,21.0,0.0,0.0
2024-12-04 16:00:00,8.0,3.0,9.0,0.0,1020.0,52.0,19.0,0.0,0.0
2024-12-04 17:00:00,9.0,4.0,8.0,0.0,1021.0,59.0,16.0,0.0,0.0
2024-12-04 18:00:00,12.0,7.0,8.0,0.0,1021.0,59.0,17.0,0.0,0.0
2024-12-04 19:00:00,9.0,4.0,9.0,0.0,1022.0,61.0,17.0,0.0,0.0
2024-12-04 20:00:00,6.0,4.0,9.0,0.0,1022.0,62.0,16.0,0.0,0.0
2024-12-04 21:00:00,4.0,3.0,9.0,0.0,1022.0,60.0,15.0,0.0,0.0
2024-12-04 22:00:00,4.0,3.0,9.0,0.0,1023.0,58.0,14.0,0.0,0.0
2024-12-04 23:00:00,4.0,4.0,9.0,0.0,1023.0,56.0,18.0,0.0,0.0
2024-12-05 00:00:00,4.0,4.0,8.0,0.0,1023.0,56.0,18.0,0.0,0.0
2024-12-05 01:00:00,5.0,4.0,8.0,0.0,1023.0,56.0,17.0,0.0,0.0
2024-12-05 02:00:00,5.0,4.0,8.0,0.0,1023.0,57.0,17.0,0.0,0.0
2024-12-05 03:00:00,4.0,3.0,8.0,0.0,1023.0,58.0,18.0,0.0,0.0
2024-12-05 04:00:00,5.0,4.0,8.0,0.0,1023.0,57.0,18.0,0.0,0.0
2024-12-05 05:00:00,6.0,5.0,7.0,0.0,1024.0,55.0,18.0,0.0,0.0
2024-12-05 06:00:00,5.0,4.0,7.0,0.0,1024.0,53.0,18.0,0.0,0.0
2024-12-05 07:00:00,5.0,4.0,6.0,0.0,1025.0,66.0,11.0,0.0,0.0
2024-12-05 08:00:00,7.0,4.0,7.0,0.0,1025.0,52.0,10.0,0.0,0.0
2024-12-05 09:00:00,9.0,4.0,9.0,0.0,1025.0,42.0,12.0,0.0,0.0
2024-12-05 10:00:00,13.0,4.0,10.0,0.0,1025.0,37.0,16.0,0.0,0.0
2024-12-05 11:00:00,13.0,4.0,11.0,0.0,1025.0,39.0,18.0,0.0,0.0
2024-12-05 12:00:00,6.0,2.0,11.0,0.0,1024.0,39.0,21.0,0.0,0.0
2024-12-05 13:00:00,4.0,2.0,11.0,0.0,1024.0,40.0,25.0,0.0,0.0
2024-12-05 14:00:00,4.0,2.0,10.0,0.0,1024.0,44.0,27.0,0.0,0.0
2024-12-05 15:00:00,5.0,2.0,9.0,0.0,1024.0,46.0,23.0,0.0,0.0
2024-12-05 16:00:00,5.0,2.0,8.0,0.0,1025.0,46.0,22.0,0.0,0.0
2024-12-05 17:00:00,8.0,3.0,7.0,0.0,1024.0,48.0,18.0,0.0,0.0
2024-12-05 18:00:00,10.0,4.0,6.0,0.0,1024.0,53.0,14.0,0.0,0.0
2024-12-05 19:00:00,8.0,5.0,6.0,0.0,1024.0,51.0,12.0,0.0,0.0
2024-12-05 20:00:00,9.0,6.0,5.0,0.0,1024.0,53.0,9.0,0.0,0.0
2024-12-05 21:00:00,8.0,5.0,5.0,0.0,1024.0,56.0,6.0,0.0,0.0
2024-12-05 22:00:00,12.0,6.0,4.0,0.0,1024.0,56.0,7.0,0.0,0.0
2024-12-05 23:00:00,13.0,8.0,4.0,0.0,1023.0,57.0,6.0,0.0,0.0
2024-12-06 00:00:00,7.0,6.0,4.0,0.0,1023.0,58.0,4.0,0.0,0.0
2024-12-06 01:00:00,7.0,6.0,4.0,0.0,1023.0,58.0,4.0,0.0,0.0
2024-12-06 02:00:00,7.0,6.0,3.0,0.0,1022.0,59.0,6.0,0.0,0.0
2024-12-06 03:00:00,6.0,5.0,3.0,0.0,1021.0,58.0,5.0,0.0,0.0
2024-12-06 04:00:00,6.0,5.0,3.0,0.0,1020.0,59.0,6.0,0.0,0.0
2024-12-06 05:00:00,6.0,5.0,3.0,0.0,1019.0,57.0,5.0,0.0,0.0
2024-12-06 06:00:00,6.0,5.0,3.0,0.0,1019.0,56.0,5.0,0.0,0.0
2024-12-06 07:00:00,8.0,7.0,4.0,0.6,1018.0,65.0,6.0,0.0,0.0
2024-12-06 08:00:00,7.0,6.0,5.0,0.0,1017.0,61.0,8.0,0.0,0.0
2024-12-06 09:00:00,8.0,6.0,6.0,0.6,1016.0,56.0,8.0,0.0,0.0
2024-12-06 10:00:00,12.0,9.0,9.0,0.0,1015.0,48.0,12.0,0.0,0.0
2024-12-06 11:00:00,13.0,10.0,11.0,0.0,1014.0,53.0,15.0,0.0,0.0
2024-12-06 12:00:00,9.0,7.0,11.0,0.0,1014.0,61.0,17.0,0.0,0.0
2024-12-06 13:00:00,12.0,7.0,10.0,0.0,1014.0,58.0,14.0,0.0,0.0
2024-12-06 14:00:00,10.0,6.0,9.0,0.0,1014.0,54.0,8.0,0.0,0.0
2024-12-06 15:00:00,9.0,7.0,8.0,0.0,1014.0,59.0,8.0,0.0,0.0
2024-12-06 16:00:00,18.0,10.0,7.0,0.0,1015.0,70.0,6.0,0.0,0.0
2024-12-06 17:00:00,38.0,27.0,5.0,0.0,1016.0,75.0,8.0,0.0,0.0
2024-12-06 18:00:00,45.0,35.0,4.0,0.0,1016.0,87.0,6.0,0.0,0.0
2024-12-06 19:00:00,29.0,23.0,5.0,0.0,1016.0,87.0,8.0,0.0,0.0
2024-12-06 20:00:00,16.0,14.0,4.0,0.0,1016.0,87.0,8.0,0.0,0.0
2024-12-06 21:00:00,25.0,22.0,4.0,0.0,1016.0,86.0,7.0,0.0,0.0
2024-12-06 22:00:00,14.0,12.0,4.0,0.0,1016.0,86.0,7.0,0.0,0.0
2024-12-06 23:00:00,26.0,25.0,4.0,0.0,1016.0,87.0,7.0,0.0,0.0
2024-12-07 00:00:00,43.0,42.0,4.0,0.0,1016.0,88.0,7.0,0.0,0.0
2024-12-07 01:00:00,40.0,39.0,4.0,0.0,1016.0,88.0,6.0,0.0,0.0
2024-12-07 02:00:00,16.0,15.0,5.0,0.0,1016.0,85.0,5.0,0.0,0.0
2024-12-07 03:00:00,8.0,7.0,5.0,0.0,1016.0,83.0,6.0,0.0,0.0
2024-12-07 04:00:00,8.0,7.0,5.0,0.0,1016.0,83.0,8.0,0.0,0.0
2024-12-07 05:00:00,7.0,6.0,4.0,0.0,1016.0,86.0,9.0,0.0,0.0
2024-12-07 06:00:00,31.0,29.0,4.0,0.0,1016.0,84.0,8.0,0.0,0.0
2024-12-07 07:00:00,7.0,6.0,2.0,0.0,1016.0,80.0,8.0,0.0,0.0
2024-12-07 08:00:00,9.0,8.0,2.0,0.0,1016.0,81.0,8.0,0.0,0.0
2024-12-07 09:00:00,12.0,9.0,4.0,0.0,1015.0,71.0,6.0,0.0,0.0
2024-12-07 10:00:00,24.0,20.0,7.0,0.0,1015.0,58.0,6.0,0.0,0.0
2024-12-07 11:00:00,19.0,15.0,8.0,0.0,1014.0,51.0,2.0,0.0,0.0
2024-12-07 12:00:00,15.0,12.0,11.0,0.0,1013.0,47.0,4.0,0.0,0.0
2024-12-07 13:00:00,17.0,12.0,11.0,0.0,1012.0,49.0,4.0,0.0,0.0
2024-12-07 14:00:00,17.0,13.0,11.0,0.0,1010.0,49.0,2.0,0.0,0.0
2024-12-07 15:00:00,20.0,17.0,10.0,0.0,1010.0,68.0,1.0,0.0,0.0
2024-12-07 16:00:00,32.0,22.0,8.0,0.0,1009.0,61.0,3.0,0.0,0.0
2024-12-07 17:00:00,24.0,20.0,7.0,0.0,1008.0,62.0,6.0,0.0,0.0
2024-12-07 18:00:00,21.0,19.0,6.0,0.0,1008.0,66.0,8.0,0.0,0.0
2024-12-07 19:00:00,17.0,14.0,7.0,0.0,1006.0,79.0,9.0,0.0,0.0
2024-12-07 20:00:00,33.0,30.0,7.0,0.0,1005.0,84.0,9.0,0.0,0.0
2024-12-07 21:00:00,24.0,23.0,7.0,0.0,1004.0,83.0,12.0,0.0,0.0
2024-12-07 22:00:00,19.0,17.0,8.0,0.0,1003.0,81.0,13.0,0.0,0.0
2024-12-07 23:00:00,16.0,15.0,9.0,0.0,1002.0,79.0,16.0,0.0,0.0
2024-12-08 00:00:00,22.0,20.0,10.0,0.0,1001.0,76.0,16.0,0.0,0.0
2024-12-08 01:00:00,18.0,16.0,10.0,0.0,1001.0,75.0,15.0,0.0,0.0
2024-12-08 02:00:00,13.0,12.0,10.0,0.0,1000.0,76.0,18.0,0.0,0.0
2024-12-08 03:00:00,12.0,11.0,10.0,0.0,1000.0,71.0,21.0,0.0,0.0
2024-12-08 04:00:00,8.0,6.0,9.0,0.0,1000.0,67.0,22.0,0.0,0.0
2024-12-08 05:00:00,5.0,4.0,9.0,0.0,999.0,65.0,27.0,0.0,0.0
2024-12-08 06:00:00,5.0,4.0,9.0,0.0,998.0,62.0,33.0,0.0,0.0
2024-12-08 07:00:00,6.0,4.0,9.0,0.2,1000.0,58.0,8.0,0.0,0.0
2024-12-08 08:00:00,6.0,5.0,9.0,0.1,1000.0,56.0,12.0,0.0,0.0
2024-12-08 09:00:00,8.0,5.0,9.0,0.0,1001.0,55.0,17.0,0.0,0.0
2024-12-08 10:00:00,11.0,6.0,9.0,0.1,1001.0,55.0,18.0,0.0,0.0
2024-12-08 11:00:00,12.0,8.0,10.0,0.0,1000.0,51.0,21.0,0.0,0.0
2024-12-08 12:00:00,12.0,9.0,8.0,0.6,999.0,70.0,26.0,0.0,0.0
2024-12-08 13:00:00,15.0,10.0,6.0,0.3,998.0,76.0,27.0,0.0,0.0
2024-12-08 14:00:00,16.0,10.0,7.0,1.5,997.0,70.0,25.0,0.0,0.0
2024-12-08 15:00:00,22.0,13.0,6.0,1.6,998.0,72.0,22.0,0.0,0.0
2024-12-08 16:00:00,21.0,13.0,6.0,0.4,998.0,71.0,22.0,0.0,0.0
2024-12-08 17:00:00,14.0,10.0,6.0,0.4,999.0,72.0,27.0,0.0,0.0
2024-12-08 18:00:00,8.0,6.0,6.0,0.1,999.0,74.0,35.0,0.0,0.0
2024-12-08 19:00:00,6.0,3.0,7.0,0.0,1000.0,69.0,42.0,0.0,0.0
2024-12-08 20:00:00,11.0,4.0,7.0,0.0,1001.0,66.0,40.0,0.0,0.0
2024-12-08 21:00:00,6.0,2.0,8.0,0.0,1002.0,63.0,24.0,0.0,0.0
2024-12-08 22:00:00,3.0,2.0,7.0,0.0,1004.0,68.0,23.0,0.0,0.0
2024-12-08 23:00:00,4.0,2.0,8.0,0.1,1004.0,66.0,21.0,0.0,0.0
2024-12-09 00:00:00,5.0,2.0,7.0,0.1,1004.0,69.0,20.0,0.0,0.0
2024-12-09 01:00:00,4.0,2.0,6.0,0.0,1004.0,71.0,18.0,0.0,0.0
2024-12-09 02:00:00,4.0,2.0,6.0,0.0,1004.0,70.0,23.0,0.0,0.0
2024-12-09 03:00:00,5.0,3.0,6.0,0.0,1004.0,69.0,28.0,0.0,0.0
2024-12-09 04:00:00,5.0,3.0,6.0,0.0,1004.0,69.0,28.0,0.0,0.0
2024-12-09 05:00:00,5.0,3.0,5.0,0.0,1005.0,69.0,29.0,0.0,0.0
2024-12-09 06:00:00,4.0,3.0,5.0,0.0,1005.0,68.0,28.0,0.0,0.0
2024-12-09 07:00:00,4.0,3.0,5.0,0.0,1006.0,68.0,27.0,0.0,0.0
2024-12-09 08:00:00,6.0,4.0,6.0,0.0,1006.0,66.0,24.0,0.0,0.0
2024-12-09 09:00:00,8.0,4.0,7.0,0.0,1007.0,66.0,23.0,0.0,0.0
2024-12-09 10:00:00,8.0,4.0,7.0,0.0,1008.0,65.0,22.0,0.0,0.0
2024-12-09 11:00:00,9.0,5.0,8.0,0.0,1008.0,64.0,19.0,0.0,0.0
2024-12-09 12:00:00,7.0,4.0,8.0,0.0,1008.0,64.0,22.0,0.0,0.0
2024-12-09 13:00:00,10.0,6.0,8.0,0.0,1009.0,64.0,22.0,0.0,0.0
2024-12-09 14:00:00,10.0,5.0,7.0,0.0,1010.0,64.0,22.0,0.0,0.0
2024-12-09 15:00:00,8.0,5.0,7.0,0.0,1010.0,64.0,19.0,0.0,0.0
2024-12-09 16:00:00,10.0,6.0,7.0,0.0,1011.0,66.0,19.0,0.0,0.0
2024-12-09 17:00:00,8.0,5.0,6.0,0.1,1011.0,72.0,15.0,0.0,0.0
2024-12-09 18:00:00,6.0,4.0,6.0,0.0,1012.0,70.0,18.0,0.0,0.0
2024-12-09 19:00:00,6.0,3.0,7.0,0.0,1012.0,66.0,20.0,0.0,0.0
2024-12-09 20:00:00,5.0,3.0,7.0,0.0,1012.0,63.0,17.0,0.0,0.0
2024-12-09 21:00:00,5.0,4.0,7.0,0.0,1012.0,62.0,17.0,0.0,0.0
2024-12-09 22:00:00,5.0,3.0,7.0,0.0,1013.0,62.0,18.0,0.0,0.0
2024-12-09 23:00:00,3.0,2.0,7.0,0.0,1014.0,61.0,14.0,0.0,0.0
2024-12-10 00:00:00,3.0,2.0,7.0,0.1,1014.0,63.0,15.0,0.0,0.0
2024-12-10 01:00:00,2.0,2.0,15.717717109118439,0.1696013776068268,1015.9892372602073,67.1219713985895,10.058781057533906,0.0,0.0
2024-12-10 02:00:00,2.0,2.0,15.717717109118439,0.1696013776068268,1015.9892372602073,67.1219713985895,10.058781057533906,0.0,0.0
2024-12-10 03:00:00,2.0,2.0,15.717717109118439,0.1696013776068268,1015.9892372602073,67.1219713985895,10.058781057533906,0.0,0.0
2024-12-10 04:00:00,2.0,2.0,15.717717109118439,0.1696013776068268,1015.9892372602073,67.1219713985895,10.058781057533906,0.0,0.0
2024-12-10 05:00:00,2.0,2.0,15.717717109118439,0.1696013776068268,1015.9892372602073,67.1219713985895,10.058781057533906,0.0,0.0
2024-12-10 06:00:00,4.0,3.0,16.22299498405613,0.16284976093447678,1015.9668616661919,66.92956757515026,9.997394120498655,0.0,0.0
2024-12-10 07:00:00,3.0,2.0,7.0,0.0,1016.871550371947,63.0,27.0,0.0,0.0
2024-12-10 08:00:00,7.0,4.0,8.0,0.0,1017.3341510150865,63.0,24.0,0.0,0.0
2024-12-10 09:00:00,5.0,2.0,9.0,0.0,1016.4263209675024,64.0,24.0,0.0,0.0
2024-12-10 10:00:00,7.0,4.0,9.0,0.0,1017.1368471547985,63.0,23.0,0.0,0.0
2024-12-10 11:00:00,6.0,2.0,10.0,0.0,1017.5848226953685,59.0,21.0,0.0,0.0
2024-12-10 12:00:00,9.0,3.0,10.0,0.0,1017.8603465877089,55.0,24.0,0.0,0.0
2024-12-10 13:00:00,10.0,3.0,10.0,0.0,1018.4195478621772,52.0,24.0,0.0,0.0
2024-12-10 14:00:00,13.0,5.0,9.0,0.0,1018.9070001906995,53.0,24.0,0.0,0.0
2024-12-10 15:00:00,8.0,3.0,9.0,0.0,1019.0851872414694,53.0,22.0,0.0,0.0
2024-12-10 16:00:00,9.0,3.0,8.0,0.0,1019.0709703002635,56.0,21.0,0.0,0.0
2024-12-10 17:00:00,9.0,3.0,7.0,0.0,1019.4836016375502,58.0,19.0,0.0,0.0
2024-12-10 18:00:00,7.0,3.0,7.0,0.0,1018.3393168508901,60.0,23.0,0.0,0.0
2024-12-10 19:00:00,7.0,3.0,7.0,0.0,1020.0,70.0,28.0,0.0,0.0
2024-12-10 20:00:00,5.0,3.0,7.0,0.0,1020.0,71.0,27.0,0.0,0.0
2024-12-10 21:00:00,4.0,2.0,7.0,0.0,1021.0,72.0,25.0,0.0,0.0
2024-12-10 22:00:00,6.0,3.0,6.0,0.0,1021.0,73.0,23.0,0.0,0.0
2024-12-10 23:00:00,6.0,4.0,6.0,0.0,1021.0,73.0,23.0,0.0,0.0
2024-12-11 00:00:00,4.0,3.0,6.0,0.0,1022.0,73.0,23.0,0.0,0.0
2024-12-11 01:00:00,3.0,3.0,6.0,0.0,1022.0,74.0,21.0,0.0,0.0
2024-12-11 02:00:00,3.0,3.0,5.0,0.0,1022.0,76.0,18.0,0.0,0.0
2024-12-11 03:00:00,4.0,3.0,5.0,0.0,1021.0,79.0,17.0,0.0,0.0
2024-12-11 04:00:00,3.0,3.0,4.0,0.0,1022.0,80.0,16.0,0.0,0.0
2024-12-11 05:00:00,3.0,3.0,4.0,0.0,1022.0,81.0,17.0,0.0,0.0
2024-12-11 06:00:00,4.0,3.0,4.0,0.0,1022.0,80.0,18.0,0.0,0.0
2024-12-11 07:00:00,5.0,4.0,6.0,0.0,1022.0,62.0,17.0,0.0,0.0
2024-12-11 08:00:00,4.0,3.0,7.0,0.0,1023.0,58.0,16.0,0.0,0.0
2024-12-11 09:00:00,4.0,3.0,9.0,0.0,1023.0,54.0,15.0,0.0,0.0
2024-12-11 10:00:00,4.0,4.0,11.0,0.0,1024.0,49.0,15.0,0.0,0.0
2024-12-11 11:00:00,4.0,3.0,11.0,0.0,1024.0,50.0,15.0,0.0,0.0
2024-12-11 12:00:00,7.0,3.0,11.0,0.0,1024.0,50.0,12.0,0.0,0.0
2024-12-11 13:00:00,5.0,3.0,11.0,0.0,1023.0,50.0,13.0,0.0,0.0
2024-12-11 14:00:00,5.0,3.0,10.0,0.0,1024.0,50.0,14.0,0.0,0.0
2024-12-11 15:00:00,7.0,3.0,10.0,0.0,1024.0,52.0,14.0,0.0,0.0
2024-12-11 16:00:00,12.0,5.0,8.0,0.0,1024.0,54.0,14.0,0.0,0.0
2024-12-11 17:00:00,9.0,5.0,7.0,0.0,1025.0,62.0,12.0,0.0,0.0
2024-12-11 18:00:00,14.0,8.0,6.0,0.0,1025.0,69.0,12.0,0.0,0.0
2024-12-11 19:00:00,15.0,10.0,6.0,0.0,1026.0,69.0,6.0,0.0,0.0
2024-12-11 20:00:00,14.0,11.0,6.0,0.0,1026.0,70.0,6.0,0.0,0.0
2024-12-11 21:00:00,13.0,10.0,6.0,0.0,1026.0,70.0,6.0,0.0,0.0
2024-12-11 22:00:00,9.0,7.0,5.0,0.0,1027.0,70.0,5.0,0.0,0.0
2024-12-11 23:00:00,7.0,6.0,5.0,0.0,1027.0,70.0,5.0,0.0,0.0
2024-12-12 00:00:00,7.0,6.0,5.0,0.0,1027.0,70.0,5.0,0.0,0.0
2024-12-12 01:00:00,6.0,6.0,5.0,0.0,1027.0,69.0,5.0,0.0,0.0
2024-12-12 02:00:00,5.0,4.0,5.0,0.0,1027.0,68.0,5.0,0.0,0.0
2024-12-12 03:00:00,4.0,4.0,4.0,0.0,1027.0,68.0,5.0,0.0,0.0
2024-12-12 04:00:00,3.0,3.0,4.0,0.0,1027.0,67.0,5.0,0.0,0.0
2024-12-12 05:00:00,3.0,3.0,4.0,0.0,1028.0,67.0,6.0,0.0,0.0
2024-12-12 06:00:00,4.0,3.0,4.0,0.0,1028.0,67.0,5.0,0.0,0.0
2024-12-12 07:00:00,4.0,3.0,5.0,0.0,1028.0,69.0,9.0,0.0,0.0
2024-12-12 08:00:00,8.0,4.0,6.0,0.0,1028.0,65.0,10.0,0.0,0.0
2024-12-12 09:00:00,9.0,5.0,8.0,0.0,1028.0,59.0,9.0,0.0,0.0
2024-12-12 10:00:00,9.0,6.0,10.0,0.0,1029.0,47.0,9.0,0.0,0.0
2024-12-12 11:00:00,10.0,6.0,11.0,0.0,1029.0,40.0,7.0,0.0,0.0
2024-12-12 12:00:00,11.0,4.0,12.0,0.0,1029.0,38.0,12.0,0.0,0.0
2024-12-12 13:00:00,10.0,4.0,11.0,0.0,1028.0,39.0,10.0,0.0,0.0
2024-12-12 14:00:00,10.0,4.0,10.0,0.0,1028.0,40.0,15.0,0.0,0.0
2024-12-12 15:00:00,11.0,4.0,9.0,0.0,1028.0,44.0,19.0,0.0,0.0
2024-12-12 16:00:00,13.0,5.0,7.0,0.0,1028.0,50.0,18.0,0.0,0.0
2024-12-12 17:00:00,13.0,5.0,5.0,0.0,1028.0,62.0,16.0,0.0,0.0
2024-12-12 18:00:00,10.0,5.0,4.0,0.0,1028.0,68.0,14.0,0.0,0.0
2024-12-12 19:00:00,23.0,17.0,5.0,0.0,1029.0,60.0,6.0,0.0,0.0
2024-12-12 20:00:00,20.0,16.0,5.0,0.0,1029.0,62.0,7.0,0.0,0.0
2024-12-12 21:00:00,14.0,12.0,4.0,0.0,1029.0,64.0,7.0,0.0,0.0
2024-12-12 22:00:00,9.0,7.0,4.0,0.0,1030.0,66.0,7.0,0.0,0.0
2024-12-12 23:00:00,13.0,11.0,4.0,0.0,1030.0,68.0,7.0,0.0,0.0
2024-12-13 00:00:00,33.0,32.0,4.0,0.0,1030.0,68.0,6.0,0.0,0.0
2024-12-13 01:00:00,12.0,11.0,4.0,0.0,1030.0,68.0,6.0,0.0,0.0
2024-12-13 02:00:00,5.0,5.0,4.0,0.0,1030.0,68.0,6.0,0.0,0.0
2024-12-13 03:00:00,4.0,4.0,4.0,0.0,1030.0,69.0,6.0,0.0,0.0
2024-12-13 04:00:00,9.0,9.0,3.0,0.0,1029.0,70.0,7.0,0.0,0.0
2024-12-13 05:00:00,4.0,4.0,3.0,0.0,1030.0,72.0,7.0,0.0,0.0
2024-12-13 06:00:00,4.0,4.0,3.0,0.0,1030.0,72.0,7.0,0.0,0.0
2024-12-13 07:00:00,4.0,4.0,1.0,0.0,1030.0,73.0,8.0,0.0,0.0
2024-12-13 08:00:00,6.0,5.0,1.0,0.0,1030.0,72.0,10.0,0.0,0.0
2024-12-13 09:00:00,6.0,5.0,4.0,0.0,1031.0,66.0,12.0,0.0,0.0
2024-12-13 10:00:00,7.0,5.0,6.0,0.0,1031.0,62.0,13.0,0.0,0.0
2024-12-13 11:00:00,12.0,6.0,9.0,0.0,1030.0,46.0,13.0,0.0,0.0
2024-12-13 12:00:00,17.0,6.0,11.0,0.0,1030.0,42.0,6.0,0.0,0.0
2024-12-13 13:00:00,14.0,6.0,11.0,0.0,1029.0,42.0,11.0,0.0,0.0
2024-12-13 14:00:00,14.0,6.0,10.0,0.0,1029.0,46.0,14.0,0.0,0.0
2024-12-13 15:00:00,13.0,6.0,9.0,0.0,1029.0,51.0,14.0,0.0,0.0
2024-12-13 16:00:00,16.0,8.0,7.0,0.0,1029.0,58.0,12.0,0.0,0.0
2024-12-13 17:00:00,22.0,11.0,5.0,0.0,1029.0,65.0,14.0,0.0,0.0
2024-12-13 18:00:00,17.0,10.0,4.0,0.0,1029.0,72.0,12.0,0.0,0.0
2024-12-13 19:00:00,12.0,10.0,5.0,0.0,1028.0,67.0,8.0,0.0,0.0
2024-12-13 20:00:00,12.0,10.0,5.0,0.0,1028.0,67.0,8.0,0.0,0.0
2024-12-13 21:00:00,11.0,10.0,6.0,0.0,1028.0,66.0,6.0,0.0,0.0
2024-12-13 22:00:00,9.0,9.0,6.0,0.0,1028.0,68.0,4.0,0.0,0.0
2024-12-13 23:00:00,8.0,7.0,5.0,0.2,1027.0,80.0,7.0,0.0,0.0
2024-12-14 00:00:00,7.0,7.0,5.0,0.5,1027.0,87.0,6.0,0.0,0.0
2024-12-14 01:00:00,9.0,8.0,5.0,0.8,1026.0,89.0,5.0,0.0,0.0
2024-12-14 02:00:00,11.0,10.0,5.0,0.5,1025.0,89.0,5.0,0.0,0.0
2024-12-14 03:00:00,8.0,8.0,5.0,0.3,1024.0,90.0,3.0,0.0,0.0
2024-12-14 04:00:00,8.0,7.0,5.0,0.2,1023.0,91.0,3.0,0.0,0.0
2024-12-14 05:00:00,6.0,5.0,5.0,0.5,1023.0,93.0,4.0,0.0,0.0
2024-12-14 06:00:00,5.0,4.0,5.0,1.3,1022.0,94.0,5.0,0.0,0.0
2024-12-14 07:00:00,10.0,8.0,5.0,0.0,1022.0,80.0,5.0,0.0,0.0
2024-12-14 08:00:00,22.0,21.0,6.0,0.0,1022.0,80.0,5.0,0.0,0.0
2024-12-14 09:00:00,43.0,15.0,7.0,0.0,1022.0,77.0,1.0,0.0,0.0
2024-12-14 10:00:00,21.0,20.0,7.0,0.0,1022.0,78.0,5.0,0.0,0.0
2024-12-14 11:00:00,7.0,6.0,8.0,0.1,1021.0,81.0,7.0,0.0,0.0
2024-12-14 12:00:00,11.0,9.0,7.0,0.2,1021.0,84.0,9.0,0.0,0.0
2024-12-14 13:00:00,13.0,11.0,7.0,0.1,1020.0,87.0,8.0,0.0,0.0
2024-12-14 14:00:00,14.0,12.0,7.0,0.0,1020.0,88.0,5.0,0.0,0.0
2024-12-14 15:00:00,12.0,11.0,6.0,0.1,1020.0,92.0,3.0,0.0,0.0
2024-12-14 16:00:00,15.0,13.0,6.0,0.2,1020.0,93.0,4.0,0.0,0.0
2024-12-14 17:00:00,21.0,16.0,6.0,0.2,1020.0,95.0,4.0,0.0,0.0
2024-12-14 18:00:00,24.0,20.0,5.0,0.3,1020.0,95.0,5.0,0.0,0.0
2024-12-14 19:00:00,36.0,33.0,6.0,0.0,1020.0,93.0,4.0,0.0,0.0
2024-12-14 20:00:00,22.0,20.0,5.0,0.0,1020.0,92.0,5.0,0.0,0.0
2024-12-14 21:00:00,27.0,25.0,5.0,0.0,1020.0,91.0,4.0,0.0,0.0
2024-12-14 22:00:00,40.0,39.0,5.0,0.0,1021.0,90.0,5.0,0.0,0.0
2024-12-14 23:00:00,34.0,26.0,5.0,0.0,1021.0,90.0,6.0,0.0,0.0
2024-12-15 00:00:00,29.0,28.0,5.0,0.0,1021.0,88.0,5.0,0.0,0.0
2024-12-15 01:00:00,42.0,41.0,5.0,0.0,1021.0,87.0,6.0,0.0,0.0
2024-12-15 02:00:00,26.0,25.0,5.0,0.0,1021.0,88.0,5.0,0.0,0.0
2024-12-15 03:00:00,17.0,17.0,4.0,0.0,1021.0,89.0,6.0,0.0,0.0
2024-12-15 04:00:00,18.0,18.0,4.0,0.0,1021.0,88.0,6.0,0.0,0.0
2024-12-15 05:00:00,18.0,18.0,4.0,0.0,1022.0,88.0,6.0,0.0,0.0
2024-12-15 06:00:00,15.0,14.0,4.0,0.0,1022.0,87.0,6.0,0.0,0.0
2024-12-15 07:00:00,11.0,11.0,5.0,0.0,1022.0,63.0,7.0,0.0,0.0
2024-12-15 08:00:00,9.0,8.0,6.0,0.0,1023.0,60.0,7.0,0.0,0.0
2024-12-15 09:00:00,15.0,14.0,8.0,0.0,1024.0,55.0,5.0,0.0,0.0
2024-12-15 10:00:00,16.0,14.0,9.0,0.0,1025.0,53.0,3.0,0.0,0.0
2024-12-15 11:00:00,15.0,14.0,10.0,0.0,1025.0,54.0,3.0,0.0,0.0
2024-12-15 12:00:00,12.0,11.0,10.0,0.0,1026.0,56.0,5.0,0.0,0.0
2024-12-15 13:00:00,11.0,10.0,11.0,0.0,1025.0,61.0,4.0,0.0,0.0
2024-12-15 14:00:00,12.0,11.0,10.0,0.0,1026.0,66.0,5.0,0.0,0.0
2024-12-15 15:00:00,14.0,13.0,9.0,0.0,1027.0,75.0,4.0,0.0,0.0
2024-12-15 16:00:00,15.0,14.0,8.0,0.0,1028.0,84.0,4.0,0.0,0.0
2024-12-15 17:00:00,18.0,17.0,6.0,0.0,1029.0,86.0,4.0,0.0,0.0
2024-12-15 18:00:00,22.0,20.0,5.0,0.0,1030.0,81.0,3.0,0.0,0.0
2024-12-15 19:00:00,28.0,26.0,6.0,0.0,1030.0,70.0,4.0,0.0,0.0
2024-12-15 20:00:00,29.0,28.0,5.0,0.0,1031.0,72.0,6.0,0.0,0.0
2024-12-15 21:00:00,32.0,30.0,5.0,0.0,1032.0,68.0,9.0,0.0,0.0
2024-12-15 22:00:00,31.0,30.0,5.0,0.0,1032.0,66.0,7.0,0.0,0.0
2024-12-15 23:00:00,35.0,34.0,5.0,0.0,1033.0,66.0,7.0,0.0,0.0
2024-12-16 00:00:00,45.0,44.0,5.0,0.0,1033.0,63.0,6.0,0.0,0.0
2024-12-16 01:00:00,39.0,37.0,5.0,0.0,1034.0,61.0,8.0,0.0,0.0
2024-12-16 02:00:00,42.0,41.0,5.0,0.0,1034.0,62.0,8.0,0.0,0.0
2024-12-16 03:00:00,42.0,41.0,5.0,0.0,1034.0,65.0,9.0,0.0,0.0
2024-12-16 04:00:00,41.0,40.0,5.0,0.0,1034.0,72.0,9.0,0.0,0.0
2024-12-16 05:00:00,43.0,42.0,5.0,0.0,1035.0,77.0,9.0,0.0,0.0
2024-12-16 06:00:00,41.0,40.0,5.0,0.0,1035.0,79.0,9.0,0.0,0.0
2024-12-16 07:00:00,44.0,43.0,6.0,0.0,1035.0,77.0,9.0,0.0,0.0
2024-12-16 08:00:00,47.0,46.0,7.0,0.0,1035.0,76.0,9.0,0.0,0.0
2024-12-16 09:00:00,42.0,41.0,8.0,0.0,1036.0,75.0,8.0,0.0,0.0
2024-12-16 10:00:00,47.0,44.0,9.0,0.0,1036.0,68.0,5.0,0.0,0.0
2024-12-16 11:00:00,45.0,42.0,10.0,0.0,1035.0,61.0,3.0,0.0,0.0
2024-12-16 12:00:00,40.0,38.0,10.0,0.0,1035.0,64.0,3.0,0.0,0.0
2024-12-16 13:00:00,39.0,37.0,10.0,0.0,1034.0,73.0,4.0,0.0,0.0
2024-12-16 14:00:00,39.0,37.0,10.0,0.0,1034.0,78.0,2.0,0.0,0.0
2024-12-16 15:00:00,37.0,36.0,9.0,0.0,1034.0,88.0,1.0,0.0,0.0
2024-12-16 16:00:00,41.0,39.0,7.0,0.0,1035.0,91.0,0.0,0.0,0.0
2024-12-16 17:00:00,45.0,43.0,6.0,0.0,1034.0,92.0,0.0,0.0,0.0
2024-12-16 18:00:00,44.0,42.0,5.0,0.0,1034.0,93.0,0.0,0.0,0.0
2024-12-16 19:00:00,47.0,45.0,7.0,0.0,1034.0,85.0,5.0,0.0,0.0
2024-12-16 20:00:00,48.0,46.0,6.0,0.0,1034.0,84.0,6.0,0.0,0.0
2024-12-16 21:00:00,55.0,53.0,6.0,0.0,1034.0,82.0,6.0,0.0,0.0
2024-12-16 22:00:00,69.0,68.0,6.0,0.0,1034.0,81.0,4.0,0.0,0.0
2024-12-16 23:00:00,49.0,47.0,6.0,0.0,1034.0,80.0,4.0,0.0,0.0
2024-12-17 00:00:00,51.0,49.0,6.0,0.0,1034.0,79.0,5.0,0.0,0.0
2024-12-17 01:00:00,49.0,48.0,6.0,0.0,1033.0,77.0,7.0,0.0,0.0
2024-12-17 02:00:00,60.0,58.0,6.0,0.0,1033.0,75.0,7.0,0.0,0.0
2024-12-17 03:00:00,90.0,88.0,6.0,0.0,1032.0,75.0,7.0,0.0,0.0
2024-12-17 04:00:00,32.0,31.0,6.0,0.0,1032.0,76.0,7.0,0.0,0.0
2024-12-17 05:00:00,30.0,29.0,6.0,0.0,1032.0,76.0,7.0,0.0,0.0
2024-12-17 06:00:00,26.0,25.0,5.0,0.0,1032.0,78.0,9.0,0.0,0.0
2024-12-17 07:00:00,40.0,39.0,4.0,0.0,1032.0,94.0,9.0,0.0,0.0
2024-12-17 08:00:00,23.0,23.0,4.0,0.0,1032.0,97.0,10.0,0.0,0.0
2024-12-17 09:00:00,23.0,23.0,6.0,0.0,1032.0,96.0,10.0,0.0,0.0
2024-12-17 10:00:00,21.0,20.0,8.0,0.0,1032.0,86.0,12.0,0.0,0.0
2024-12-17 11:00:00,27.0,24.0,10.0,0.0,1031.0,82.0,9.0,0.0,0.0
2024-12-17 12:00:00,28.0,26.0,12.0,0.0,1031.0,75.0,7.0,0.0,0.0
2024-12-17 13:00:00,26.0,24.0,12.0,0.0,1030.0,70.0,6.0,0.0,0.0
2024-12-17 14:00:00,32.0,28.0,12.0,0.0,1030.0,69.0,3.0,0.0,0.0
2024-12-17 15:00:00,35.0,32.0,11.0,0.0,1030.0,74.0,3.0,0.0,0.0
2024-12-17 16:00:00,38.0,36.0,8.0,0.0,1030.0,90.0,3.0,0.0,0.0
2024-12-17 17:00:00,44.0,41.0,6.0,0.0,1030.0,92.0,3.0,0.0,0.0
2024-12-17 18:00:00,44.0,40.0,5.0,0.0,1030.0,93.0,1.0,0.0,0.0
2024-12-17 19:00:00,53.0,48.0,7.0,0.0,1031.0,87.0,4.0,0.0,0.0
2024-12-17 20:00:00,46.0,44.0,6.0,0.0,1031.0,88.0,5.0,0.0,0.0
2024-12-17 21:00:00,56.0,53.0,6.0,0.0,1031.0,87.0,4.0,0.0,0.0
2024-12-17 22:00:00,42.0,41.0,6.0,0.0,1031.0,87.0,4.0,0.0,0.0
2024-12-17 23:00:00,57.0,55.0,6.0,0.0,1031.0,88.0,5.0,0.0,0.0
2024-12-18 00:00:00,49.0,47.0,6.0,0.0,1030.0,88.0,5.0,0.0,0.0
2024-12-18 01:00:00,43.0,41.0,6.0,0.0,1030.0,89.0,6.0,0.0,0.0
2024-12-18 02:00:00,44.0,42.0,6.0,0.0,1030.0,90.0,6.0,0.0,0.0
2024-12-18 03:00:00,38.0,36.0,6.0,0.0,1029.0,90.0,7.0,0.0,0.0
2024-12-18 04:00:00,36.0,35.0,6.0,0.0,1029.0,89.0,8.0,0.0,0.0
2024-12-18 05:00:00,38.0,37.0,5.0,0.0,1029.0,89.0,8.0,0.0,0.0
2024-12-18 06:00:00,39.0,37.0,5.0,0.0,1029.0,91.0,9.0,0.0,0.0
2024-12-18 07:00:00,47.0,45.0,7.0,0.0,1028.0,91.0,5.0,0.0,0.0
2024-12-18 08:00:00,41.0,39.0,8.0,0.0,1028.0,92.0,7.0,0.0,0.0
2024-12-18 09:00:00,58.0,54.0,10.0,0.0,1028.0,89.0,9.0,0.0,0.0
2024-12-18 10:00:00,46.0,43.0,11.0,0.0,1028.0,82.0,10.0,0.0,0.0
2024-12-18 11:00:00,43.0,39.0,12.0,0.0,1028.0,76.0,10.0,0.0,0.0
2024-12-18 12:00:00,39.0,36.0,12.0,0.0,1027.0,69.0,11.0,0.0,0.0
2024-12-18 13:00:00,44.0,40.0,12.0,0.0,1027.0,67.0,11.0,0.0,0.0
2024-12-18 14:00:00,51.0,48.0,11.0,0.0,1026.0,71.0,9.0,0.0,0.0
2024-12-18 15:00:00,42.0,39.0,10.0,0.0,1026.0,76.0,9.0,0.0,0.0
2024-12-18 16:00:00,41.0,38.0,9.0,0.0,1026.0,87.0,5.0,0.0,0.0
2024-12-18 17:00:00,45.0,41.0,7.0,0.0,1026.0,90.0,5.0,0.0,0.0
2024-12-18 18:00:00,55.0,52.0,6.0,0.0,1026.0,92.0,4.0,0.0,0.0
2024-12-18 19:00:00,47.0,44.0,6.0,0.0,1026.0,90.0,8.0,0.0,0.0
2024-12-18 20:00:00,38.0,36.0,6.0,0.0,1026.0,90.0,8.0,0.0,0.0
2024-12-18 21:00:00,42.0,39.0,6.0,0.0,1026.0,90.0,7.0,0.0,0.0
2024-12-18 22:00:00,45.0,43.0,6.0,0.0,1026.0,90.0,7.0,0.0,0.0
2024-12-18 23:00:00,50.0,46.0,6.0,0.0,1025.0,91.0,7.0,0.0,0.0
2024-12-19 00:00:00,50.0,47.0,6.0,0.0,1025.0,92.0,8.0,0.0,0.0
2024-12-19 01:00:00,51.0,48.0,6.0,0.0,1024.0,92.0,7.0,0.0,0.0
2024-12-19 02:00:00,59.0,56.0,6.0,0.0,1023.0,92.0,7.0,0.0,0.0
2024-12-19 03:00:00,64.0,62.0,6.0,0.0,1022.0,92.0,7.0,0.0,0.0
2024-12-19 04:00:00,44.0,41.0,6.0,0.0,1021.0,93.0,7.0,0.0,0.0
2024-12-19 05:00:00,43.0,40.0,6.0,0.0,1021.0,93.0,7.0,0.0,0.0
2024-12-19 06:00:00,39.0,35.0,7.0,0.0,1021.0,93.0,6.0,0.0,0.0
2024-12-19 07:00:00,43.0,38.0,8.0,0.0,1020.0,90.0,1.0,0.0,0.0
2024-12-19 08:00:00,42.0,38.0,9.0,0.0,1019.0,87.0,2.0,0.0,0.0
2024-12-19 09:00:00,41.0,37.0,11.0,0.0,1018.0,86.0,3.0,0.0,0.0
2024-12-19 10:00:00,43.0,38.0,12.0,0.2,1018.0,84.0,5.0,0.0,0.0
2024-12-19 11:00:00,45.0,39.0,12.0,0.3,1016.0,86.0,8.0,0.0,0.0
2024-12-19 12:00:00,43.0,37.0,12.0,0.5,1015.0,90.0,9.0,0.0,0.0
2024-12-19 13:00:00,43.0,37.0,10.0,0.6,1014.0,94.0,7.0,0.0,0.0
2024-12-19 14:00:00,39.0,33.0,9.0,0.5,1012.0,95.0,6.0,0.0,0.0
2024-12-19 15:00:00,32.0,29.0,9.0,0.4,1011.0,96.0,5.0,0.0,0.0
2024-12-19 16:00:00,19.0,18.0,8.0,0.4,1010.0,97.0,4.0,0.0,0.0
2024-12-19 17:00:00,21.0,20.0,8.0,0.7,1009.0,97.0,3.0,0.0,0.0
2024-12-19 18:00:00,22.0,21.0,8.0,0.9,1008.0,97.0,2.0,0.0,0.0
2024-12-19 19:00:00,23.0,21.0,10.0,1.0,1007.0,95.0,1.0,0.0,0.0
2024-12-19 20:00:00,14.0,12.0,12.0,1.4,1006.0,91.0,13.0,0.0,0.0
2024-12-19 21:00:00,13.0,12.0,12.0,1.1,1006.0,89.0,22.0,0.0,0.0
2024-12-19 22:00:00,14.0,11.0,12.0,1.2,1005.0,90.0,21.0,0.0,0.0
2024-12-19 23:00:00,8.0,5.0,13.0,1.1,1004.0,89.0,19.0,0.0,0.0
2024-12-20 00:00:00,6.0,4.0,12.0,0.8,1003.0,89.0,19.0,0.0,0.0
2024-12-20 01:00:00,7.0,5.0,12.0,0.5,1002.0,88.0,22.0,0.0,0.0
2024-12-20 02:00:00,8.0,5.0,12.0,0.8,1002.0,89.0,22.0,0.0,0.0
2024-12-20 03:00:00,6.0,5.0,12.0,0.7,1001.0,90.0,16.0,0.0,0.0
2024-12-20 04:00:00,8.0,5.0,10.0,2.5,1003.0,86.0,33.0,0.0,0.0
2024-12-20 05:00:00,8.0,6.0,7.0,4.3,1004.0,82.0,25.0,0.0,0.0
2024-12-20 06:00:00,7.157108233795391,5.101998672594533,7.0,4.1,1006.0,83.0,23.0,0.0,0.0
2024-12-20 07:00:00,7.059893003639717,5.4922924821028545,6.0,2.0,1005.0,80.0,13.0,0.0,0.0
2024-12-20 08:00:00,2.0,2.0,7.0,2.3,1006.0,79.0,14.0,0.0,0.0
2024-12-20 09:00:00,2.0,2.0,7.0,2.8,1007.0,78.0,17.0,0.0,0.0
2024-12-20 10:00:00,2.0,2.0,7.0,2.7,1008.0,80.0,21.0,0.0,0.0
2024-12-20 11:00:00,2.0,2.0,7.0,1.4,1008.0,78.0,21.0,0.0,0.0
2024-12-20 12:00:00,2.0,2.0,7.0,0.3,1009.0,71.0,22.0,0.0,0.0
2024-12-20 13:00:00,2.0,2.0,8.0,0.0,1010.0,67.0,18.0,0.0,0.0
2024-12-20 14:00:00,2.0,2.0,8.0,0.0,1011.0,65.0,16.0,0.0,0.0
2024-12-20 15:00:00,2.0,2.0,7.0,0.0,1012.0,66.0,17.0,0.0,0.0
2024-12-20 16:00:00,3.0,2.0,7.0,0.0,1013.0,66.0,17.0,0.0,0.0
2024-12-20 17:00:00,4.0,2.0,7.0,0.0,1014.0,65.0,16.0,0.0,0.0
2024-12-20 18:00:00,4.0,2.0,6.0,0.0,1016.0,66.0,16.0,0.0,0.0
2024-12-20 19:00:00,4.0,2.0,7.0,0.0,1016.0,63.0,11.0,0.0,0.0
2024-12-20 20:00:00,6.0,3.0,6.0,0.0,1018.0,62.0,9.0,0.0,0.0
2024-12-20 21:00:00,4.0,3.0,6.0,0.0,1019.0,61.0,9.0,0.0,0.0
2024-12-20 22:00:00,4.0,3.0,6.0,0.0,1020.0,60.0,9.0,0.0,0.0
2024-12-20 23:00:00,4.0,3.0,5.0,0.0,1020.0,60.0,11.0,0.0,0.0
2024-12-21 00:00:00,4.0,3.0,5.0,0.0,1021.0,59.0,12.0,0.0,0.0
2024-12-21 01:00:00,5.0,3.0,5.0,0.0,1021.0,60.0,13.0,0.0,0.0
2024-12-21 02:00:00,4.0,3.0,4.0,0.0,1021.0,63.0,13.0,0.0,0.0
2024-12-21 03:00:00,3.0,3.0,4.0,0.0,1021.0,64.0,12.0,0.0,0.0
2024-12-21 04:00:00,3.0,2.0,4.0,0.0,1022.0,61.0,11.0,0.0,0.0
2024-12-21 05:00:00,3.0,2.0,4.0,0.0,1022.0,61.0,7.0,0.0,0.0
2024-12-21 06:00:00,3.0,3.0,4.0,0.0,1022.0,64.0,7.0,0.0,0.0
2024-12-21 07:00:00,2.0,2.0,4.0,0.0,1023.0,49.0,12.0,0.0,0.0
2024-12-21 08:00:00,3.0,2.0,4.0,0.0,1023.0,50.0,17.0,0.0,0.0
2024-12-21 09:00:00,5.0,3.0,6.0,0.0,1024.0,52.0,15.0,0.0,0.0
2024-12-21 10:00:00,5.0,3.0,7.0,0.0,1024.0,47.0,10.0,0.0,0.0
2024-12-21 11:00:00,8.0,5.0,8.0,0.0,1024.0,46.0,3.0,0.0,0.0
2024-12-21 12:00:00,6.0,4.0,9.0,0.0,1024.0,47.0,4.0,0.0,0.0
2024-12-21 13:00:00,4.0,2.0,8.0,0.0,1023.0,49.0,4.0,0.0,0.0
2024-12-21 14:00:00,4.0,2.0,8.0,0.0,1023.0,50.0,3.0,0.0,0.0
2024-12-21 15:00:00,5.0,3.0,7.0,0.0,1023.0,69.0,2.0,0.0,0.0
2024-12-21 16:00:00,4.0,2.0,6.0,0.0,1023.0,70.0,1.0,0.0,0.0
2024-12-21 17:00:00,11.0,7.0,4.0,0.0,1023.0,72.0,2.0,0.0,0.0
2024-12-21 18:00:00,11.0,9.0,3.0,0.0,1023.0,74.0,2.0,0.0,0.0
2024-12-21 19:00:00,8.0,7.0,5.0,0.0,1023.0,63.0,6.0,0.0,0.0
2024-12-21 20:00:00,10.0,9.0,4.0,0.0,1023.0,62.0,6.0,0.0,0.0
2024-12-21 21:00:00,8.0,6.0,4.0,0.0,1022.0,60.0,6.0,0.0,0.0
2024-12-21 22:00:00,7.0,5.0,4.0,0.0,1022.0,60.0,5.0,0.0,0.0
2024-12-21 23:00:00,5.0,4.0,3.0,0.0,1022.0,62.0,5.0,0.0,0.0
2024-12-22 00:00:00,4.0,3.0,3.0,0.0,1021.0,61.0,6.0,0.0,0.0
2024-12-22 01:00:00,4.0,3.0,3.0,0.0,1021.0,57.0,6.0,0.0,0.0
2024-12-22 02:00:00,5.0,4.0,3.0,0.0,1020.0,61.0,8.0,0.0,0.0
2024-12-22 03:00:00,4.0,3.0,2.0,0.0,1019.0,68.0,8.0,0.0,0.0
2024-12-22 04:00:00,4.0,3.0,2.0,0.0,1018.0,74.0,9.0,0.0,0.0
2024-12-22 05:00:00,4.0,3.0,2.0,0.0,1017.0,78.0,8.0,0.0,0.0
2024-12-22 06:00:00,4.0,3.0,3.0,0.0,1016.0,83.0,8.0,0.0,0.0
2024-12-22 07:00:00,5.0,4.0,5.0,0.0,1015.0,62.0,14.0,0.0,0.0
2024-12-22 08:00:00,5.0,4.0,6.0,0.0,1014.0,60.0,13.0,0.0,0.0
2024-12-22 09:00:00,5.0,4.0,7.0,0.0,1014.0,54.0,12.0,0.0,0.0
2024-12-22 10:00:00,8.0,6.0,9.0,0.0,1013.0,50.0,12.0,0.0,0.0
2024-12-22 11:00:00,8.0,6.0,11.0,0.0,1011.0,49.0,10.0,0.0,0.0
2024-12-22 12:00:00,6.0,4.0,11.0,0.0,1010.0,51.0,10.0,0.0,0.0
2024-12-22 13:00:00,6.0,4.0,12.0,0.0,1008.0,45.0,15.0,0.0,0.0
2024-12-22 14:00:00,6.0,3.0,11.0,0.0,1007.0,57.0,15.0,0.0,0.0
2024-12-22 15:00:00,6.0,3.0,10.0,0.0,1006.0,72.0,11.0,0.0,0.0
2024-12-22 16:00:00,9.0,6.0,8.0,1.1,1005.0,92.0,6.0,0.0,0.0
2024-12-22 17:00:00,22.0,20.0,7.0,2.9,1004.0,96.0,2.0,0.0,0.0
2024-12-22 18:00:00,46.0,42.0,7.0,3.9,1003.0,95.0,6.0,0.0,0.0
2024-12-22 19:00:00,38.0,36.0,8.0,6.3,1002.0,93.0,18.0,0.0,0.0
2024-12-22 20:00:00,19.0,17.0,7.0,7.6,1002.0,91.0,12.0,0.0,0.0
2024-12-22 21:00:00,11.0,10.0,5.0,2.0,1001.0,94.0,10.0,0.0,0.0
2024-12-22 22:00:00,11.0,11.0,5.0,0.7,1000.0,95.0,11.0,0.0,0.0
2024-12-22 23:00:00,5.0,3.0,5.0,1.4,1000.0,88.0,21.0,0.0,0.0
2024-12-23 00:00:00,2.0,2.0,5.0,2.3,1000.0,87.0,18.0,0.0,0.0
2024-12-23 01:00:00,2.0,2.0,5.0,0.6,1000.0,85.0,22.0,0.0,0.0
2024-12-23 02:00:00,2.0,2.0,5.0,0.1,1000.0,84.0,18.0,0.0,0.0
2024-12-23 03:00:00,2.0,2.0,5.0,0.0,1001.0,80.0,15.0,0.0,0.0
2024-12-23 04:00:00,2.0,2.0,5.0,0.0,1001.0,77.0,13.0,0.0,0.0
2024-12-23 05:00:00,2.0,2.0,5.0,0.0,1001.0,76.0,10.0,0.0,0.0
2024-12-23 06:00:00,2.0,2.0,5.0,0.0,1002.0,73.0,9.0,0.0,0.0
2024-12-23 07:00:00,2.0,2.0,6.0,0.0,1002.0,71.0,14.0,0.0,0.0
2024-12-23 08:00:00,9.0,2.0,6.0,0.0,1002.0,66.0,14.0,0.0,0.0
2024-12-23 09:00:00,20.0,3.0,7.0,0.1,1003.0,62.0,14.0,0.0,0.0
2024-12-23 10:00:00,7.0,2.0,7.0,0.1,1004.0,60.0,12.0,0.0,0.0
2024-12-23 11:00:00,14.0,3.0,8.0,0.0,1003.0,65.0,13.0,0.0,0.0
2024-12-23 12:00:00,19.0,4.0,7.0,0.0,1003.0,70.0,13.0,0.0,0.0
2024-12-23 13:00:00,15.0,4.0,7.0,0.0,1002.0,69.0,12.0,0.0,0.0
2024-12-23 14:00:00,4.0,2.0,7.0,0.0,1003.0,67.0,9.0,0.0,0.0
2024-12-23 15:00:00,7.0,2.0,6.0,0.0,1003.0,65.0,6.0,0.0,0.0
2024-12-23 16:00:00,5.0,3.0,5.0,0.0,1004.0,65.0,8.0,0.0,0.0
2024-12-23 17:00:00,6.0,3.0,4.0,0.0,1005.0,63.0,9.0,0.0,0.0
2024-12-23 18:00:00,5.0,3.0,4.0,0.0,1005.0,61.0,12.0,0.0,0.0
2024-12-23 19:00:00,5.0,3.0,6.0,0.0,1006.0,58.0,15.0,0.0,0.0
2024-12-23 20:00:00,5.0,3.0,5.0,0.0,1007.0,58.0,14.0,0.0,0.0
2024-12-23 21:00:00,5.0,3.0,5.0,0.0,1008.0,58.0,13.0,0.0,0.0
2024-12-23 22:00:00,5.0,3.0,5.0,0.0,1009.0,58.0,12.0,0.0,0.0
2024-12-23 23:00:00,3.0,2.0,5.0,0.0,1009.0,56.0,10.0,0.0,0.0
2024-12-24 00:00:00,3.0,2.0,5.0,0.0,1009.0,54.0,12.0,0.0,0.0
2024-12-24 01:00:00,3.0,2.0,5.0,0.0,1009.0,57.0,11.0,0.0,0.0
2024-12-24 02:00:00,7.0,6.0,5.0,0.0,1010.0,60.0,9.0,0.0,0.0
2024-12-24 03:00:00,17.0,16.0,5.0,0.0,1010.0,60.0,9.0,0.0,0.0
2024-12-24 04:00:00,6.0,6.0,5.0,0.0,1010.0,60.0,9.0,0.0,0.0
2024-12-24 05:00:00,2.0,2.0,5.0,0.0,1011.0,59.0,9.0,0.0,0.0
2024-12-24 06:00:00,2.0,2.0,5.0,0.0,1012.0,58.0,10.0,0.0,0.0
2024-12-24 07:00:00,6.0,5.0,5.0,0.0,1015.0,42.0,4.0,0.0,0.0
2024-12-24 08:00:00,5.0,4.0,6.0,0.0,1015.0,42.0,9.0,0.0,0.0
2024-12-24 09:00:00,3.0,2.0,8.0,0.0,1016.0,37.0,16.0,0.0,0.0
2024-12-24 10:00:00,10.0,3.0,9.0,0.0,1016.0,39.0,18.0,0.0,0.0
2024-12-24 11:00:00,11.0,2.0,10.0,0.0,1017.0,41.0,18.0,0.0,0.0
2024-12-24 12:00:00,5.0,2.0,10.0,0.0,1017.0,43.0,20.0,0.0,0.0
2024-12-24 13:00:00,4.0,2.0,9.0,0.0,1017.0,44.0,20.0,0.0,0.0
2024-12-24 14:00:00,5.0,2.0,9.0,0.0,1017.0,42.0,21.0,0.0,0.0
2024-12-24 15:00:00,6.0,4.0,8.0,0.0,1018.0,40.0,21.0,0.0,0.0
2024-12-24 16:00:00,5.0,3.0,7.0,0.0,1018.0,44.0,21.0,0.0,0.0
2024-12-24 17:00:00,5.0,4.0,6.0,0.0,1019.0,47.0,18.0,0.0,0.0
2024-12-24 18:00:00,14.0,10.0,4.0,0.0,1020.0,52.0,15.0,0.0,0.0
2024-12-24 19:00:00,11.0,6.0,7.0,0.0,1020.0,44.0,13.0,0.0,0.0
2024-12-24 20:00:00,7.0,3.0,7.0,0.0,1021.0,47.0,19.0,0.0,0.0
2024-12-24 21:00:00,6.0,3.0,7.0,0.0,1022.0,47.0,23.0,0.0,0.0
2024-12-24 22:00:00,7.0,4.0,8.0,0.0,1022.0,47.0,22.0,0.0,0.0
2024-12-24 23:00:00,5.0,4.0,7.0,0.0,1023.0,47.0,20.0,0.0,0.0
2024-12-25 00:00:00,4.0,3.0,7.0,0.0,1024.0,47.0,19.0,0.0,0.0
2024-12-25 01:00:00,2.0,2.0,8.0,0.0,1024.0,46.0,16.0,0.0,0.0
2024-12-25 02:00:00,2.0,2.0,7.0,0.0,1024.0,46.0,13.0,0.0,0.0
2024-12-25 03:00:00,2.0,2.0,7.0,0.0,1025.0,44.0,12.0,0.0,0.0
2024-12-25 04:00:00,2.0,2.0,7.0,0.0,1026.0,46.0,18.0,0.0,0.0
2024-12-25 05:00:00,2.0,2.0,7.0,0.0,1027.0,49.0,21.0,0.0,0.0
2024-12-25 06:00:00,3.0,2.0,7.0,0.0,1027.0,52.0,24.0,0.0,0.0
2024-12-25 07:00:00,2.0,2.0,8.0,0.0,1030.0,39.0,20.0,0.0,0.0
2024-12-25 08:00:00,2.0,2.0,9.0,0.0,1030.0,38.0,26.0,0.0,0.0
2024-12-25 09:00:00,2.0,2.0,10.0,0.0,1030.0,35.0,27.0,0.0,0.0
2024-12-25 10:00:00,2.0,2.0,10.0,0.0,1030.0,33.0,28.0,0.0,0.0
2024-12-25 11:00:00,3.0,2.0,11.0,0.0,1030.0,31.0,28.0,0.0,0.0
2024-12-25 12:00:00,3.0,2.0,11.0,0.0,1029.0,30.0,29.0,0.0,0.0
2024-12-25 13:00:00,3.0,2.0,10.0,0.0,1030.0,32.0,37.0,0.0,0.0
2024-12-25 14:00:00,2.0,2.0,9.0,0.0,1030.0,35.0,49.0,0.0,0.0
2024-12-25 15:00:00,4.0,2.0,8.0,0.0,1030.0,40.0,53.0,0.0,0.0
2024-12-25 16:00:00,4.0,2.0,8.0,0.0,1031.0,44.0,45.0,0.0,0.0
2024-12-25 17:00:00,5.0,2.0,7.0,0.0,1031.0,45.0,44.0,0.0,0.0
2024-12-25 18:00:00,4.0,3.0,7.0,0.0,1032.0,46.0,40.0,0.0,0.0
2024-12-25 19:00:00,7.0,6.0,7.0,0.0,1032.0,51.0,24.0,0.0,0.0
2024-12-25 20:00:00,6.0,5.0,7.0,0.0,1033.0,51.0,21.0,0.0,0.0
2024-12-25 21:00:00,9.0,7.0,7.0,0.0,1033.0,51.0,19.0,0.0,0.0
2024-12-25 22:00:00,4.0,4.0,6.0,0.0,1033.0,51.0,17.0,0.0,0.0
2024-12-25 23:00:00,4.0,4.0,6.0,0.0,1033.0,49.0,15.0,0.0,0.0
2024-12-26 00:00:00,4.0,3.0,6.0,0.0,1033.0,48.0,14.0,0.0,0.0
2024-12-26 01:00:00,4.0,3.0,6.0,0.0,1033.0,47.0,14.0,0.0,0.0
2024-12-26 02:00:00,3.0,3.0,6.0,0.0,1033.0,47.0,15.0,0.0,0.0
2024-12-26 03:00:00,4.0,2.0,6.0,0.0,1033.0,47.0,16.0,0.0,0.0
2024-12-26 04:00:00,4.0,2.0,6.0,0.0,1033.0,48.0,17.0,0.0,0.0
2024-12-26 05:00:00,3.0,2.0,6.0,0.0,1033.0,48.0,19.0,0.0,0.0
2024-12-26 06:00:00,3.0,2.0,6.0,0.0,1034.0,47.0,19.0,0.0,0.0
2024-12-26 07:00:00,3.0,2.0,8.0,0.0,1033.0,41.0,20.0,0.0,0.0
2024-12-26 08:00:00,5.0,2.0,8.0,0.0,1033.0,42.0,23.0,0.0,0.0
2024-12-26 09:00:00,4.0,2.0,9.0,0.0,1034.0,41.0,24.0,0.0,0.0
2024-12-26 10:00:00,3.0,2.0,10.0,0.0,1034.0,38.0,29.0,0.0,0.0
2024-12-26 11:00:00,6.0,2.0,11.0,0.0,1034.0,35.0,32.0,0.0,0.0
2024-12-26 12:00:00,6.0,2.0,11.0,0.0,1033.0,33.0,39.0,0.0,0.0
2024-12-26 13:00:00,4.0,2.0,11.0,0.0,1032.0,31.0,35.0,0.0,0.0
2024-12-26 14:00:00,4.0,2.0,11.0,0.0,1032.0,29.0,32.0,0.0,0.0
2024-12-26 15:00:00,4.0,2.0,10.0,0.0,1032.0,29.0,32.0,0.0,0.0
2024-12-26 16:00:00,6.0,2.0,9.0,0.0,1032.0,29.0,33.0,0.0,0.0
2024-12-26 17:00:00,5.0,2.0,8.0,0.0,1032.0,34.0,25.0,0.0,0.0
2024-12-26 18:00:00,6.0,4.0,6.0,0.0,1033.0,35.0,21.0,0.0,0.0
2024-12-26 19:00:00,7.0,4.0,9.0,0.0,1033.0,37.0,24.0,0.0,0.0
2024-12-26 20:00:00,4.0,2.0,8.0,0.0,1034.0,38.0,26.0,0.0,0.0
2024-12-26 21:00:00,3.0,2.0,8.0,0.0,1034.0,40.0,26.0,0.0,0.0
2024-12-26 22:00:00,3.0,2.0,8.0,0.0,1034.0,40.0,26.0,0.0,0.0
2024-12-26 23:00:00,3.0,2.0,8.0,0.0,1034.0,40.0,25.0,0.0,0.0
2024-12-27 00:00:00,3.0,2.0,8.0,0.0,1034.0,40.0,24.0,0.0,0.0
2024-12-27 01:00:00,3.0,2.0,8.0,0.0,1034.0,39.0,22.0,0.0,0.0
2024-12-27 02:00:00,3.0,2.0,8.0,0.0,1034.0,39.0,20.0,0.0,0.0
2024-12-27 03:00:00,3.0,3.0,8.0,0.0,1034.0,39.0,19.0,0.0,0.0
2024-12-27 04:00:00,3.0,3.0,8.0,0.0,1033.0,38.0,18.0,0.0,0.0
2024-12-27 05:00:00,3.0,3.0,8.0,0.0,1033.0,37.0,17.0,0.0,0.0
2024-12-27 06:00:00,5.0,4.0,8.0,0.0,1033.0,37.0,18.0,0.0,0.0
2024-12-27 07:00:00,3.0,3.0,8.0,0.0,1033.0,32.0,12.0,0.0,0.0
2024-12-27 08:00:00,9.0,4.0,9.0,0.0,1033.0,32.0,13.0,0.0,0.0
2024-12-27 09:00:00,8.0,4.0,11.0,0.0,1033.0,32.0,14.0,0.0,0.0
2024-12-27 10:00:00,9.0,4.0,13.0,0.0,1033.0,29.0,15.0,0.0,0.0
2024-12-27 11:00:00,9.0,4.0,15.0,0.0,1032.0,22.0,14.0,0.0,0.0
2024-12-27 12:00:00,7.0,4.0,15.0,0.0,1032.0,24.0,14.0,0.0,0.0
2024-12-27 13:00:00,5.0,4.0,15.0,0.0,1031.0,26.0,14.0,0.0,0.0
2024-12-27 14:00:00,6.0,4.0,14.0,0.0,1031.0,26.0,16.0,0.0,0.0
2024-12-27 15:00:00,9.0,7.0,13.0,0.0,1030.0,26.0,17.0,0.0,0.0
2024-12-27 16:00:00,7.0,4.0,11.0,0.0,1030.0,30.0,14.0,0.0,0.0
2024-12-27 17:00:00,7.0,3.0,9.0,0.0,1030.0,44.0,12.0,0.0,0.0
2024-12-27 18:00:00,8.0,6.0,7.0,0.0,1030.0,52.0,9.0,0.0,0.0
2024-12-27 19:00:00,8.0,6.0,9.0,0.0,1030.0,54.0,3.0,0.0,0.0
2024-12-27 20:00:00,7.0,5.0,9.0,0.0,1030.0,52.0,2.0,0.0,0.0
2024-12-27 21:00:00,18.0,14.0,8.0,0.0,1030.0,53.0,2.0,0.0,0.0
2024-12-27 22:00:00,16.0,14.0,8.0,0.0,1030.0,47.0,3.0,0.0,0.0
2024-12-27 23:00:00,12.0,10.0,8.0,0.0,1030.0,40.0,4.0,0.0,0.0
2024-12-28 00:00:00,9.0,8.0,8.0,0.0,1029.0,37.0,4.0,0.0,0.0
2024-12-28 01:00:00,12.0,11.0,8.0,0.0,1029.0,35.0,4.0,0.0,0.0
2024-12-28 02:00:00,18.0,17.0,8.0,0.0,1029.0,36.0,4.0,0.0,0.0
2024-12-28 03:00:00,31.0,30.0,8.0,0.0,1028.0,40.0,4.0,0.0,0.0
2024-12-28 04:00:00,19.0,18.0,7.0,0.0,1028.0,42.0,3.0,0.0,0.0
2024-12-28 05:00:00,7.0,7.0,7.0,0.0,1028.0,42.0,3.0,0.0,0.0
2024-12-28 06:00:00,5.0,4.0,8.0,0.0,1028.0,41.0,3.0,0.0,0.0
2024-12-28 07:00:00,21.0,13.0,4.0,0.0,1028.0,33.0,5.0,0.0,0.0
2024-12-28 08:00:00,5.0,4.0,5.0,0.0,1028.0,32.0,5.0,0.0,0.0
2024-12-28 09:00:00,9.0,5.0,7.0,0.0,1028.0,26.0,6.0,0.0,0.0
2024-12-28 10:00:00,14.0,11.0,9.0,0.0,1028.0,27.0,6.0,0.0,0.0
2024-12-28 11:00:00,11.0,8.0,12.0,0.0,1028.0,18.0,6.0,0.0,0.0
2024-12-28 12:00:00,10.0,8.0,13.0,0.0,1027.0,20.0,8.0,0.0,0.0
2024-12-28 13:00:00,11.0,7.0,14.0,0.0,1027.0,21.0,9.0,0.0,0.0
2024-12-28 14:00:00,7.0,4.0,14.0,0.0,1027.0,27.0,10.0,0.0,0.0
2024-12-28 15:00:00,8.0,4.0,12.0,0.0,1027.0,38.0,12.0,0.0,0.0
2024-12-28 16:00:00,22.0,17.0,10.0,0.0,1027.0,44.0,12.0,0.0,0.0
2024-12-28 17:00:00,18.0,14.0,8.0,0.0,1027.0,52.0,10.0,0.0,0.0
2024-12-28 18:00:00,22.0,19.0,7.0,0.0,1027.0,57.0,12.0,0.0,0.0
2024-12-28 19:00:00,26.0,23.0,10.0,0.0,1027.0,48.0,4.0,0.0,0.0
2024-12-28 20:00:00,14.0,12.0,10.0,0.0,1027.0,49.0,4.0,0.0,0.0
2024-12-28 21:00:00,21.0,18.0,9.0,0.0,1027.0,50.0,4.0,0.0,0.0
2024-12-28 22:00:00,10.0,9.0,9.0,0.0,1027.0,52.0,4.0,0.0,0.0
2024-12-28 23:00:00,8.0,6.0,8.0,0.0,1027.0,52.0,4.0,0.0,0.0
2024-12-29 00:00:00,11.0,9.0,8.0,0.0,1027.0,55.0,3.0,0.0,0.0
2024-12-29 01:00:00,13.0,12.0,8.0,0.0,1027.0,56.0,3.0,0.0,0.0
2024-12-29 02:00:00,7.0,6.0,8.0,0.0,1027.0,58.0,4.0,0.0,0.0
2024-12-29 03:00:00,8.0,7.0,7.0,0.0,1026.0,58.0,3.0,0.0,0.0
2024-12-29 04:00:00,7.0,6.0,7.0,0.0,1026.0,58.0,3.0,0.0,0.0
2024-12-29 05:00:00,6.0,5.0,7.0,0.0,1026.0,54.0,3.0,0.0,0.0
2024-12-29 06:00:00,13.0,11.0,7.0,0.0,1026.0,54.0,3.0,0.0,0.0
2024-12-29 07:00:00,9.0,8.0,9.0,0.0,1027.0,30.0,15.0,0.0,0.0
2024-12-29 08:00:00,14.0,12.0,10.0,0.0,1028.0,29.0,14.0,0.0,0.0
2024-12-29 09:00:00,40.0,39.0,12.0,0.0,1028.0,28.0,10.0,0.0,0.0
2024-12-29 10:00:00,8.0,7.0,15.0,0.0,1028.0,29.0,7.0,0.0,0.0
2024-12-29 11:00:00,12.0,10.0,18.0,0.0,1028.0,18.0,5.0,0.0,0.0
2024-12-29 12:00:00,10.0,8.0,19.0,0.0,1027.0,17.0,1.0,0.0,0.0
2024-12-29 13:00:00,8.0,6.0,19.0,0.0,1027.0,22.0,2.0,0.0,0.0
2024-12-29 14:00:00,8.0,6.0,17.0,0.0,1027.0,29.0,3.0,0.0,0.0
2024-12-29 15:00:00,11.0,10.0,13.0,0.0,1027.0,52.0,2.0,0.0,0.0
2024-12-29 16:00:00,71.0,66.0,10.0,0.0,1027.0,55.0,1.0,0.0,0.0
2024-12-29 17:00:00,25.0,23.0,8.0,0.0,1027.0,68.0,1.0,0.0,0.0
2024-12-29 18:00:00,16.0,14.0,6.0,0.0,1027.0,68.0,1.0,0.0,0.0
2024-12-29 19:00:00,14.0,13.0,8.0,0.0,1028.0,58.0,4.0,0.0,0.0
2024-12-29 20:00:00,27.0,25.0,8.0,0.0,1028.0,54.0,5.0,0.0,0.0
2024-12-29 21:00:00,20.0,19.0,8.0,0.0,1028.0,54.0,5.0,0.0,0.0
2024-12-29 22:00:00,14.0,13.0,7.0,0.0,1029.0,58.0,4.0,0.0,0.0
2024-12-29 23:00:00,15.0,14.0,7.0,0.0,1029.0,60.0,4.0,0.0,0.0
2024-12-30 00:00:00,25.0,24.0,7.0,0.0,1029.0,58.0,5.0,0.0,0.0
2024-12-30 01:00:00,21.0,19.0,7.0,0.0,1029.0,58.0,5.0,0.0,0.0
2024-12-30 02:00:00,24.0,23.0,7.0,0.0,1029.0,58.0,5.0,0.0,0.0
2024-12-30 03:00:00,28.0,27.0,7.0,0.0,1028.0,57.0,4.0,0.0,0.0
2024-12-30 04:00:00,16.0,14.0,7.0,0.0,1028.0,57.0,4.0,0.0,0.0
2024-12-30 05:00:00,14.0,13.0,7.0,0.0,1029.0,57.0,4.0,0.0,0.0
2024-12-30 06:00:00,15.0,14.0,6.0,0.0,1029.0,57.0,4.0,0.0,0.0
2024-12-30 07:00:00,34.0,33.0,4.0,0.0,1029.0,49.0,2.0,0.0,0.0
2024-12-30 08:00:00,15.0,14.0,4.0,0.0,1030.0,48.0,5.0,0.0,0.0
2024-12-30 09:00:00,25.0,24.0,6.0,0.0,1030.0,44.0,5.0,0.0,0.0
2024-12-30 10:00:00,14.0,13.0,9.0,0.0,1031.0,43.0,4.0,0.0,0.0
2024-12-30 11:00:00,13.0,12.0,12.0,0.0,1030.0,29.0,1.0,0.0,0.0
2024-12-30 12:00:00,15.0,13.0,13.0,0.0,1030.0,30.0,2.0,0.0,0.0
2024-12-30 13:00:00,19.0,16.0,14.0,0.0,1029.0,31.0,0.0,0.0,0.0
2024-12-30 14:00:00,17.0,16.0,13.0,0.0,1029.0,35.0,2.0,0.0,0.0
2024-12-30 15:00:00,17.0,16.0,11.0,0.0,1029.0,52.0,1.0,0.0,0.0
2024-12-30 16:00:00,24.0,23.0,8.0,0.0,1030.0,62.0,1.0,0.0,0.0
2024-12-30 17:00:00,27.0,25.0,6.0,0.0,1030.0,69.0,3.0,0.0,0.0
2024-12-30 18:00:00,27.0,25.0,5.0,0.0,1030.0,69.0,3.0,0.0,0.0
2024-12-30 19:00:00,26.0,25.0,8.0,0.0,1030.0,62.0,4.0,0.0,0.0
2024-12-30 20:00:00,27.0,24.0,7.0,0.0,1031.0,61.0,5.0,0.0,0.0
2024-12-30 21:00:00,30.0,28.0,7.0,0.0,1031.0,60.0,6.0,0.0,0.0
2024-12-30 22:00:00,24.0,23.0,7.0,0.0,1031.0,61.0,5.0,0.0,0.0
2024-12-30 23:00:00,22.0,20.0,6.0,0.0,1031.0,64.0,5.0,0.0,0.0
2024-12-31 00:00:00,26.0,25.0,6.0,0.0,1031.0,64.0,5.0,0.0,0.0
2024-12-31 01:00:00,27.0,25.0,6.0,0.0,1031.0,65.0,6.0,0.0,0.0
2024-12-31 02:00:00,24.0,22.0,6.0,0.0,1031.0,65.0,5.0,0.0,0.0
2024-12-31 03:00:00,24.0,22.0,6.0,0.0,1031.0,65.0,6.0,0.0,0.0
2024-12-31 04:00:00,43.0,42.0,6.0,0.0,1031.0,65.0,6.0,0.0,0.0
2024-12-31 05:00:00,24.0,22.0,6.0,0.0,1031.0,66.0,5.0,0.0,0.0
2024-12-31 06:00:00,19.0,18.0,6.0,0.0,1031.0,66.0,5.0,0.0,0.0
2024-12-31 07:00:00,22.0,20.0,7.0,0.0,1031.0,44.0,8.0,0.0,0.0
2024-12-31 08:00:00,23.0,22.0,8.0,0.0,1032.0,45.0,8.0,0.0,0.0
2024-12-31 09:00:00,25.0,23.0,10.0,0.0,1032.0,44.0,6.0,0.0,0.0
2024-12-31 10:00:00,21.0,20.0,11.0,0.0,1033.0,43.0,5.0,0.0,0.0
2024-12-31 11:00:00,23.0,22.0,12.0,0.0,1032.0,41.0,3.0,0.0,0.0
2024-12-31 12:00:00,22.0,21.0,12.0,0.0,1032.0,42.0,3.0,0.0,0.0
2024-12-31 13:00:00,19.0,17.0,12.0,0.0,1031.0,52.0,4.0,0.0,0.0
2024-12-31 14:00:00,19.0,17.0,12.0,0.0,1031.0,61.0,3.0,0.0,0.0
2024-12-31 15:00:00,20.0,18.0,10.0,0.0,1031.0,75.0,4.0,0.0,0.0
2024-12-31 16:00:00,34.0,32.0,8.0,0.0,1031.0,85.0,3.0,0.0,0.0
2024-12-31 17:00:00,49.0,48.0,6.0,0.0,1031.0,90.0,4.0,0.0,0.0
2024-12-31 18:00:00,54.0,52.0,5.0,0.0,1032.0,88.0,4.0,0.0,0.0
2024-12-31 19:00:00,45.0,44.0,8.0,0.0,1032.0,80.0,5.0,0.0,0.0
2024-12-31 20:00:00,43.0,42.0,7.0,0.0,1032.0,80.0,5.0,0.0,0.0
2024-12-31 21:00:00,51.0,50.0,7.0,0.0,1032.0,81.0,6.0,0.0,0.0
2024-12-31 22:00:00,66.0,64.0,6.0,0.0,1032.0,82.0,6.0,0.0,0.0
2024-12-31 23:00:00,63.0,62.0,6.0,0.0,1032.0,84.0,6.0,0.0,0.0
2025-01-01 00:00:00,58.0,56.0,6.0,0.0,1032.0,84.0,7.0,0.0,0.0
2025-01-01 01:00:00,86.0,81.0,5.0,0.0,1032.0,87.0,9.0,0.0,0.0
2025-01-01 02:00:00,50.0,48.0,4.0,0.0,1032.0,91.0,9.0,0.0,0.0
2025-01-01 03:00:00,56.0,55.0,4.0,0.0,1032.0,92.0,9.0,0.0,0.0
2025-01-01 04:00:00,48.0,47.0,4.0,0.0,1031.0,92.0,9.0,0.0,0.0
2025-01-01 05:00:00,57.0,55.0,4.0,0.0,1031.0,92.0,8.0,0.0,0.0
2025-01-01 06:00:00,48.0,48.0,5.0,0.0,1031.0,91.0,8.0,0.0,0.0
2025-01-01 07:00:00,56.0,55.0,5.0,0.0,1031.0,76.0,12.0,0.0,0.0
2025-01-01 08:00:00,55.0,54.0,6.0,0.0,1032.0,77.0,9.0,0.0,0.0
2025-01-01 09:00:00,57.0,56.0,8.0,0.0,1032.0,79.0,9.0,0.0,0.0
2025-01-01 10:00:00,63.0,62.0,10.0,0.0,1032.0,74.0,13.0,0.0,0.0
2025-01-01 11:00:00,71.0,70.0,12.0,0.0,1032.0,63.0,14.0,0.0,0.0
2025-01-01 12:00:00,76.0,74.0,12.0,0.0,1031.0,64.0,14.0,0.0,0.0
2025-01-01 13:00:00,77.0,75.0,12.0,0.0,1030.0,61.0,12.0,0.0,0.0
2025-01-01 14:00:00,63.0,61.0,12.0,0.0,1029.0,62.0,11.0,0.0,0.0
2025-01-01 15:00:00,64.0,62.0,10.0,0.0,1029.0,68.0,9.0,0.0,0.0
2025-01-01 16:00:00,66.0,65.0,9.0,0.0,1029.0,82.0,6.0,0.0,0.0
2025-01-01 17:00:00,75.0,73.0,7.0,0.0,1029.0,88.0,5.0,0.0,0.0
2025-01-01 18:00:00,79.0,76.0,6.0,0.0,1029.0,87.0,5.0,0.0,0.0
2025-01-01 19:00:00,75.0,73.0,7.0,0.0,1029.0,86.0,5.0,0.0,0.0
2025-01-01 20:00:00,82.0,79.0,7.0,0.0,1029.0,88.0,5.0,0.0,0.0
2025-01-01 21:00:00,99.0,94.0,7.0,0.0,1028.0,90.0,6.0,0.0,0.0
2025-01-01 22:00:00,81.0,78.0,7.0,0.0,1028.0,91.0,6.0,0.0,0.0
2025-01-01 23:00:00,71.0,68.0,6.0,0.0,1028.0,92.0,7.0,0.0,0.0
2025-01-02 00:00:00,71.0,69.0,6.0,0.0,1027.0,92.0,6.0,0.0,0.0
2025-01-02 01:00:00,73.0,70.0,6.0,0.0,1026.0,94.0,6.0,0.0,0.0
2025-01-02 02:00:00,73.0,71.0,7.0,0.0,1026.0,94.0,5.0,0.0,0.0
2025-01-02 03:00:00,74.0,72.0,7.0,0.0,1025.0,92.0,5.0,0.0,0.0
2025-01-02 04:00:00,76.0,74.0,7.0,0.1,1025.0,94.0,4.0,0.0,0.0
2025-01-02 05:00:00,77.0,75.0,7.0,0.0,1024.0,94.0,4.0,0.0,0.0
2025-01-02 06:00:00,77.0,75.0,7.0,0.0,1024.0,94.0,3.0,0.0,0.0
2025-01-02 07:00:00,44.0,42.0,8.0,0.0,1024.0,84.0,5.0,0.0,0.0
2025-01-02 08:00:00,51.0,49.0,9.0,0.0,1024.0,84.0,6.0,0.0,0.0
2025-01-02 09:00:00,65.0,63.0,10.0,0.0,1024.0,82.0,9.0,0.0,0.0
2025-01-02 10:00:00,66.0,64.0,12.0,0.0,1024.0,76.0,15.0,0.0,0.0
2025-01-02 11:00:00,66.0,64.0,12.0,0.0,1022.0,73.0,17.0,0.0,0.0
2025-01-02 12:00:00,64.0,62.0,12.0,0.0,1021.0,69.0,21.0,0.0,0.0
2025-01-02 13:00:00,63.0,61.0,12.0,0.0,1020.0,69.0,21.0,0.0,0.0
2025-01-02 14:00:00,64.0,62.0,11.0,0.0,1020.0,71.0,20.0,0.0,0.0
2025-01-02 15:00:00,64.0,62.0,10.0,0.0,1019.0,76.0,18.0,0.0,0.0
2025-01-02 16:00:00,64.0,62.0,10.0,0.0,1018.0,80.0,17.0,0.0,0.0
2025-01-02 17:00:00,67.0,65.0,9.0,0.0,1017.0,88.0,13.0,0.0,0.0
2025-01-02 18:00:00,44.0,42.0,8.0,0.0,1017.0,93.0,8.0,0.0,0.0
2025-01-02 19:00:00,27.0,24.0,10.0,0.0,1016.0,85.0,7.0,0.0,0.0
2025-01-02 20:00:00,42.0,40.0,11.0,0.0,1015.0,83.0,13.0,0.0,0.0
2025-01-02 21:00:00,63.0,61.0,11.0,0.0,1015.0,79.0,19.0,0.0,0.0
2025-01-02 22:00:00,64.0,63.0,11.0,0.0,1015.0,80.0,22.0,0.0,0.0
2025-01-02 23:00:00,59.0,57.0,11.0,0.0,1014.0,81.0,20.0,0.0,0.0
2025-01-03 00:00:00,13.0,10.0,11.0,0.0,1014.0,82.0,19.0,0.0,0.0
2025-01-03 01:00:00,11.0,7.0,11.0,0.0,1014.0,83.0,19.0,0.0,0.0
2025-01-03 02:00:00,11.0,7.0,11.0,0.0,1014.0,85.0,13.0,0.0,0.0
2025-01-03 03:00:00,20.0,16.0,10.0,0.0,1013.0,86.0,8.0,0.0,0.0
2025-01-03 04:00:00,24.0,21.0,9.0,0.0,1013.0,85.0,7.0,0.0,0.0
2025-01-03 05:00:00,32.0,30.0,9.0,0.0,1014.0,85.0,3.0,0.0,0.0
2025-01-03 06:00:00,31.0,29.0,9.0,0.0,1014.0,88.0,3.0,0.0,0.0
2025-01-03 07:00:00,30.0,29.0,9.0,1.4,1013.0,90.0,4.0,0.0,0.0
2025-01-03 08:00:00,23.0,22.0,10.0,0.5,1014.0,76.0,14.0,0.0,0.0
2025-01-03 09:00:00,2.0,2.0,10.0,0.0,1015.0,71.0,17.0,0.0,0.0
2025-01-03 10:00:00,2.0,2.0,10.0,0.0,1016.0,66.0,23.0,0.0,0.0
2025-01-03 11:00:00,2.0,2.0,10.0,0.0,1016.0,61.0,20.0,0.0,0.0
2025-01-03 12:00:00,4.0,3.0,10.0,0.0,1016.0,61.0,21.0,0.0,0.0
2025-01-03 13:00:00,2.0,2.0,10.0,0.0,1015.0,61.0,22.0,0.0,0.0
2025-01-03 14:00:00,2.0,2.0,9.0,0.0,1016.0,61.0,22.0,0.0,0.0
2025-01-03 15:00:00,3.0,2.0,7.0,0.0,1016.0,61.0,23.0,0.0,0.0
2025-01-03 16:00:00,2.0,2.0,6.0,0.0,1017.0,60.0,21.0,0.0,0.0
2025-01-03 17:00:00,3.0,2.0,5.0,0.0,1018.0,61.0,15.0,0.0,0.0
2025-01-03 18:00:00,3.0,2.0,4.0,0.0,1018.0,68.0,9.0,0.0,0.0
2025-01-03 19:00:00,4.0,2.0,6.0,0.0,1019.0,55.0,3.0,0.0,0.0
2025-01-03 20:00:00,8.0,7.0,5.0,0.0,1020.0,57.0,5.0,0.0,0.0
2025-01-03 21:00:00,8.0,8.0,5.0,0.0,1020.0,60.0,5.0,0.0,0.0
2025-01-03 22:00:00,7.0,7.0,4.0,0.0,1021.0,61.0,5.0,0.0,0.0
2025-01-03 23:00:00,5.0,5.0,4.0,0.0,1021.0,61.0,6.0,0.0,0.0
2025-01-04 00:00:00,4.0,3.0,3.0,0.0,1021.0,64.0,6.0,0.0,0.0
2025-01-04 01:00:00,2.0,2.0,2.0,0.0,1021.0,63.0,6.0,0.0,0.0
2025-01-04 02:00:00,4.0,4.0,2.0,0.0,1021.0,62.0,7.0,0.0,0.0
2025-01-04 03:00:00,3.0,2.0,2.0,0.0,1021.0,62.0,7.0,0.0,0.0
2025-01-04 04:00:00,2.0,2.0,2.0,0.0,1021.0,61.0,7.0,0.0,0.0
2025-01-04 05:00:00,3.0,3.0,2.0,0.0,1021.0,60.0,7.0,0.0,0.0
2025-01-04 06:00:00,2.0,2.0,2.0,0.0,1022.0,59.0,7.0,0.0,0.0
2025-01-04 07:00:00,4.0,3.0,2.0,0.0,1022.0,55.0,17.0,0.0,0.0
2025-01-04 08:00:00,6.0,5.0,3.0,0.0,1022.0,54.0,17.0,0.0,0.0
2025-01-04 09:00:00,4.0,2.0,5.0,0.0,1023.0,49.0,15.0,0.0,0.0
2025-01-04 10:00:00,3.0,3.0,8.0,0.0,1024.0,46.0,13.0,0.0,0.0
2025-01-04 11:00:00,5.0,4.0,9.0,0.0,1023.0,38.0,8.0,0.0,0.0
2025-01-04 12:00:00,5.0,3.0,10.0,0.0,1023.0,34.0,6.0,0.0,0.0
2025-01-04 13:00:00,8.0,4.0,10.0,0.0,1022.0,31.0,5.0,0.0,0.0
2025-01-04 14:00:00,16.0,14.0,10.0,0.0,1022.0,30.0,5.0,0.0,0.0
2025-01-04 15:00:00,30.0,28.0,8.0,0.0,1022.0,34.0,6.0,0.0,0.0
2025-01-04 16:00:00,10.0,9.0,6.0,0.0,1022.0,46.0,5.0,0.0,0.0
2025-01-04 17:00:00,5.0,4.0,3.0,0.0,1022.0,55.0,4.0,0.0,0.0
2025-01-04 18:00:00,10.0,9.0,2.0,0.0,1022.0,57.0,5.0,0.0,0.0
2025-01-04 19:00:00,16.0,14.0,3.0,0.0,1022.0,52.0,8.0,0.0,0.0
2025-01-04 20:00:00,16.0,15.0,3.0,0.0,1022.0,54.0,8.0,0.0,0.0
2025-01-04 21:00:00,15.0,14.0,2.0,0.0,1022.0,55.0,9.0,0.0,0.0
2025-01-04 22:00:00,13.0,12.0,2.0,0.0,1022.0,54.0,8.0,0.0,0.0
2025-01-04 23:00:00,7.0,6.0,2.0,0.0,1021.0,52.0,8.0,0.0,0.0
2025-01-05 00:00:00,10.0,9.0,2.0,0.0,1021.0,50.0,9.0,0.0,0.0
2025-01-05 01:00:00,26.0,25.0,2.0,0.0,1020.0,51.0,8.0,0.0,0.0
2025-01-05 02:00:00,72.0,70.0,3.0,0.0,1020.0,50.0,8.0,0.0,0.0
2025-01-05 03:00:00,7.0,6.0,3.0,0.0,1019.0,54.0,8.0,0.0,0.0
2025-01-05 04:00:00,12.0,11.0,3.0,0.0,1019.0,60.0,7.0,0.0,0.0
2025-01-05 05:00:00,7.0,6.0,4.0,0.0,1019.0,68.0,6.0,0.0,0.0
2025-01-05 06:00:00,10.0,9.0,4.0,0.0,1019.0,70.0,6.0,0.0,0.0
2025-01-05 07:00:00,12.0,11.0,6.0,0.0,1019.0,59.0,10.0,0.0,0.0
2025-01-05 08:00:00,14.0,13.0,7.0,0.0,1019.0,59.0,8.0,0.0,0.0
2025-01-05 09:00:00,13.0,12.0,8.0,0.0,1019.0,56.0,9.0,0.0,0.0
2025-01-05 10:00:00,43.0,41.0,9.0,0.0,1019.0,60.0,4.0,0.0,0.0
2025-01-05 11:00:00,12.0,11.0,8.0,0.2,1019.0,72.0,2.0,0.0,0.0
2025-01-05 12:00:00,9.0,7.0,7.0,0.2,1019.0,81.0,4.0,0.0,0.0
2025-01-05 13:00:00,10.0,9.0,7.0,0.3,1018.0,87.0,6.0,0.0,0.0
2025-01-05 14:00:00,10.0,8.0,6.0,0.2,1018.0,91.0,6.0,0.0,0.0
2025-01-05 15:00:00,16.0,15.0,6.0,0.2,1017.0,94.0,5.0,0.0,0.0
2025-01-05 16:00:00,26.0,25.0,5.0,0.3,1017.0,97.0,5.0,0.0,0.0
2025-01-05 17:00:00,14.0,14.0,5.0,0.3,1017.0,98.0,5.0,0.0,0.0
2025-01-05 18:00:00,12.0,12.0,4.0,0.2,1017.0,98.0,4.0,0.0,0.0
2025-01-05 19:00:00,21.0,21.0,6.0,0.2,1017.0,96.0,4.0,0.0,0.0
2025-01-05 20:00:00,28.0,27.0,6.0,0.2,1017.0,96.0,4.0,0.0,0.0
2025-01-05 21:00:00,25.0,24.0,6.0,0.3,1017.0,96.0,4.0,0.0,0.0
2025-01-05 22:00:00,40.0,39.0,6.0,0.2,1017.0,97.0,4.0,0.0,0.0
2025-01-05 23:00:00,51.0,49.0,6.0,0.2,1017.0,97.0,4.0,0.0,0.0
2025-01-06 00:00:00,30.0,29.0,6.0,0.2,1017.0,97.0,4.0,0.0,0.0
2025-01-06 01:00:00,23.0,22.0,6.0,0.1,1016.0,97.0,4.0,0.0,0.0
2025-01-06 02:00:00,22.0,20.0,6.0,0.0,1016.0,97.0,2.0,0.0,0.0
2025-01-06 03:00:00,23.0,21.0,6.0,0.2,1015.0,98.0,4.0,0.0,0.0
2025-01-06 04:00:00,48.0,45.0,6.0,0.0,1015.0,98.0,3.0,0.0,0.0
2025-01-06 05:00:00,37.0,36.0,6.0,0.0,1014.0,98.0,3.0,0.0,0.0
2025-01-06 06:00:00,22.0,21.0,6.0,0.0,1014.0,98.0,3.0,0.0,0.0
2025-01-06 07:00:00,22.0,22.0,6.0,0.0,1014.0,100.0,0.0,0.0,0.0
2025-01-06 08:00:00,19.0,18.0,7.0,0.0,1014.0,100.0,1.0,0.0,0.0
2025-01-06 09:00:00,21.0,20.0,8.0,0.0,1014.0,100.0,1.0,0.0,0.0
2025-01-06 10:00:00,28.0,27.0,8.0,0.0,1014.0,98.0,2.0,0.0,0.0
2025-01-06 11:00:00,46.0,40.0,10.0,0.0,1013.0,97.0,4.0,0.0,0.0
2025-01-06 12:00:00,37.0,32.0,11.0,0.0,1012.0,94.0,7.0,0.0,0.0
2025-01-06 13:00:00,42.0,37.0,12.0,0.0,1011.0,90.0,10.0,0.0,0.0
2025-01-06 14:00:00,35.0,30.0,12.0,0.0,1011.0,88.0,13.0,0.0,0.0
2025-01-06 15:00:00,25.0,21.0,10.0,0.0,1011.0,94.0,9.0,0.0,0.0
2025-01-06 16:00:00,28.0,25.0,8.0,0.0,1011.0,98.0,6.0,0.0,0.0
2025-01-06 17:00:00,33.0,29.0,7.0,0.0,1011.0,99.0,3.0,0.0,0.0
2025-01-06 18:00:00,42.0,37.0,7.0,0.0,1011.0,98.0,1.0,0.0,0.0
2025-01-06 19:00:00,39.0,34.0,9.0,0.0,1011.0,94.0,3.0,0.0,0.0
2025-01-06 20:00:00,32.0,28.0,9.0,0.0,1010.0,93.0,2.0,0.0,0.0
2025-01-06 21:00:00,36.0,31.0,10.0,0.0,1010.0,90.0,5.0,0.0,0.0
2025-01-06 22:00:00,35.0,29.0,12.0,0.0,1010.0,85.0,13.0,0.0,0.0
2025-01-06 23:00:00,26.0,22.0,12.0,0.0,1010.0,83.0,18.0,0.0,0.0
2025-01-07 00:00:00,27.0,23.0,12.0,0.0,1009.0,82.0,19.0,0.0,0.0
2025-01-07 01:00:00,21.0,16.0,12.0,0.0,1009.0,81.0,23.0,0.0,0.0
2025-01-07 02:00:00,17.0,13.0,12.0,0.0,1009.0,79.0,21.0,0.0,0.0
2025-01-07 03:00:00,14.0,9.0,12.0,0.0,1008.0,78.0,17.0,0.0,0.0
2025-01-07 04:00:00,15.0,11.0,12.0,0.0,1008.0,78.0,15.0,0.0,0.0
2025-01-07 05:00:00,18.0,14.0,12.0,0.0,1008.0,78.0,16.0,0.0,0.0
2025-01-07 06:00:00,12.0,8.0,12.0,0.0,1008.0,78.0,21.0,0.0,0.0
2025-01-07 07:00:00,12.0,8.0,14.0,0.0,1008.0,69.0,12.0,0.0,0.0
2025-01-07 08:00:00,14.0,9.0,14.0,0.2,1009.0,68.0,14.0,0.0,0.0
2025-01-07 09:00:00,15.0,10.0,16.0,0.2,1009.0,66.0,17.0,0.0,0.0
2025-01-07 10:00:00,13.0,8.0,17.0,0.0,1009.0,65.0,18.0,0.0,0.0
2025-01-07 11:00:00,13.0,7.0,16.0,0.0,1008.0,68.0,14.0,0.0,0.0
2025-01-07 12:00:00,14.0,8.0,14.0,1.3,1008.0,80.0,18.0,0.0,0.0
2025-01-07 13:00:00,13.0,7.0,13.0,2.0,1007.0,86.0,14.0,0.0,0.0
2025-01-07 14:00:00,35.0,30.0,12.0,2.9,1007.0,91.0,15.0,0.0,0.0
2025-01-07 15:00:00,36.0,31.0,11.0,2.8,1008.0,92.0,15.0,0.0,0.0
2025-01-07 16:00:00,36.0,32.0,10.0,3.1,1009.0,94.0,12.0,0.0,0.0
2025-01-07 17:00:00,36.0,34.0,10.0,2.8,1009.0,95.0,9.0,0.0,0.0
2025-01-07 18:00:00,40.0,38.0,9.0,2.0,1010.0,98.0,6.0,0.0,0.0
2025-01-07 19:00:00,36.0,35.0,10.0,0.6,1010.0,97.0,9.0,0.0,0.0
2025-01-07 20:00:00,22.0,19.0,9.0,0.3,1011.0,96.0,12.0,0.0,0.0
2025-01-07 21:00:00,23.0,19.0,9.0,0.3,1012.0,95.0,12.0,0.0,0.0
2025-01-07 22:00:00,42.0,36.0,9.0,0.1,1012.0,95.0,1.0,0.0,0.0
2025-01-07 23:00:00,48.0,43.0,8.0,0.0,1013.0,96.0,5.0,0.0,0.0
2025-01-08 00:00:00,35.0,31.0,8.0,0.0,1013.0,96.0,3.0,0.0,0.0
2025-01-08 01:00:00,27.0,25.0,8.0,0.0,1014.0,95.0,4.0,0.0,0.0
2025-01-08 02:00:00,21.0,18.0,7.0,0.0,1014.0,94.0,5.0,0.0,0.0
2025-01-08 03:00:00,25.0,22.0,7.0,0.0,1014.0,93.0,5.0,0.0,0.0
2025-01-08 04:00:00,19.0,16.0,6.0,0.0,1014.0,92.0,5.0,0.0,0.0
2025-01-08 05:00:00,18.0,15.0,6.0,0.0,1014.0,91.0,6.0,0.0,0.0
2025-01-08 06:00:00,20.0,18.0,6.0,0.0,1014.0,92.0,6.0,0.0,0.0
2025-01-08 07:00:00,15.0,13.0,7.0,0.0,1014.0,90.0,6.0,0.0,0.0
2025-01-08 08:00:00,19.0,17.0,8.0,0.0,1014.0,91.0,6.0,0.0,0.0
2025-01-08 09:00:00,33.0,30.0,10.0,0.0,1014.0,91.0,8.0,0.0,0.0
2025-01-08 10:00:00,45.0,20.0,12.0,0.0,1014.0,85.0,13.0,0.0,0.0
2025-01-08 11:00:00,22.0,16.0,13.0,0.0,1014.0,83.0,23.0,0.0,0.0
2025-01-08 12:00:00,17.0,13.0,13.0,0.0,1014.0,79.0,23.0,0.0,0.0
2025-01-08 13:00:00,19.0,15.0,13.0,0.0,1014.0,79.0,24.0,0.0,0.0
2025-01-08 14:00:00,21.0,18.0,12.0,0.0,1014.0,82.0,23.0,0.0,0.0
2025-01-08 15:00:00,25.0,22.0,11.0,0.0,1014.0,85.0,18.0,0.0,0.0
2025-01-08 16:00:00,29.0,24.0,10.0,0.0,1015.0,90.0,9.0,0.0,0.0
2025-01-08 17:00:00,31.0,25.0,9.0,0.0,1015.0,92.0,4.0,0.0,0.0
2025-01-08 18:00:00,36.0,28.0,8.0,0.0,1015.0,93.0,2.0,0.0,0.0
2025-01-08 19:00:00,39.0,31.0,9.0,0.0,1015.0,92.0,4.0,0.0,0.0
2025-01-08 20:00:00,44.0,36.0,9.0,0.0,1015.0,93.0,4.0,0.0,0.0
2025-01-08 21:00:00,35.0,31.0,9.0,0.0,1015.0,92.0,3.0,0.0,0.0
2025-01-08 22:00:00,34.0,32.0,9.0,0.0,1015.0,91.0,2.0,0.0,0.0
2025-01-08 23:00:00,39.0,36.0,9.0,0.0,1015.0,89.0,1.0,0.0,0.0
2025-01-09 00:00:00,20.0,16.0,10.0,0.0,1014.0,90.0,2.0,0.0,0.0
2025-01-09 01:00:00,13.0,10.0,10.0,0.0,1014.0,90.0,6.0,0.0,0.0
2025-01-09 02:00:00,10.0,7.0,11.0,0.0,1014.0,92.0,8.0,0.0,0.0
2025-01-09 03:00:00,9.0,7.0,11.0,0.0,1013.0,91.0,13.0,0.0,0.0
2025-01-09 04:00:00,9.0,7.0,12.0,0.0,1013.0,90.0,10.0,0.0,0.0
2025-01-09 05:00:00,8.0,5.0,12.0,0.0,1013.0,87.0,16.0,0.0,0.0
2025-01-09 06:00:00,8.0,5.0,12.0,1.2,1013.0,88.0,20.0,0.0,0.0
2025-01-09 07:00:00,9.0,5.0,15.0,0.0,1011.0,73.0,21.0,0.0,0.0
2025-01-09 08:00:00,8.0,4.0,16.0,0.2,1012.0,72.0,24.0,0.0,0.0
2025-01-09 09:00:00,7.0,4.0,17.0,0.4,1012.0,74.0,26.0,0.0,0.0
2025-01-09 10:00:00,6.0,4.0,16.0,1.2,1012.0,78.0,27.0,0.0,0.0
2025-01-09 11:00:00,5.0,4.0,15.0,1.3,1010.0,80.0,33.0,0.0,0.0
2025-01-09 12:00:00,6.0,4.0,14.0,0.1,1009.0,80.0,28.0,0.0,0.0
2025-01-09 13:00:00,5.0,4.0,13.0,0.9,1009.0,84.0,26.0,0.0,0.0
2025-01-09 14:00:00,5.0,4.0,13.0,1.4,1009.0,87.0,20.0,0.0,0.0
2025-01-09 15:00:00,7.0,5.0,12.0,0.2,1009.0,89.0,14.0,0.0,0.0
2025-01-09 16:00:00,7.0,5.0,12.0,0.6,1009.0,91.0,13.0,0.0,0.0
2025-01-09 17:00:00,7.0,5.0,11.0,0.6,1008.0,95.0,9.0,0.0,0.0
2025-01-09 18:00:00,8.0,6.0,11.0,0.1,1009.0,95.0,8.0,0.0,0.0
2025-01-09 19:00:00,10.0,7.0,11.0,0.0,1008.0,93.0,6.0,0.0,0.0
2025-01-09 20:00:00,11.0,7.0,11.0,0.0,1007.0,89.0,13.0,0.0,0.0
2025-01-09 21:00:00,11.0,7.0,11.0,0.0,1008.0,94.0,18.0,0.0,0.0
2025-01-09 22:00:00,13.0,8.0,10.0,0.0,1008.0,95.0,15.0,0.0,0.0
2025-01-09 23:00:00,15.0,10.0,10.0,0.0,1008.0,95.0,14.0,0.0,0.0
2025-01-10 00:00:00,16.0,14.0,10.0,0.1,1008.0,96.0,13.0,0.0,0.0
2025-01-10 01:00:00,22.0,20.0,10.0,0.2,1009.0,96.0,11.0,0.0,0.0
2025-01-10 02:00:00,23.0,21.0,9.0,0.1,1009.0,95.0,14.0,0.0,0.0
2025-01-10 03:00:00,20.0,18.0,9.0,0.0,1009.0,93.0,13.0,0.0,0.0
2025-01-10 04:00:00,21.0,19.0,9.0,0.0,1010.0,91.0,9.0,0.0,0.0
2025-01-10 05:00:00,23.0,22.0,8.0,0.0,1011.0,93.0,5.0,0.0,0.0
2025-01-10 06:00:00,20.0,19.0,8.0,0.0,1013.0,94.0,10.0,0.0,0.0
2025-01-10 07:00:00,19.0,17.0,10.0,0.3,1012.0,90.0,3.0,0.0,0.0
2025-01-10 08:00:00,18.0,16.0,10.0,0.0,1014.0,76.0,20.0,0.0,0.0
2025-01-10 09:00:00,11.0,9.0,10.0,0.0,1015.0,70.0,24.0,0.0,0.0
2025-01-10 10:00:00,2.0,2.0,10.0,0.0,1016.0,66.0,28.0,0.0,0.0
2025-01-10 11:00:00,2.0,2.0,10.0,0.0,1016.0,63.0,30.0,0.0,0.0
2025-01-10 12:00:00,2.0,2.0,9.0,0.0,1016.0,61.0,32.0,0.0,0.0
2025-01-10 13:00:00,2.0,2.0,8.0,0.0,1016.0,60.0,31.0,0.0,0.0
2025-01-10 14:00:00,3.0,2.0,8.0,0.0,1017.0,59.0,30.0,0.0,0.0
2025-01-10 15:00:00,3.0,2.0,7.0,0.0,1017.0,59.0,30.0,0.0,0.0
2025-01-10 16:00:00,2.0,2.0,6.0,0.0,1017.0,59.0,29.0,0.0,0.0
2025-01-10 17:00:00,2.0,2.0,5.0,0.0,1017.0,57.0,26.0,0.0,0.0
2025-01-10 18:00:00,2.0,2.0,5.0,0.0,1017.0,56.0,21.0,0.0,0.0
2025-01-10 19:00:00,3.0,2.0,6.0,0.0,1018.0,51.0,8.0,0.0,0.0
2025-01-10 20:00:00,2.0,2.0,6.0,0.0,1018.0,53.0,3.0,0.0,0.0
2025-01-10 21:00:00,3.0,2.0,6.0,0.0,1018.0,56.0,3.0,0.0,0.0
2025-01-10 22:00:00,6.0,4.0,5.0,0.0,1017.0,58.0,4.0,0.0,0.0
2025-01-10 23:00:00,4.0,2.0,5.0,0.0,1017.0,57.0,4.0,0.0,0.0
2025-01-11 00:00:00,4.0,2.0,4.0,0.0,1017.0,59.0,5.0,0.0,0.0
2025-01-11 01:00:00,5.0,4.0,4.0,0.0,1017.0,61.0,5.0,0.0,0.0
2025-01-11 02:00:00,5.0,5.0,3.0,0.0,1016.0,66.0,6.0,0.0,0.0
2025-01-11 03:00:00,7.0,6.0,3.0,0.0,1016.0,70.0,7.0,0.0,0.0
2025-01-11 04:00:00,4.0,3.0,3.0,0.0,1016.0,71.0,6.0,0.0,0.0
2025-01-11 05:00:00,3.0,2.0,3.0,0.0,1016.0,68.0,7.0,0.0,0.0
2025-01-11 06:00:00,3.0,2.0,3.0,0.0,1017.0,65.0,8.0,0.0,0.0
2025-01-11 07:00:00,5.0,5.0,4.0,0.1,1018.0,50.0,15.0,0.0,0.0
2025-01-11 08:00:00,5.0,4.0,5.0,0.1,1018.0,51.0,15.0,0.0,0.0
2025-01-11 09:00:00,4.0,3.0,7.0,0.1,1019.0,53.0,12.0,0.0,0.0
2025-01-11 10:00:00,4.0,3.0,9.0,0.1,1019.0,37.0,10.0,0.0,0.0
2025-01-11 11:00:00,4.0,3.0,11.0,0.0,1018.0,36.0,11.0,0.0,0.0
2025-01-11 12:00:00,6.0,3.0,11.0,0.0,1018.0,33.0,14.0,0.0,0.0
2025-01-11 13:00:00,6.0,2.0,10.0,0.0,1018.0,30.0,17.0,0.0,0.0
2025-01-11 14:00:00,4.0,2.0,10.0,0.0,1018.0,30.0,20.0,0.0,0.0
2025-01-11 15:00:00,4.0,2.0,9.0,0.0,1019.0,32.0,20.0,0.0,0.0
2025-01-11 16:00:00,5.0,4.0,7.0,0.0,1020.0,35.0,18.0,0.0,0.0
2025-01-11 17:00:00,8.0,6.0,6.0,0.0,1020.0,33.0,21.0,0.0,0.0
2025-01-11 18:00:00,8.0,6.0,6.0,0.0,1020.0,29.0,31.0,0.0,0.0
2025-01-11 19:00:00,10.0,8.0,6.0,0.0,1020.0,35.0,23.0,0.0,0.0
2025-01-11 20:00:00,4.0,2.0,6.0,0.0,1021.0,36.0,23.0,0.0,0.0
2025-01-11 21:00:00,4.0,2.0,6.0,0.0,1021.0,34.0,23.0,0.0,0.0
2025-01-11 22:00:00,5.0,4.0,6.0,0.0,1022.0,35.0,20.0,0.0,0.0
2025-01-11 23:00:00,6.0,5.0,5.0,0.0,1022.0,37.0,15.0,0.0,0.0
2025-01-12 00:00:00,3.0,2.0,5.0,0.0,1022.0,39.0,14.0,0.0,0.0
2025-01-12 01:00:00,4.0,2.0,4.0,0.0,1022.0,41.0,14.0,0.0,0.0
2025-01-12 02:00:00,3.0,2.0,4.0,0.0,1023.0,42.0,14.0,0.0,0.0
2025-01-12 03:00:00,2.0,2.0,4.0,0.0,1023.0,41.0,15.0,0.0,0.0
2025-01-12 04:00:00,3.0,2.0,4.0,0.0,1023.0,39.0,14.0,0.0,0.0
2025-01-12 05:00:00,3.0,2.0,4.0,0.0,1023.0,39.0,14.0,0.0,0.0
2025-01-12 06:00:00,4.0,3.0,4.0,0.0,1024.0,39.0,14.0,0.0,0.0
2025-01-12 07:00:00,4.0,2.0,5.0,0.0,1023.0,34.0,28.0,0.0,0.0
2025-01-12 08:00:00,3.0,2.0,6.0,0.0,1024.0,35.0,31.0,0.0,0.0
2025-01-12 09:00:00,8.0,7.0,7.0,0.0,1025.0,34.0,27.0,0.0,0.0
2025-01-12 10:00:00,3.0,2.0,8.0,0.0,1026.0,31.0,26.0,0.0,0.0
2025-01-12 11:00:00,3.0,2.0,8.0,0.0,1026.0,32.0,26.0,0.0,0.0
2025-01-12 12:00:00,3.0,2.0,8.0,0.0,1026.0,32.0,27.0,0.0,0.0
2025-01-12 13:00:00,3.0,2.0,8.0,0.0,1026.0,34.0,24.0,0.0,0.0
2025-01-12 14:00:00,3.0,2.0,8.0,0.0,1026.0,35.0,22.0,0.0,0.0
2025-01-12 15:00:00,2.0,2.0,7.0,0.0,1027.0,38.0,23.0,0.0,0.0
2025-01-12 16:00:00,3.0,2.0,6.0,0.0,1027.0,44.0,23.0,0.0,0.0
2025-01-12 17:00:00,3.0,2.0,4.0,0.0,1027.0,48.0,24.0,0.0,0.0
2025-01-12 18:00:00,4.0,3.0,4.0,0.0,1028.0,50.0,25.0,0.0,0.0
2025-01-12 19:00:00,5.0,3.0,4.0,0.0,1028.0,52.0,16.0,0.0,0.0
2025-01-12 20:00:00,6.0,4.0,4.0,0.0,1028.0,51.0,15.0,0.0,0.0
2025-01-12 21:00:00,6.0,5.0,4.0,0.0,1029.0,50.0,14.0,0.0,0.0
2025-01-12 22:00:00,7.0,5.0,4.0,0.0,1030.0,50.0,16.0,0.0,0.0
2025-01-12 23:00:00,6.0,5.0,4.0,0.0,1030.0,50.0,18.0,0.0,0.0
2025-01-13 00:00:00,10.0,9.0,4.0,0.0,1030.0,47.0,18.0,0.0,0.0
2025-01-13 01:00:00,9.0,8.0,4.0,0.0,1030.0,45.0,20.0,0.0,0.0
2025-01-13 02:00:00,8.0,7.0,4.0,0.0,1030.0,45.0,22.0,0.0,0.0
2025-01-13 03:00:00,8.0,7.0,3.0,0.0,1030.0,44.0,23.0,0.0,0.0
2025-01-13 04:00:00,9.0,7.0,3.0,0.0,1030.0,43.0,23.0,0.0,0.0
2025-01-13 05:00:00,7.0,6.0,3.0,0.0,1030.0,42.0,23.0,0.0,0.0
2025-01-13 06:00:00,7.0,5.0,3.0,0.0,1031.0,41.0,24.0,0.0,0.0
2025-01-13 07:00:00,5.0,4.0,4.0,0.0,1031.0,40.0,21.0,0.0,0.0
2025-01-13 08:00:00,7.0,4.0,5.0,0.0,1032.0,39.0,22.0,0.0,0.0
2025-01-13 09:00:00,8.0,4.0,6.0,0.0,1032.0,40.0,31.0,0.0,0.0
2025-01-13 10:00:00,10.0,3.0,6.0,0.0,1033.0,39.0,36.0,0.0,0.0
2025-01-13 11:00:00,6.0,3.0,6.0,0.0,1033.0,39.0,40.0,0.0,0.0
2025-01-13 12:00:00,7.0,3.0,6.0,0.0,1033.0,39.0,43.0,0.0,0.0
2025-01-13 13:00:00,6.0,3.0,6.0,0.0,1033.0,40.0,37.0,0.0,0.0
2025-01-13 14:00:00,8.0,3.0,6.0,0.0,1033.0,42.0,39.0,0.0,0.0
2025-01-13 15:00:00,7.0,3.0,5.0,0.0,1034.0,45.0,39.0,0.0,0.0
2025-01-13 16:00:00,7.0,4.0,4.0,0.0,1034.0,47.0,40.0,0.0,0.0
2025-01-13 17:00:00,8.0,4.0,4.0,0.0,1035.0,48.0,42.0,0.0,0.0
2025-01-13 18:00:00,7.0,4.0,3.0,0.0,1035.0,49.0,41.0,0.0,0.0
2025-01-13 19:00:00,5.0,4.0,3.0,0.0,1036.0,55.0,30.0,0.0,0.0
2025-01-13 20:00:00,6.0,4.0,3.0,0.0,1036.0,55.0,29.0,0.0,0.0
2025-01-13 21:00:00,6.0,4.0,3.0,0.0,1036.0,56.0,33.0,0.0,0.0
2025-01-13 22:00:00,6.0,5.0,3.0,0.0,1036.0,58.0,38.0,0.0,0.0
2025-01-13 23:00:00,5.0,4.0,2.0,0.0,1036.0,58.0,33.0,0.0,0.0
2025-01-14 00:00:00,5.0,4.0,2.0,0.0,1036.0,58.0,33.0,0.0,0.0
2025-01-14 01:00:00,5.0,4.0,2.0,0.0,1036.0,57.0,35.0,0.0,0.0
2025-01-14 02:00:00,6.0,5.0,2.0,0.0,1035.0,55.0,33.0,0.0,0.0
2025-01-14 03:00:00,6.0,5.0,3.0,0.0,1035.0,53.0,31.0,0.0,0.0
2025-01-14 04:00:00,7.0,5.0,3.0,0.0,1034.0,50.0,24.0,0.0,0.0
2025-01-14 05:00:00,7.0,6.0,3.0,0.0,1033.0,47.0,18.0,0.0,0.0
2025-01-14 06:00:00,7.0,6.0,3.0,0.0,1033.0,44.0,9.0,0.0,0.0
2025-01-14 07:00:00,8.0,6.0,3.0,0.0,1034.0,53.0,10.0,0.0,0.0
2025-01-14 08:00:00,9.0,6.0,4.0,0.0,1034.0,50.0,10.0,0.0,0.0
2025-01-14 09:00:00,9.0,6.0,5.0,0.0,1034.0,45.0,16.0,0.0,0.0
2025-01-14 10:00:00,10.0,6.0,6.0,0.0,1034.0,40.0,20.0,0.0,0.0
2025-01-14 11:00:00,10.0,6.0,7.0,0.0,1033.0,36.0,27.0,0.0,0.0
2025-01-14 12:00:00,11.0,5.0,8.0,0.0,1032.0,34.0,34.0,0.0,0.0
2025-01-14 13:00:00,8.0,4.0,8.0,0.0,1032.0,32.0,33.0,0.0,0.0
2025-01-14 14:00:00,10.0,4.0,7.0,0.0,1031.0,31.0,33.0,0.0,0.0
2025-01-14 15:00:00,8.0,4.0,6.0,0.0,1031.0,33.0,33.0,0.0,0.0
2025-01-14 16:00:00,9.0,4.0,5.0,0.0,1031.0,35.0,31.0,0.0,0.0
2025-01-14 17:00:00,9.0,4.0,4.0,0.0,1031.0,37.0,31.0,0.0,0.0
2025-01-14 18:00:00,8.0,4.0,4.0,0.0,1031.0,38.0,30.0,0.0,0.0
2025-01-14 19:00:00,11.0,7.0,4.0,0.0,1031.0,42.0,18.0,0.0,0.0
2025-01-14 20:00:00,16.0,8.0,4.0,0.0,1031.0,41.0,16.0,0.0,0.0
2025-01-14 21:00:00,10.0,7.0,4.0,0.0,1031.0,40.0,13.0,0.0,0.0
2025-01-14 22:00:00,11.0,8.0,4.0,0.0,1030.0,40.0,11.0,0.0,0.0
2025-01-14 23:00:00,9.0,8.0,4.0,0.0,1030.0,40.0,10.0,0.0,0.0
2025-01-15 00:00:00,7.0,6.0,4.0,0.0,1029.0,40.0,5.0,0.0,0.0
2025-01-15 01:00:00,5.0,4.0,4.0,0.0,1028.0,43.0,6.0,0.0,0.0
2025-01-15 02:00:00,4.0,3.0,3.0,0.0,1028.0,45.0,4.0,0.0,0.0
2025-01-15 03:00:00,4.0,3.0,3.0,0.0,1027.0,42.0,4.0,0.0,0.0
2025-01-15 04:00:00,4.0,3.0,3.0,0.0,1026.0,43.0,3.0,0.0,0.0
2025-01-15 05:00:00,4.0,3.0,3.0,0.0,1025.0,42.0,3.0,0.0,0.0
2025-01-15 06:00:00,5.0,4.0,3.0,0.0,1025.0,42.0,4.0,0.0,0.0
2025-01-15 07:00:00,5.0,4.0,3.0,0.0,1024.0,52.0,5.0,0.0,0.0
2025-01-15 08:00:00,11.0,10.0,4.0,0.0,1025.0,42.0,8.0,0.0,0.0
2025-01-15 09:00:00,9.0,5.0,5.0,0.0,1024.0,46.0,16.0,0.0,0.0
2025-01-15 10:00:00,10.0,5.0,8.0,0.0,1025.0,38.0,14.0,0.0,0.0
2025-01-15 11:00:00,10.0,5.0,10.0,0.0,1024.0,28.0,15.0,0.0,0.0
2025-01-15 12:00:00,19.0,7.0,11.0,0.0,1024.0,27.0,17.0,0.0,0.0
2025-01-15 13:00:00,12.0,5.0,10.0,0.0,1024.0,31.0,22.0,0.0,0.0
2025-01-15 14:00:00,9.0,4.0,9.0,0.0,1024.0,36.0,27.0,0.0,0.0
2025-01-15 15:00:00,8.0,4.0,8.0,0.0,1025.0,41.0,27.0,0.0,0.0
2025-01-15 16:00:00,10.0,3.0,7.0,0.0,1026.0,45.0,25.0,0.0,0.0
2025-01-15 17:00:00,10.0,4.0,6.0,0.0,1026.0,48.0,26.0,0.0,0.0
2025-01-15 18:00:00,14.0,6.0,5.0,0.0,1027.0,50.0,26.0,0.0,0.0
2025-01-15 19:00:00,9.0,4.0,6.0,0.0,1027.0,55.0,15.0,0.0,0.0
2025-01-15 20:00:00,8.0,5.0,5.0,0.0,1028.0,57.0,15.0,0.0,0.0
2025-01-15 21:00:00,7.0,5.0,5.0,0.0,1028.0,59.0,15.0,0.0,0.0
2025-01-15 22:00:00,6.0,4.0,5.0,0.0,1028.0,60.0,16.0,0.0,0.0
2025-01-15 23:00:00,6.0,4.0,5.0,0.0,1029.0,61.0,17.0,0.0,0.0
2025-01-16 00:00:00,5.0,4.0,6.0,0.0,1029.0,63.0,20.0,0.0,0.0
2025-01-16 01:00:00,4.0,4.0,6.0,0.0,1029.0,66.0,22.0,0.0,0.0
2025-01-16 02:00:00,3.0,2.0,6.0,0.0,1029.0,67.0,22.0,0.0,0.0
2025-01-16 03:00:00,3.0,2.0,6.0,0.0,1030.0,68.0,25.0,0.0,0.0
2025-01-16 04:00:00,2.0,2.0,6.0,0.0,1030.0,66.0,25.0,0.0,0.0
2025-01-16 05:00:00,2.0,2.0,6.0,0.0,1031.0,64.0,26.0,0.0,0.0
2025-01-16 06:00:00,3.0,2.0,6.0,0.0,1031.0,62.0,25.0,0.0,0.0
2025-01-16 07:00:00,2.0,2.0,6.0,0.0,1032.0,59.0,20.0,0.0,0.0
2025-01-16 08:00:00,4.0,2.0,7.0,0.0,1032.0,58.0,18.0,0.0,0.0
2025-01-16 09:00:00,6.0,3.0,8.0,0.0,1033.0,54.0,23.0,0.0,0.0
2025-01-16 10:00:00,6.0,3.0,9.0,0.0,1034.0,49.0,26.0,0.0,0.0
2025-01-16 11:00:00,5.0,2.0,9.0,0.0,1034.0,46.0,30.0,0.0,0.0
2025-01-16 12:00:00,5.0,2.0,10.0,0.0,1034.0,44.0,35.0,0.0,0.0
2025-01-16 13:00:00,8.0,2.0,9.0,0.0,1033.0,42.0,37.0,0.0,0.0
2025-01-16 14:00:00,10.0,3.0,9.0,0.0,1033.0,42.0,37.0,0.0,0.0
2025-01-16 15:00:00,13.0,4.0,8.0,0.0,1034.0,44.0,34.0,0.0,0.0
2025-01-16 16:00:00,15.0,4.0,7.0,0.0,1034.0,46.0,35.0,0.0,0.0
2025-01-16 17:00:00,14.0,4.0,6.0,0.0,1035.0,47.0,35.0,0.0,0.0
2025-01-16 18:00:00,12.0,4.0,5.0,0.0,1035.0,47.0,35.0,0.0,0.0
2025-01-16 19:00:00,11.0,4.0,6.0,0.0,1036.0,49.0,13.0,0.0,0.0
2025-01-16 20:00:00,7.0,4.0,5.0,0.0,1036.0,50.0,11.0,0.0,0.0
2025-01-16 21:00:00,8.0,4.0,5.0,0.0,1036.0,49.0,9.0,0.0,0.0
2025-01-16 22:00:00,10.0,4.0,5.0,0.0,1037.0,49.0,9.0,0.0,0.0
2025-01-16 23:00:00,5.0,3.0,5.0,0.0,1037.0,49.0,9.0,0.0,0.0
2025-01-17 00:00:00,3.0,3.0,4.0,0.0,1037.0,50.0,8.0,0.0,0.0
2025-01-17 01:00:00,3.0,2.0,4.0,0.0,1037.0,50.0,7.0,0.0,0.0
2025-01-17 02:00:00,2.0,2.0,4.0,0.0,1037.0,52.0,8.0,0.0,0.0
2025-01-17 03:00:00,2.0,2.0,4.0,0.0,1037.0,54.0,9.0,0.0,0.0
2025-01-17 04:00:00,3.0,2.0,4.0,0.0,1037.0,53.0,9.0,0.0,0.0
2025-01-17 05:00:00,3.0,3.0,4.0,0.0,1036.0,52.0,9.0,0.0,0.0
2025-01-17 06:00:00,5.0,4.0,3.0,0.0,1036.0,52.0,10.0,0.0,0.0
2025-01-17 07:00:00,5.0,4.0,3.0,0.0,1037.0,52.0,9.0,0.0,0.0
2025-01-17 08:00:00,7.0,4.0,3.0,0.0,1037.0,50.0,7.0,0.0,0.0
2025-01-17 09:00:00,10.0,4.0,4.0,0.0,1037.0,44.0,7.0,0.0,0.0
2025-01-17 10:00:00,15.0,5.0,6.0,0.0,1037.0,37.0,7.0,0.0,0.0
2025-01-17 11:00:00,15.0,5.0,8.0,0.0,1036.0,35.0,12.0,0.0,0.0
2025-01-17 12:00:00,17.0,5.0,9.0,0.0,1036.0,35.0,18.0,0.0,0.0
2025-01-17 13:00:00,10.0,4.0,19.43285919415041,0.1385890399191565,1015.1283865507883,64.63442872177939,10.122728736668705,0.0,0.0
2025-01-17 14:00:00,13.0,5.0,20.614283652877305,0.12746014716105858,1014.9019860764258,63.91634114085696,10.108022187934807,0.0,0.0
2025-01-17 15:00:00,7.0,4.0,17.404419442782967,0.15172086817637886,1015.7404611918294,66.21147999422828,9.9826875717647,0.0,0.0
2025-01-17 16:00:00,9.0,6.0,17.062682025080107,0.14697218700315684,1016.1037597644925,66.87803986231529,9.766552921091659,0.0,0.0
2025-01-17 17:00:00,20.0,7.0,23.65327915412007,0.10082508555913083,1014.2451602473537,61.95448222153004,10.125289478768366,0.0,0.0
2025-01-17 18:00:00,16.0,8.0,20.10167752632293,0.12033712540122732,1015.4469339354205,64.91618094298792,9.783820211925217,0.0,0.0
2025-01-17 19:00:00,12.0,7.0,18.244106483807002,0.13584329424506247,1015.87735929013,66.15995228139309,9.751846372357761,0.0,0.0
2025-01-17 20:00:00,8.0,7.0,15.539520148650354,0.15335239858803273,1016.6934588115181,68.26268731132495,9.565124819152402,0.0,0.0
2025-01-17 21:00:00,11.0,8.0,16.72094460737725,0.14222350582993304,1016.4670583371555,67.54459973040252,9.550418270418561,0.0,0.0
2025-01-17 22:00:00,10.0,8.0,16.0447980235881,0.14660078191567383,1016.6710832175027,68.07028348788549,9.50373788211715,0.0,0.0
2025-01-17 23:00:00,10.0,9.0,15.197782730947495,0.14860371741480272,1017.0567573841812,68.92924717941219,9.348990168479247,0.0,0.0
2025-01-18 00:00:00,10.0,9.0,15.197782730947495,0.14860371741480272,1017.0567573841812,68.92924717941219,9.348990168479247,0.0,0.0
2025-01-18 01:00:00,11.0,8.0,16.72094460737725,0.14222350582993304,1016.4670583371555,67.54459973040252,9.550418270418561,0.0,0.0
2025-01-18 02:00:00,10.0,7.0,16.891813316228706,0.14459784641654316,1016.285409050824,67.21131979635902,9.658485595755053,0.0,0.0
2025-01-18 03:00:00,8.0,7.0,15.539520148650354,0.15335239858803273,1016.6934588115181,68.26268731132495,9.565124819152402,0.0,0.0
2025-01-18 04:00:00,7.0,6.0,15.710388857501812,0.1557267391746402,1016.5118095251865,67.929407377281,9.67319214448895,0.0,0.0
2025-01-18 05:00:00,7.0,5.0,16.55740415014236,0.15372380367551308,1016.126135358508,67.07044368575453,9.82793985812691,0.0,0.0
2025-01-18 06:00:00,6.0,5.0,15.88125756635327,0.15810107976125298,1016.330160238855,67.59612744323749,9.781259469825557,0.0,0.0
2025-01-18 07:00:00,5.0,5.0,15.205110982564122,0.1624783558469982,1016.534185119202,68.12181120072069,9.734579081524203,0.0,0.0
2025-01-18 08:00:00,10.0,5.0,18.585843901509804,0.14059197541828805,1015.5140607174668,65.49339241330608,9.967981023030802,0.0,0.0
2025-01-18 09:00:00,16.0,7.0,20.948692818963536,0.11833418990209488,1015.0612597687419,64.05721725146145,9.938567925563007,0.0,0.0
2025-01-18 10:00:00,15.0,6.0,21.11956152781505,0.12070853048870678,1014.8796104824103,63.72393731741795,10.046635250899499,0.0,0.0
2025-01-18 11:00:00,19.0,6.0,23.82414786297153,0.1031994261457454,1014.0635109610222,61.62120228748631,10.233356804104915,0.0,0.0
2025-01-18 12:00:00,13.0,5.0,20.614283652877305,0.12746014716105858,1014.9019860764258,63.91634114085696,10.108022187934807,0.0,0.0
2025-01-18 13:00:00,8.0,4.0,18.080566026572114,0.14734359209063808,1015.5364363114824,65.68579623674509,10.02936796006611,0.0,0.0
2025-01-18 14:00:00,10.0,5.0,18.585843901509804,0.14059197541828805,1015.5140607174668,65.49339241330608,9.967981023030802,0.0,0.0
2025-01-18 15:00:00,15.0,5.0,21.966576820455543,0.118705594989577,1014.4939363157317,62.86497362589125,10.201382964537515,0.0,0.0
2025-01-18 16:00:00,12.0,5.0,19.938137069088157,0.1318374232468038,1015.1060109567728,64.44202489834015,10.061341799633453,0.0,0.0
2025-01-18 17:00:00,12.0,4.0,20.785152361728706,0.12983448774767758,1014.7203367900942,63.58306120681368,10.216089513271356,0.0,0.0
2025-01-18 18:00:00,13.0,4.0,21.46129894551791,0.1254572116619288,1014.5163119097472,63.05737744933049,10.26276990157271,0.0,0.0
2025-01-18 19:00:00,10.0,3.0,20.279874486791016,0.1365861044200276,1014.7427123841097,63.77546503025269,10.277476450306608,0.0,0.0
2025-01-18 20:00:00,10.0,3.0,20.279874486791016,0.1365861044200276,1014.7427123841097,63.77546503025269,10.277476450306608,0.0,0.0
2025-01-18 21:00:00,7.0,4.0,17.404419442782967,0.15172086817637886,1015.7404611918294,66.21147999422828,9.9826875717647,0.0,0.0
2025-01-18 22:00:00,9.0,6.0,17.062682025080107,0.14697218700315684,1016.1037597644925,66.87803986231529,9.766552921091659,0.0,0.0
2025-01-18 23:00:00,5.0,3.0,16.899141567845277,0.15847248484873333,1015.7628367858449,66.40388381766729,10.044074508799952,0.0,0.0
2025-01-19 00:00:00,4.0,3.0,16.22299498405613,0.16284976093447678,1015.9668616661919,66.92956757515026,9.997394120498655,0.0,0.0
2025-01-19 01:00:00,4.0,3.0,16.22299498405613,0.16284976093447678,1015.9668616661919,66.92956757515026,9.997394120498655,0.0,0.0
2025-01-19 02:00:00,3.0,3.0,15.546848400267038,0.1672270370202158,1016.1708865465389,67.45525133263322,9.9507137321973,0.0,0.0
2025-01-19 03:00:00,3.0,2.0,16.393863692907587,0.1652241015210869,1015.7852123798604,66.59628764110653,10.105461445835203,0.0,0.0
2025-01-19 04:00:00,3.0,2.0,16.393863692907587,0.1652241015210869,1015.7852123798604,66.59628764110653,10.105461445835203,0.0,0.0
2025-01-19 05:00:00,2.0,2.0,15.717717109118439,0.1696013776068268,1015.9892372602073,67.1219713985895,10.058781057533906,0.0,0.0
2025-01-19 06:00:00,4.0,3.0,16.22299498405613,0.16284976093447678,1015.9668616661919,66.92956757515026,9.997394120498655,0.0,0.0
2025-01-19 07:00:00,5.0,4.0,16.052126275204728,0.160475420347864,1016.1485109525233,67.26284750919399,9.889326795162106,0.0,0.0
2025-01-19 08:00:00,6.0,5.0,15.88125756635327,0.15810107976125298,1016.330160238855,67.59612744323749,9.781259469825557,0.0,0.0
2025-01-19 09:00:00,3.0,3.0,15.546848400267038,0.1672270370202158,1016.1708865465389,67.45525133263322,9.9507137321973,0.0,0.0
2025-01-19 10:00:00,6.0,6.0,15.034242273712664,0.16010401526038098,1016.7158344055335,68.45509113476419,9.626511756187654,0.0,0.0
2025-01-19 11:00:00,6.0,5.0,15.88125756635327,0.15810107976125298,1016.330160238855,67.59612744323749,9.781259469825557,0.0,0.0
2025-01-19 12:00:00,7.0,6.0,15.710388857501812,0.1557267391746402,1016.5118095251865,67.929407377281,9.67319214448895,0.0,0.0
2025-01-19 13:00:00,7.0,5.0,16.55740415014236,0.15372380367551308,1016.126135358508,67.07044368575453,9.82793985812691,0.0,0.0
2025-01-19 14:00:00,8.0,5.0,17.23355073393151,0.14934652758976785,1015.9221104781609,66.54475992827179,9.874620246428208,0.0,0.0
2025-01-19 15:00:00,15.0,8.0,19.425530942533896,0.124714401486969,1015.6509588157675,65.44186470047089,9.737139823623806,0.0,0.0
2025-01-19 16:00:00,14.0,10.0,17.05535377346348,0.13309754857096667,1016.6263320294717,67.68547584100702,9.380964008046703,0.0,0.0
2025-01-19 17:00:00,18.0,15.0,15.52486364541727,0.12560312172365062,1017.7386033414764,69.87755926870818,8.793946993062605,0.0,0.0
2025-01-19 18:00:00,14.0,11.0,16.208338480822988,0.13510048407009645,1017.0120061961502,68.54443953253372,9.2262162944088,0.0,0.0
2025-01-19 19:00:00,12.0,10.0,15.703060605885241,0.14185210074245358,1017.0343817901656,68.73684335597295,9.287603231444109,0.0,0.0
2025-01-19 20:00:00,20.0,19.0,13.489095642433142,0.12486031154868638,1018.8732502474967,72.26204651984881,8.268316915113644,0.0,0.0
2025-01-19 21:00:00,19.0,17.0,14.506979643925206,0.12523171663616672,1018.3059267944866,71.06980289427838,8.531131954088153,0.0,0.0
2025-01-19 22:00:00,19.0,16.0,15.353994936565812,0.12322878113703872,1017.920252627808,70.21083920275169,8.685879667726056,0.0,0.0
2025-01-19 23:00:00,22.0,20.0,13.994373517370946,0.11810869487633724,1018.8508746534812,72.06964269640935,8.206929978078449,0.0,0.0
2025-01-20 00:00:00,12.0,9.0,16.550075898525847,0.13984916524332291,1016.6487076234871,67.87787966444625,9.442350945081955,0.0,0.0
2025-01-20 01:00:00,18.0,14.0,16.37187893805782,0.12360018622452262,1017.3529291747979,69.01859557718171,8.948694706700508,0.0,0.0
2025-01-20 02:00:00,15.0,11.0,16.884485064612136,0.1307232079843592,1016.8079813158032,68.01875577505075,9.272896682710154,0.0,0.0
2025-01-20 03:00:00,13.0,8.0,18.073237774955544,0.13346895365845057,1016.0590085764616,66.49323221543682,9.643779047021155,0.0,0.0
2025-01-20 04:00:00,12.0,7.0,18.244106483807002,0.13584329424506247,1015.87735929013,66.15995228139309,9.751846372357761,0.0,0.0
2025-01-20 05:00:00,20.0,13.0,18.57118739827672,0.11284269855390949,1016.5592052474252,67.10826437068931,9.196803196941005,0.0,0.0
2025-01-20 06:00:00,21.0,10.0,21.788379859987515,0.10245661597077671,1015.1981578670425,64.00568953862648,9.707726726156011,0.0,0.0
2025-01-20 07:00:00,18.0,9.0,20.606955401260677,0.11358550872887463,1015.4245583414049,64.72377711954891,9.722433274889909,0.0,0.0
2025-01-20 08:00:00,23.0,10.0,23.140673027565867,0.09370206379929424,1014.7901081063485,62.95432202366055,9.801087502758662,0.0,0.0
2025-01-20 09:00:00,23.0,11.0,22.29365773492526,0.09570499929842402,1015.175782273027,63.81328571518725,9.64633978912076,0.0,0.0
2025-01-20 10:00:00,29.0,12.0,25.5035219450196,0.07144427828310373,1014.3373071576234,61.51814686181615,9.771674405290867,0.0,0.0
2025-01-20 11:00:00,42.0,17.0,30.058351071075606,0.024554366664111704,1013.613354546505,58.97907647217107,9.60478088501867,0.0,0.0
2025-01-20 12:00:00,45.0,23.0,27.004699066599528,0.02344015140166711,1015.3153249055354,62.5558073488819,8.816335768095314,0.0,0.0
2025-01-20 13:00:00,39.0,18.0,27.182896027067557,0.0396891304204674,1014.6111033542246,61.41509143614644,9.309992006476818,0.0,0.0
2025-01-20 14:00:00,45.0,20.0,29.545744944521232,0.017431344904275115,1014.1583024054996,59.97891627430204,9.280578909008966,0.0,0.0
2025-01-20 15:00:00,51.0,20.0,33.602624447256176,-0.008832311610172283,1012.9341531234174,56.82481372940447,9.560661238816976,0.0,0.0
2025-01-20 16:00:00,50.0,23.0,30.38543198554521,0.0015537709729596116,1014.2952005038002,59.927388561467296,9.04973770960197,0.0,0.0
2025-01-20 17:00:00,44.0,20.0,28.86959836073214,0.021808620990015903,1014.3623272858466,60.504600031785,9.233898520707669,0.0,0.0
2025-01-20 18:00:00,58.0,31.0,29.018482314733774,-0.017440953719934704,1015.7483947944527,62.59362803381623,8.185199106909522,0.0,0.0
2025-01-20 19:00:00,60.0,35.0,26.98271431174976,-0.018183763894898952,1016.8830417004729,64.97811528495686,7.659569028960618,0.0,0.0
2025-01-20 20:00:00,59.0,33.0,28.00059831324171,-0.017812358807414164,1016.3157182474628,63.785871659386885,7.922384067935013,0.0,0.0
2025-01-20 21:00:00,57.0,27.0,31.730396901506992,-0.021075419630714798,1014.4097230080853,59.68345702519309,8.757509573159723,0.0,0.0
2025-01-20 22:00:00,54.0,26.0,30.548972442780155,-0.00994652687261599,1014.6361234824478,60.401544606115294,8.77221612189362,0.0,0.0
2025-01-20 23:00:00,51.0,22.0,31.90859386197502,-0.004826440611911842,1013.7055014567745,58.54274111245786,9.251165811541227,0.0,0.0
2025-01-21 00:00:00,52.0,21.0,33.431755738404604,-0.011206652196782407,1013.115802409749,57.1580936634482,9.452593913480428,0.0,0.0
2025-01-21 01:00:00,53.0,27.0,29.0258105663504,-0.003566315287743649,1015.2258225294735,61.78619205512473,8.57078801995442,0.0,0.0
2025-01-21 02:00:00,64.0,37.0,27.993270061625196,-0.031686997239601666,1016.838290512442,64.59330763807839,7.536795154890115,0.0,0.0
2025-01-21 03:00:00,55.0,27.0,30.37810373392864,-0.01232086745922878,1014.8177727687794,60.7348245401588,8.664148796557129,0.0,0.0
2025-01-21 04:00:00,48.0,21.0,30.727169403248183,0.006302452146184301,1013.9319019311371,59.26082869338006,9.265872360275068,0.0,0.0
2025-01-21 05:00:00,45.0,20.0,29.545744944521232,0.017431344904275115,1014.1583024054996,59.97891627430204,9.280578909008966,0.0,0.0
2025-01-21 06:00:00,43.0,20.0,28.193451776942993,0.026185897075760245,1014.5663521661937,61.03028378926774,9.187218132406372,0.0,0.0
2025-01-21 07:00:00,43.0,25.0,23.958375313740078,0.03620057457141268,1016.4947229995867,65.32510224690054,8.41347956421697,0.0,0.0
2025-01-21 08:00:00,41.0,21.0,25.99414331672415,0.036943384746377816,1015.3600760935662,62.9406149957606,8.93910964216576,0.0,0.0
2025-01-21 09:00:00,41.0,22.0,25.147128024083543,0.03894632024550848,1015.7457502602449,63.79957868728707,8.784361928527915,0.0,0.0
2025-01-21 10:00:00,44.0,22.0,27.17556777545093,0.025814491988282562,1015.1336756192038,62.222527414838396,8.92440309343192,0.0,0.0
2025-01-21 11:00:00,49.0,25.0,11.0,0.0,1018.0,60.0,3.0,0.0,0.0
2025-01-21 12:00:00,45.0,24.0,11.0,0.0,1017.0,60.0,6.0,0.0,0.0
2025-01-21 13:00:00,41.0,23.0,11.0,0.0,1017.0,66.0,10.0,0.0,0.0
2025-01-21 14:00:00,45.0,30.0,10.0,0.0,1017.0,71.0,13.0,0.0,0.0
2025-01-21 15:00:00,39.0,25.0,10.0,0.0,1017.0,75.0,10.0,0.0,0.0
2025-01-21 16:00:00,38.0,25.0,9.0,0.0,1018.0,76.0,5.0,0.0,0.0
2025-01-21 17:00:00,47.0,33.0,8.0,0.0,1018.0,83.0,4.0,0.0,0.0
2025-01-21 18:00:00,44.0,31.0,8.0,0.0,1018.0,85.0,3.0,0.0,0.0
2025-01-21 19:00:00,46.0,35.0,7.0,0.0,1019.0,88.0,1.0,0.0,0.0
2025-01-21 20:00:00,34.0,25.0,7.0,0.0,1019.0,90.0,3.0,0.0,0.0
2025-01-21 21:00:00,36.0,27.0,6.0,0.0,1019.0,92.0,3.0,0.0,0.0
2025-01-21 22:00:00,35.0,27.0,6.0,0.0,1019.0,92.0,3.0,0.0,0.0
2025-01-21 23:00:00,32.0,24.0,6.0,0.0,1019.0,88.0,5.0,0.0,0.0
2025-01-22 00:00:00,41.0,33.0,6.0,0.0,1019.0,89.0,5.0,0.0,0.0
2025-01-22 01:00:00,46.0,38.0,6.0,0.0,1019.0,89.0,4.0,0.0,0.0
2025-01-22 02:00:00,37.0,30.0,6.0,0.0,1019.0,89.0,4.0,0.0,0.0
2025-01-22 03:00:00,38.0,32.0,6.0,0.0,1018.0,90.0,5.0,0.0,0.0
2025-01-22 04:00:00,50.0,38.0,6.0,0.0,1018.0,90.0,4.0,0.0,0.0
2025-01-22 05:00:00,54.0,41.0,6.0,0.0,1018.0,91.0,4.0,0.0,0.0
2025-01-22 06:00:00,60.0,48.0,6.0,0.0,1019.0,92.0,5.0,0.0,0.0
2025-01-22 07:00:00,65.0,54.0,8.0,0.0,1018.0,79.0,3.0,0.0,0.0
2025-01-22 08:00:00,58.0,49.0,8.0,0.0,1018.0,80.0,2.0,0.0,0.0
2025-01-22 09:00:00,51.0,45.0,10.0,0.0,1019.0,73.0,4.0,0.0,0.0
2025-01-22 10:00:00,52.0,42.0,12.0,0.0,1019.0,68.0,4.0,0.0,0.0
2025-01-22 11:00:00,47.0,39.0,12.0,0.0,1018.0,64.0,6.0,0.0,0.0
2025-01-22 12:00:00,30.0,24.0,13.0,0.0,1018.0,61.0,9.0,0.0,0.0
2025-01-22 13:00:00,25.0,20.0,12.0,0.0,1017.0,63.0,11.0,0.0,0.0
2025-01-22 14:00:00,26.0,21.0,12.0,0.0,1017.0,69.0,12.0,0.0,0.0
2025-01-22 15:00:00,27.0,22.0,11.0,0.0,1017.0,74.0,10.0,0.0,0.0
2025-01-22 16:00:00,14.0,12.0,10.0,0.0,1017.0,80.0,8.0,0.0,0.0
2025-01-22 17:00:00,16.0,12.0,10.0,0.0,1016.0,87.0,2.0,0.0,0.0
2025-01-22 18:00:00,22.0,17.0,9.0,0.0,1016.0,93.0,5.0,0.0,0.0
2025-01-22 19:00:00,23.0,20.0,9.0,0.3,1016.0,92.0,5.0,0.0,0.0
2025-01-22 20:00:00,21.0,18.0,9.0,0.2,1016.0,94.0,4.0,0.0,0.0
2025-01-22 21:00:00,25.0,20.0,8.0,0.3,1016.0,96.0,1.0,0.0,0.0
2025-01-22 22:00:00,31.0,25.0,8.0,0.4,1016.0,97.0,1.0,0.0,0.0
2025-01-22 23:00:00,34.0,29.0,9.0,0.9,1016.0,96.0,2.0,0.0,0.0
2025-01-23 00:00:00,33.0,30.0,9.0,1.0,1015.0,94.0,3.0,0.0,0.0
2025-01-23 01:00:00,32.0,30.0,9.0,0.7,1015.0,92.0,6.0,0.0,0.0
2025-01-23 02:00:00,23.0,21.0,10.0,0.7,1014.0,92.0,9.0,0.0,0.0
2025-01-23 03:00:00,20.0,19.0,10.0,1.0,1013.0,92.0,10.0,0.0,0.0
2025-01-23 04:00:00,21.0,21.0,10.0,0.6,1013.0,93.0,16.0,0.0,0.0
2025-01-23 05:00:00,27.0,26.0,10.0,0.8,1013.0,91.0,15.0,0.0,0.0
2025-01-23 06:00:00,24.0,23.0,10.0,1.5,1012.0,91.0,16.0,0.0,0.0
2025-01-23 07:00:00,9.0,8.0,11.0,0.9,1013.0,83.0,10.0,0.0,0.0
2025-01-23 08:00:00,6.0,5.0,12.0,0.8,1013.0,83.0,10.0,0.0,0.0
2025-01-23 09:00:00,6.0,5.0,13.0,0.9,1013.0,82.0,9.0,0.0,0.0
2025-01-23 10:00:00,6.0,4.0,14.0,1.1,1012.0,80.0,18.0,0.0,0.0
2025-01-23 11:00:00,5.0,4.0,14.0,1.0,1012.0,82.0,23.0,0.0,0.0
2025-01-23 12:00:00,6.0,4.0,12.0,1.1,1012.0,89.0,13.0,0.0,0.0
2025-01-23 13:00:00,9.0,6.0,11.0,1.2,1011.0,94.0,6.0,0.0,0.0
2025-01-23 14:00:00,12.0,8.0,11.0,0.6,1011.0,95.0,5.0,0.0,0.0
2025-01-23 15:00:00,15.0,11.0,10.0,1.2,1011.0,96.0,7.0,0.0,0.0
2025-01-23 16:00:00,16.0,14.0,10.0,0.6,1012.0,97.0,6.0,0.0,0.0
2025-01-23 17:00:00,19.0,16.0,10.0,0.6,1012.0,99.0,5.0,0.0,0.0
2025-01-23 18:00:00,19.0,16.0,9.0,0.6,1012.0,98.0,5.0,0.0,0.0
2025-01-23 19:00:00,13.0,11.0,9.0,0.6,1013.0,98.0,3.0,0.0,0.0
2025-01-23 20:00:00,19.0,16.0,9.0,0.4,1014.0,98.0,1.0,0.0,0.0
2025-01-23 21:00:00,22.0,21.0,9.0,0.1,1014.0,98.0,1.0,0.0,0.0
2025-01-23 22:00:00,19.0,18.0,9.0,0.0,1015.0,99.0,3.0,0.0,0.0
2025-01-23 23:00:00,13.0,13.0,9.0,0.1,1016.0,98.0,7.0,0.0,0.0
2025-01-24 00:00:00,13.0,13.0,9.0,0.1,1016.0,98.0,4.0,0.0,0.0
2025-01-24 01:00:00,11.0,11.0,8.0,0.0,1016.0,98.0,4.0,0.0,0.0
2025-01-24 02:00:00,24.0,24.0,8.0,0.0,1016.0,98.0,8.0,0.0,0.0
2025-01-24 03:00:00,31.0,30.0,8.0,0.0,1016.0,99.0,6.0,0.0,0.0
2025-01-24 04:00:00,37.0,36.0,8.0,0.0,1017.0,98.0,3.0,0.0,0.0
2025-01-24 05:00:00,31.0,29.0,8.0,0.0,1017.0,98.0,3.0,0.0,0.0
2025-01-24 06:00:00,27.0,25.0,8.0,0.0,1018.0,97.0,3.0,0.0,0.0
2025-01-24 07:00:00,31.0,29.0,9.0,0.0,1017.0,76.0,3.0,0.0,0.0
2025-01-24 08:00:00,35.0,32.0,9.0,0.0,1018.0,76.0,2.0,0.0,0.0
2025-01-24 09:00:00,38.0,36.0,10.0,0.0,1019.0,72.0,3.0,0.0,0.0
2025-01-24 10:00:00,34.0,32.0,10.0,0.0,1020.0,72.0,1.0,0.0,0.0
2025-01-24 11:00:00,23.0,21.0,11.0,0.0,1020.0,73.0,3.0,0.0,0.0
2025-01-24 12:00:00,28.0,27.0,12.0,0.0,1019.0,74.0,4.0,0.0,0.0
2025-01-24 13:00:00,30.0,29.0,12.0,0.0,1019.0,76.0,3.0,0.0,0.0
2025-01-24 14:00:00,24.0,23.0,11.0,0.0,1018.0,83.0,3.0,0.0,0.0
2025-01-24 15:00:00,27.0,24.0,11.0,0.0,1019.0,83.0,3.0,0.0,0.0
2025-01-24 16:00:00,42.0,39.0,10.0,0.0,1019.0,92.0,5.0,0.0,0.0
2025-01-24 17:00:00,37.0,35.0,9.0,0.0,1020.0,93.0,7.0,0.0,0.0
2025-01-24 18:00:00,39.0,37.0,8.0,0.0,1020.0,93.0,4.0,0.0,0.0
2025-01-24 19:00:00,21.0,19.0,9.0,0.0,1021.0,89.0,1.0,0.0,0.0
2025-01-24 20:00:00,26.0,23.0,8.0,0.0,1021.0,91.0,5.0,0.0,0.0
2025-01-24 21:00:00,28.0,26.0,8.0,0.0,1021.0,94.0,5.0,0.0,0.0
2025-01-24 22:00:00,33.0,30.0,8.0,0.0,1021.0,94.0,4.0,0.0,0.0
2025-01-24 23:00:00,42.0,39.0,7.0,0.0,1021.0,95.0,4.0,0.0,0.0
2025-01-25 00:00:00,37.0,34.0,6.0,0.0,1021.0,95.0,5.0,0.0,0.0
2025-01-25 01:00:00,31.0,27.0,6.0,0.0,1022.0,93.0,6.0,0.0,0.0
2025-01-25 02:00:00,19.0,17.0,6.0,0.0,1021.0,90.0,5.0,0.0,0.0
2025-01-25 03:00:00,11.0,10.0,6.0,0.0,1021.0,91.0,4.0,0.0,0.0
2025-01-25 04:00:00,14.0,12.0,6.0,0.0,1021.0,91.0,5.0,0.0,0.0
2025-01-25 05:00:00,18.0,16.0,6.0,0.0,1021.0,90.0,5.0,0.0,0.0
2025-01-25 06:00:00,17.0,15.0,6.0,0.0,1022.0,91.0,6.0,0.0,0.0
2025-01-25 07:00:00,20.0,16.0,9.0,0.0,1022.0,88.0,2.0,0.0,0.0
2025-01-25 08:00:00,19.0,16.0,10.0,0.0,1022.0,86.0,2.0,0.0,0.0
2025-01-25 09:00:00,67.0,26.0,11.0,0.0,1022.0,83.0,1.0,0.0,0.0
2025-01-25 10:00:00,36.0,25.0,12.0,0.0,1022.0,83.0,2.0,0.0,0.0
2025-01-25 11:00:00,42.0,33.0,12.0,0.0,1022.0,83.0,4.0,0.0,0.0
2025-01-25 12:00:00,38.0,31.0,12.0,0.0,1021.0,85.0,7.0,0.0,0.0
2025-01-25 13:00:00,33.0,28.0,11.0,0.0,1020.0,87.0,6.0,0.0,0.0
2025-01-25 14:00:00,24.0,21.0,10.0,0.0,1020.0,86.0,7.0,0.0,0.0
2025-01-25 15:00:00,27.0,24.0,10.0,0.0,1020.0,88.0,4.0,0.0,0.0
2025-01-25 16:00:00,32.0,27.0,9.0,0.0,1020.0,92.0,3.0,0.0,0.0
2025-01-25 17:00:00,25.0,21.0,8.0,0.0,1020.0,96.0,1.0,0.0,0.0
2025-01-25 18:00:00,51.0,41.0,8.0,0.0,1020.0,96.0,0.0,0.0,0.0
2025-01-25 19:00:00,35.0,28.0,8.0,0.0,1020.0,94.0,3.0,0.0,0.0
2025-01-25 20:00:00,35.0,29.0,8.0,0.0,1020.0,94.0,4.0,0.0,0.0
2025-01-25 21:00:00,35.0,29.0,8.0,0.0,1020.0,94.0,4.0,0.0,0.0
2025-01-25 22:00:00,42.0,34.0,8.0,0.0,1020.0,94.0,3.0,0.0,0.0
2025-01-25 23:00:00,42.0,35.0,8.0,0.0,1020.0,93.0,3.0,0.0,0.0
2025-01-26 00:00:00,49.0,37.0,8.0,0.0,1019.0,93.0,4.0,0.0,0.0
2025-01-26 01:00:00,66.0,48.0,8.0,0.0,1019.0,93.0,3.0,0.0,0.0
2025-01-26 02:00:00,49.0,41.0,8.0,0.0,1018.0,94.0,3.0,0.0,0.0
2025-01-26 03:00:00,46.0,36.0,8.0,0.0,1018.0,93.0,4.0,0.0,0.0
2025-01-26 04:00:00,31.0,27.0,8.0,0.0,1018.0,92.0,4.0,0.0,0.0
2025-01-26 05:00:00,30.0,26.0,9.0,0.0,1017.0,92.0,6.0,0.0,0.0
2025-01-26 06:00:00,15.0,10.0,9.0,0.0,1017.0,91.0,4.0,0.0,0.0
2025-01-26 07:00:00,12.0,8.0,13.0,0.0,1017.0,78.0,8.0,0.0,0.0
2025-01-26 08:00:00,12.0,8.0,14.0,0.0,1016.0,78.0,9.0,0.0,0.0
2025-01-26 09:00:00,15.0,10.0,17.0,0.0,1016.0,76.0,20.0,0.0,0.0
2025-01-26 10:00:00,29.0,11.0,18.0,0.0,1016.0,72.0,26.0,0.0,0.0
2025-01-26 11:00:00,72.0,19.0,18.0,0.0,1016.0,69.0,27.0,0.0,0.0
2025-01-26 12:00:00,45.0,14.0,17.0,0.0,1015.0,67.0,27.0,0.0,0.0
2025-01-26 13:00:00,18.0,10.0,14.0,2.0,1015.0,82.0,35.0,0.0,0.0
2025-01-26 14:00:00,18.0,10.0,13.0,0.8,1015.0,82.0,23.0,0.0,0.0
2025-01-26 15:00:00,14.0,10.0,13.0,0.0,1015.0,83.0,25.0,0.0,0.0
2025-01-26 16:00:00,12.0,9.0,12.0,0.0,1015.0,84.0,25.0,0.0,0.0
2025-01-26 17:00:00,11.0,8.0,12.0,0.0,1015.0,85.0,23.0,0.0,0.0
2025-01-26 18:00:00,8.0,6.0,11.0,0.0,1016.0,88.0,21.0,0.0,0.0
2025-01-26 19:00:00,12.0,8.0,11.0,0.0,1016.0,88.0,14.0,0.0,0.0
2025-01-26 20:00:00,16.0,13.0,10.0,0.0,1017.0,92.0,11.0,0.0,0.0
2025-01-26 21:00:00,20.0,17.0,10.0,0.0,1018.0,91.0,8.0,0.0,0.0
2025-01-26 22:00:00,22.0,20.0,9.0,0.0,1018.0,91.0,8.0,0.0,0.0
2025-01-26 23:00:00,21.0,19.0,9.0,0.0,1018.0,91.0,8.0,0.0,0.0
2025-01-27 00:00:00,17.0,15.0,9.0,0.0,1018.0,91.0,7.0,0.0,0.0
2025-01-27 01:00:00,16.0,14.0,8.0,0.0,1018.0,90.0,5.0,0.0,0.0
2025-01-27 02:00:00,12.0,9.0,8.0,0.0,1018.0,88.0,6.0,0.0,0.0
2025-01-27 03:00:00,9.0,7.0,8.0,0.0,1017.0,87.0,8.0,0.0,0.0
2025-01-27 04:00:00,8.0,6.0,8.0,0.0,1016.0,84.0,8.0,0.0,0.0
2025-01-27 05:00:00,7.0,5.0,9.0,0.0,1016.0,81.0,16.0,0.0,0.0
2025-01-27 06:00:00,10.0,6.0,10.0,0.0,1016.0,76.0,17.0,0.0,0.0
2025-01-27 07:00:00,11.0,6.0,13.0,0.0,1015.0,73.0,9.0,0.0,0.0
2025-01-27 08:00:00,11.0,6.0,13.0,0.0,1015.0,76.0,9.0,0.0,0.0
2025-01-27 09:00:00,12.0,7.0,14.0,0.0,1016.0,74.0,10.0,0.0,0.0
2025-01-27 10:00:00,12.0,7.0,15.0,0.0,1016.0,73.0,12.0,0.0,0.0
2025-01-27 11:00:00,11.0,6.0,15.0,0.0,1016.0,74.0,16.0,0.0,0.0
2025-01-27 12:00:00,12.0,6.0,14.0,0.1,1015.0,81.0,20.0,0.0,0.0
2025-01-27 13:00:00,13.0,7.0,13.0,0.0,1014.0,80.0,25.0,0.0,0.0
2025-01-27 14:00:00,13.0,7.0,13.0,0.0,1013.0,81.0,27.0,0.0,0.0
2025-01-27 15:00:00,15.0,9.0,13.0,0.0,1012.0,80.0,28.0,0.0,0.0
2025-01-27 16:00:00,11.0,7.0,13.0,0.0,1012.0,78.0,28.0,0.0,0.0
2025-01-27 17:00:00,8.0,5.0,13.0,0.0,1011.0,74.0,28.0,0.0,0.0
2025-01-27 18:00:00,11.0,7.0,14.0,0.0,1010.0,71.0,32.0,0.0,0.0
2025-01-27 19:00:00,11.0,7.0,13.0,0.0,1011.0,74.0,26.0,0.0,0.0
2025-01-27 20:00:00,10.0,6.0,13.0,0.3,1010.0,81.0,26.0,0.0,0.0
2025-01-27 21:00:00,11.0,7.0,13.0,0.5,1010.0,84.0,27.0,0.0,0.0
2025-01-27 22:00:00,13.0,8.0,13.0,1.2,1009.0,86.0,29.0,0.0,0.0
2025-01-27 23:00:00,11.0,7.0,13.0,0.8,1008.0,86.0,30.0,0.0,0.0
2025-01-28 00:00:00,10.0,7.0,13.0,1.8,1008.0,86.0,33.0,0.0,0.0
2025-01-28 01:00:00,9.0,6.0,13.0,2.2,1007.0,86.0,34.0,0.0,0.0
2025-01-28 02:00:00,9.0,6.0,13.0,0.8,1006.0,86.0,33.0,0.0,0.0
2025-01-28 03:00:00,7.0,5.0,13.0,0.1,1005.0,84.0,35.0,0.0,0.0
2025-01-28 04:00:00,6.0,4.0,13.0,0.0,1004.0,83.0,33.0,0.0,0.0
2025-01-28 05:00:00,8.0,6.0,14.0,0.0,1004.0,80.0,33.0,0.0,0.0
2025-01-28 06:00:00,8.0,6.0,14.0,0.0,1004.0,80.0,33.0,0.0,0.0
2025-01-28 07:00:00,9.0,6.0,15.0,0.0,1003.0,77.0,34.0,0.0,0.0
2025-01-28 08:00:00,17.0,11.0,15.0,0.0,1003.0,76.0,36.0,0.0,0.0
2025-01-28 09:00:00,19.0,12.0,16.0,0.0,1002.0,75.0,33.0,0.0,0.0
2025-01-28 10:00:00,19.0,12.0,16.0,0.0,1002.0,75.0,33.0,0.0,0.0
2025-01-28 11:00:00,19.0,12.0,16.0,0.0,1001.0,75.0,33.0,0.0,0.0
2025-01-28 12:00:00,18.0,11.0,16.0,0.0,1000.0,75.0,35.0,0.0,0.0
2025-01-28 13:00:00,18.0,11.0,15.0,0.6,1001.0,80.0,29.0,0.0,0.0
2025-01-28 14:00:00,9.0,5.0,14.0,7.6,1001.0,83.0,21.0,0.0,0.0
2025-01-28 15:00:00,9.0,6.0,14.0,0.0,1002.0,83.0,18.0,0.0,0.0
2025-01-28 16:00:00,8.0,6.0,13.0,0.0,1003.0,71.0,24.0,0.0,0.0
2025-01-28 17:00:00,8.0,4.0,12.0,0.0,1004.0,72.0,24.0,0.0,0.0
2025-01-28 18:00:00,8.0,4.0,11.0,0.0,1004.0,72.0,25.0,0.0,0.0
2025-01-28 19:00:00,9.0,4.0,10.0,0.0,1004.0,75.0,29.0,0.0,0.0
2025-01-28 20:00:00,12.0,6.0,10.0,0.0,1005.0,77.0,27.0,0.0,0.0
2025-01-28 21:00:00,13.0,6.0,10.0,0.0,1006.0,79.0,27.0,0.0,0.0
2025-01-28 22:00:00,14.0,7.0,10.0,0.0,1006.0,80.0,26.0,0.0,0.0
2025-01-28 23:00:00,16.0,8.0,10.0,0.0,1007.0,80.0,24.0,0.0,0.0
2025-01-29 00:00:00,15.0,7.0,10.0,0.0,1007.0,80.0,24.0,0.0,0.0
2025-01-29 01:00:00,11.0,6.0,10.0,0.0,1008.0,79.0,25.0,0.0,0.0
2025-01-29 02:00:00,10.0,5.0,10.0,0.0,1008.0,79.0,21.0,0.0,0.0
2025-01-29 03:00:00,7.0,4.0,10.0,0.0,1009.0,81.0,16.0,0.0,0.0
2025-01-29 04:00:00,8.0,4.0,10.0,0.0,1009.0,83.0,12.0,0.0,0.0
2025-01-29 05:00:00,7.0,4.0,10.0,0.0,1010.0,84.0,13.0,0.0,0.0
2025-01-29 06:00:00,6.0,3.0,10.0,0.0,1011.0,83.0,12.0,0.0,0.0
2025-01-29 07:00:00,6.0,4.0,10.0,0.0,1013.0,75.0,17.0,0.0,0.0
2025-01-29 08:00:00,5.0,3.0,12.0,0.0,1013.0,72.0,18.0,0.0,0.0
2025-01-29 09:00:00,4.0,2.0,14.0,0.0,1014.0,68.0,16.0,0.0,0.0
2025-01-29 10:00:00,9.0,3.0,15.0,0.0,1015.0,66.0,15.0,0.0,0.0
2025-01-29 11:00:00,5.0,2.0,15.0,0.0,1015.0,66.0,14.0,0.0,0.0
2025-01-29 12:00:00,8.0,4.0,15.0,0.0,1015.0,67.0,16.0,0.0,0.0
2025-01-29 13:00:00,11.0,6.0,14.0,0.0,1014.0,69.0,10.0,0.0,0.0
2025-01-29 14:00:00,12.0,6.0,14.0,0.0,1014.0,68.0,7.0,0.0,0.0
2025-01-29 15:00:00,13.0,6.0,13.0,0.0,1015.0,74.0,8.0,0.0,0.0
2025-01-29 16:00:00,12.0,6.0,11.0,0.0,1015.0,85.0,3.0,0.0,0.0
2025-01-29 17:00:00,15.0,8.0,10.0,0.0,1016.0,92.0,1.0,0.0,0.0
2025-01-29 18:00:00,16.0,10.0,9.0,0.0,1016.0,94.0,3.0,0.0,0.0
2025-01-29 19:00:00,22.0,14.0,9.0,0.0,1016.0,89.0,4.0,0.0,0.0
2025-01-29 20:00:00,18.0,10.0,8.0,0.0,1017.0,90.0,6.0,0.0,0.0
2025-01-29 21:00:00,17.0,10.0,8.0,0.0,1017.0,88.0,6.0,0.0,0.0
2025-01-29 22:00:00,17.0,12.0,8.0,0.0,1018.0,83.0,6.0,0.0,0.0
2025-01-29 23:00:00,15.0,10.0,7.0,0.0,1018.0,82.0,7.0,0.0,0.0
2025-01-30 00:00:00,13.0,8.0,7.0,0.0,1018.0,82.0,6.0,0.0,0.0
2025-01-30 01:00:00,13.0,8.0,7.0,0.0,1018.0,82.0,6.0,0.0,0.0
2025-01-30 02:00:00,27.0,23.0,7.0,0.0,1018.0,82.0,5.0,0.0,0.0
2025-01-30 03:00:00,11.0,7.0,7.0,0.0,1018.0,85.0,6.0,0.0,0.0
2025-01-30 04:00:00,15.0,11.0,7.0,0.0,1018.0,85.0,6.0,0.0,0.0
2025-01-30 05:00:00,10.0,7.0,6.0,0.0,1018.0,86.0,6.0,0.0,0.0
2025-01-30 06:00:00,8.0,5.0,6.0,0.0,1019.0,86.0,6.0,0.0,0.0
2025-01-30 07:00:00,8.0,5.0,7.0,0.0,1019.0,69.0,11.0,0.0,0.0
2025-01-30 08:00:00,10.0,6.0,8.0,0.0,1019.0,67.0,12.0,0.0,0.0
2025-01-30 09:00:00,13.0,7.0,11.0,0.0,1019.0,62.0,9.0,0.0,0.0
2025-01-30 10:00:00,17.0,10.0,13.0,0.0,1019.0,54.0,7.0,0.0,0.0
2025-01-30 11:00:00,16.0,8.0,13.0,0.0,1019.0,57.0,1.0,0.0,0.0
2025-01-30 12:00:00,12.0,7.0,13.0,0.0,1019.0,57.0,4.0,0.0,0.0
2025-01-30 13:00:00,14.0,7.0,13.0,0.0,1019.0,55.0,2.0,0.0,0.0
2025-01-30 14:00:00,34.0,28.0,12.0,0.0,1019.0,60.0,6.0,0.0,0.0
2025-01-30 15:00:00,26.0,21.0,12.0,0.0,1020.0,60.0,3.0,0.0,0.0
2025-01-30 16:00:00,19.0,14.0,11.0,0.0,1020.0,72.0,3.0,0.0,0.0
2025-01-30 17:00:00,11.0,7.0,9.0,0.0,1020.0,77.0,3.0,0.0,0.0
2025-01-30 18:00:00,15.0,8.0,8.0,0.0,1021.0,78.0,1.0,0.0,0.0
2025-01-30 19:00:00,14.0,9.0,9.0,0.0,1021.0,71.0,2.0,0.0,0.0
2025-01-30 20:00:00,12.0,8.0,9.0,0.0,1022.0,72.0,2.0,0.0,0.0
2025-01-30 21:00:00,18.0,14.0,8.0,0.0,1022.0,74.0,1.0,0.0,0.0
2025-01-30 22:00:00,29.0,26.0,8.0,0.0,1023.0,75.0,4.0,0.0,0.0
2025-01-30 23:00:00,14.0,11.0,8.0,0.0,1023.0,74.0,5.0,0.0,0.0
2025-01-31 00:00:00,10.0,7.0,8.0,0.0,1023.0,74.0,3.0,0.0,0.0
2025-01-31 01:00:00,13.0,11.0,7.0,0.0,1023.0,77.0,5.0,0.0,0.0
2025-01-31 02:00:00,21.0,19.0,6.0,0.0,1023.0,83.0,8.0,0.0,0.0
2025-01-31 03:00:00,15.0,13.0,6.0,0.0,1023.0,84.0,8.0,0.0,0.0
2025-01-31 04:00:00,7.0,5.0,6.0,0.0,1023.0,83.0,7.0,0.0,0.0
2025-01-31 05:00:00,11.0,9.0,6.0,0.0,1024.0,82.0,8.0,0.0,0.0
2025-01-31 06:00:00,7.0,5.0,6.0,0.0,1024.0,82.0,7.0,0.0,0.0
2025-01-31 07:00:00,6.0,4.0,7.0,0.0,1025.0,83.0,7.0,0.0,0.0
2025-01-31 08:00:00,15.0,13.0,8.0,0.0,1025.0,85.0,9.0,0.0,0.0
2025-01-31 09:00:00,13.0,8.0,10.0,0.0,1026.0,77.0,6.0,0.0,0.0
2025-01-31 10:00:00,11.0,8.0,12.0,0.0,1026.0,68.0,6.0,0.0,0.0
2025-01-31 11:00:00,18.0,10.0,13.0,0.0,1026.0,63.0,5.0,0.0,0.0
2025-01-31 12:00:00,27.0,19.0,13.0,0.0,1026.0,64.0,6.0,0.0,0.0
2025-01-31 13:00:00,18.0,14.0,13.0,0.0,1025.0,63.0,5.0,0.0,0.0
2025-01-31 14:00:00,25.0,22.0,12.0,0.0,1026.0,72.0,8.0,0.0,0.0
2025-01-31 15:00:00,47.0,42.0,10.0,0.4,1026.0,88.0,4.0,0.0,0.0
2025-01-31 16:00:00,38.0,32.0,10.0,1.0,1026.0,85.0,1.0,0.0,0.0
2025-01-31 17:00:00,47.0,39.0,9.0,1.3,1027.0,90.0,4.0,0.0,0.0
2025-01-31 18:00:00,37.0,32.0,8.0,1.3,1027.0,95.0,9.0,0.0,0.0
2025-01-31 19:00:00,47.0,39.0,8.0,1.2,1028.0,97.0,5.0,0.0,0.0
2025-01-31 20:00:00,43.0,37.0,8.0,1.4,1028.0,98.0,5.0,0.0,0.0
2025-01-31 21:00:00,47.0,39.0,8.0,1.4,1028.0,98.0,5.0,0.0,0.0
2025-01-31 22:00:00,49.0,42.0,8.0,1.0,1028.0,95.0,7.0,0.0,0.0
2025-01-31 23:00:00,49.0,44.0,8.0,0.1,1028.0,91.0,6.0,0.0,0.0
2025-02-01 00:00:00,40.0,37.0,8.0,0.1,1028.0,90.0,7.0,0.0,0.0
2025-02-01 01:00:00,40.0,38.0,8.0,0.3,1028.0,89.0,14.0,0.0,0.0
2025-02-01 02:00:00,36.0,34.0,8.0,0.2,1028.0,89.0,14.0,0.0,0.0
2025-02-01 03:00:00,26.0,24.0,8.0,0.3,1028.0,89.0,13.0,0.0,0.0
2025-02-01 04:00:00,16.0,15.0,7.0,0.5,1028.0,88.0,13.0,0.0,0.0
2025-02-01 05:00:00,15.0,13.0,7.0,0.8,1028.0,89.0,12.0,0.0,0.0
2025-02-01 06:00:00,9.0,8.0,7.0,1.4,1028.0,88.0,17.0,0.0,0.0
2025-02-01 07:00:00,16.0,15.0,8.0,0.0,1028.0,76.0,7.0,0.0,0.0
2025-02-01 08:00:00,8.0,6.0,8.0,0.0,1028.0,78.0,9.0,0.0,0.0
2025-02-01 09:00:00,10.0,7.0,8.0,0.0,1029.0,75.0,14.0,0.0,0.0
2025-02-01 10:00:00,10.0,4.0,9.0,0.0,1029.0,73.0,17.0,0.0,0.0
2025-02-01 11:00:00,10.0,4.0,9.0,0.0,1028.0,72.0,20.0,0.0,0.0
2025-02-01 12:00:00,9.0,5.0,10.0,0.0,1028.0,72.0,24.0,0.0,0.0
2025-02-01 13:00:00,8.0,5.0,10.0,0.0,1027.0,73.0,22.0,0.0,0.0
2025-02-01 14:00:00,10.0,5.0,10.0,0.0,1027.0,73.0,22.0,0.0,0.0
2025-02-01 15:00:00,11.0,6.0,9.0,0.0,1026.0,75.0,23.0,0.0,0.0
2025-02-01 16:00:00,11.0,6.0,8.0,0.0,1026.0,78.0,23.0,0.0,0.0
2025-02-01 17:00:00,12.0,7.0,7.0,0.0,1026.0,80.0,22.0,0.0,0.0
2025-02-01 18:00:00,15.0,9.0,6.0,0.0,1026.0,84.0,20.0,0.0,0.0
2025-02-01 19:00:00,12.0,10.0,7.0,0.0,1026.0,81.0,8.0,0.0,0.0
2025-02-01 20:00:00,12.0,10.0,6.0,0.0,1026.0,82.0,7.0,0.0,0.0
2025-02-01 21:00:00,11.0,9.0,6.0,0.0,1026.0,83.0,7.0,0.0,0.0
2025-02-01 22:00:00,10.0,8.0,6.0,0.0,1025.0,84.0,7.0,0.0,0.0
2025-02-01 23:00:00,9.0,7.0,6.0,0.0,1025.0,84.0,8.0,0.0,0.0
2025-02-02 00:00:00,10.0,8.0,6.0,0.0,1025.0,84.0,8.0,0.0,0.0
2025-02-02 01:00:00,9.0,7.0,6.0,0.0,1024.0,84.0,7.0,0.0,0.0
2025-02-02 02:00:00,19.0,17.0,6.0,0.0,1024.0,84.0,8.0,0.0,0.0
2025-02-02 03:00:00,8.0,7.0,6.0,0.0,1022.0,84.0,8.0,0.0,0.0
2025-02-02 04:00:00,7.0,5.0,6.0,0.0,1022.0,84.0,8.0,0.0,0.0
2025-02-02 05:00:00,6.0,5.0,5.0,0.0,1021.0,84.0,7.0,0.0,0.0
2025-02-02 06:00:00,6.0,4.0,5.0,0.0,1022.0,83.0,8.0,0.0,0.0
2025-02-02 07:00:00,6.0,5.0,7.0,0.0,1022.0,62.0,12.0,0.0,0.0
2025-02-02 08:00:00,11.0,9.0,9.0,0.0,1022.0,60.0,14.0,0.0,0.0
2025-02-02 09:00:00,9.0,6.0,12.0,0.0,1022.0,57.0,13.0,0.0,0.0
2025-02-02 10:00:00,36.0,12.0,14.0,0.0,1022.0,49.0,12.0,0.0,0.0
2025-02-02 11:00:00,9.0,7.0,15.0,0.0,1021.0,50.0,10.0,0.0,0.0
2025-02-02 12:00:00,8.0,5.0,15.0,0.0,1020.0,50.0,12.0,0.0,0.0
2025-02-02 13:00:00,10.0,8.0,15.0,0.0,1020.0,48.0,15.0,0.0,0.0
2025-02-02 14:00:00,13.0,11.0,14.0,0.0,1020.0,46.0,19.0,0.0,0.0
2025-02-02 15:00:00,33.0,30.0,13.0,0.0,1020.0,47.0,21.0,0.0,0.0
2025-02-02 16:00:00,23.0,20.0,12.0,0.0,1020.0,52.0,22.0,0.0,0.0
2025-02-02 17:00:00,15.0,12.0,10.0,0.0,1021.0,58.0,22.0,0.0,0.0
2025-02-02 18:00:00,13.0,10.0,9.0,0.0,1021.0,62.0,22.0,0.0,0.0
2025-02-02 19:00:00,16.0,13.0,8.0,0.0,1022.0,68.0,12.0,0.0,0.0
2025-02-02 20:00:00,17.0,15.0,8.0,0.0,1022.0,68.0,12.0,0.0,0.0
2025-02-02 21:00:00,15.0,13.0,7.0,0.0,1022.0,69.0,12.0,0.0,0.0
2025-02-02 22:00:00,13.0,12.0,7.0,0.0,1022.0,68.0,12.0,0.0,0.0
2025-02-02 23:00:00,14.0,12.0,7.0,0.0,1022.0,68.0,11.0,0.0,0.0
2025-02-03 00:00:00,17.0,15.0,6.0,0.0,1022.0,68.0,11.0,0.0,0.0
2025-02-03 01:00:00,20.0,18.0,6.0,0.0,1022.0,68.0,9.0,0.0,0.0
2025-02-03 02:00:00,20.0,18.0,6.0,0.0,1022.0,67.0,8.0,0.0,0.0
2025-02-03 03:00:00,20.0,18.0,6.0,0.0,1022.0,66.0,9.0,0.0,0.0
2025-02-03 04:00:00,19.0,17.0,6.0,0.0,1022.0,65.0,9.0,0.0,0.0
2025-02-03 05:00:00,17.0,16.0,6.0,0.0,1022.0,64.0,10.0,0.0,0.0
2025-02-03 06:00:00,16.0,15.0,6.0,0.0,1023.0,63.0,11.0,0.0,0.0
2025-02-03 07:00:00,17.0,15.0,6.0,0.0,1022.0,64.0,13.0,0.0,0.0
2025-02-03 08:00:00,17.0,15.0,8.0,0.0,1022.0,63.0,9.0,0.0,0.0
2025-02-03 09:00:00,19.0,13.0,11.0,0.0,1023.0,57.0,10.0,0.0,0.0
2025-02-03 10:00:00,15.0,11.0,14.0,0.0,1024.0,37.0,17.0,0.0,0.0
2025-02-03 11:00:00,15.0,9.0,15.0,0.0,1023.0,34.0,24.0,0.0,0.0
2025-02-03 12:00:00,16.0,9.0,14.0,0.0,1023.0,31.0,27.0,0.0,0.0
2025-02-03 13:00:00,21.0,8.0,14.0,0.0,1023.0,30.0,28.0,0.0,0.0
2025-02-03 14:00:00,18.0,8.0,12.0,0.0,1023.0,31.0,29.0,0.0,0.0
2025-02-03 15:00:00,14.0,7.0,11.0,0.0,1024.0,32.0,29.0,0.0,0.0
2025-02-03 16:00:00,14.0,7.0,10.0,0.0,1024.0,34.0,27.0,0.0,0.0
2025-02-03 17:00:00,16.0,7.0,8.0,0.0,1024.0,35.0,26.0,0.0,0.0
2025-02-03 18:00:00,16.0,9.0,7.0,0.0,1025.0,35.0,27.0,0.0,0.0
2025-02-03 19:00:00,13.0,9.0,8.0,0.0,1025.0,37.0,14.0,0.0,0.0
2025-02-03 20:00:00,17.0,10.0,7.0,0.0,1025.0,37.0,14.0,0.0,0.0
2025-02-03 21:00:00,16.0,11.0,7.0,0.0,1026.0,37.0,14.0,0.0,0.0
2025-02-03 22:00:00,20.0,14.0,7.0,0.0,1026.0,38.0,16.0,0.0,0.0
2025-02-03 23:00:00,19.0,12.0,7.0,0.0,1026.0,39.0,14.0,0.0,0.0
2025-02-04 00:00:00,15.0,13.0,6.0,0.0,1026.0,40.0,15.0,0.0,0.0
2025-02-04 01:00:00,14.0,12.0,6.0,0.0,1027.0,40.0,13.0,0.0,0.0
2025-02-04 02:00:00,13.0,11.0,6.0,0.0,1027.0,40.0,13.0,0.0,0.0
2025-02-04 03:00:00,13.0,11.0,6.0,0.0,1027.0,39.0,13.0,0.0,0.0
2025-02-04 04:00:00,11.0,10.0,6.0,0.0,1027.0,38.0,13.0,0.0,0.0
2025-02-04 05:00:00,11.0,10.0,5.0,0.0,1027.0,39.0,11.0,0.0,0.0
2025-02-04 06:00:00,11.0,10.0,5.0,0.0,1028.0,41.0,10.0,0.0,0.0
2025-02-04 07:00:00,11.0,10.0,5.0,0.0,1027.0,40.0,7.0,0.0,0.0
2025-02-04 08:00:00,14.0,10.0,7.0,0.0,1028.0,39.0,7.0,0.0,0.0
2025-02-04 09:00:00,16.0,10.0,10.0,0.0,1029.0,33.0,10.0,0.0,0.0
2025-02-04 10:00:00,14.0,9.0,13.0,0.0,1029.0,25.0,14.0,0.0,0.0
2025-02-04 11:00:00,16.0,9.0,14.0,0.0,1029.0,24.0,17.0,0.0,0.0
2025-02-04 12:00:00,15.0,8.0,14.0,0.0,1028.0,24.0,24.0,0.0,0.0
2025-02-04 13:00:00,14.0,8.0,13.0,0.0,1028.0,25.0,26.0,0.0,0.0
2025-02-04 14:00:00,12.0,7.0,13.0,0.0,1028.0,26.0,25.0,0.0,0.0
2025-02-04 15:00:00,12.0,8.0,12.0,0.0,1028.0,30.0,23.0,0.0,0.0
2025-02-04 16:00:00,11.0,7.0,10.0,0.0,1028.0,33.0,19.0,0.0,0.0
2025-02-04 17:00:00,10.0,7.0,8.0,0.0,1029.0,31.0,15.0,0.0,0.0
2025-02-04 18:00:00,15.0,10.0,6.0,0.0,1029.0,39.0,13.0,0.0,0.0
2025-02-04 19:00:00,14.0,10.0,7.0,0.0,1030.0,43.0,9.0,0.0,0.0
2025-02-04 20:00:00,15.0,11.0,6.0,0.0,1030.0,45.0,8.0,0.0,0.0
2025-02-04 21:00:00,14.0,10.0,6.0,0.0,1030.0,46.0,6.0,0.0,0.0
2025-02-04 22:00:00,12.0,9.0,6.0,0.0,1031.0,47.0,5.0,0.0,0.0
2025-02-04 23:00:00,11.0,9.0,5.0,0.0,1031.0,48.0,5.0,0.0,0.0
2025-02-05 00:00:00,12.0,9.0,5.0,0.0,1031.0,49.0,4.0,0.0,0.0
2025-02-05 01:00:00,9.0,8.0,5.0,0.0,1032.0,48.0,4.0,0.0,0.0
2025-02-05 02:00:00,16.0,15.0,5.0,0.0,1032.0,48.0,4.0,0.0,0.0
2025-02-05 03:00:00,10.0,10.0,4.0,0.0,1032.0,48.0,4.0,0.0,0.0
2025-02-05 04:00:00,8.0,8.0,4.0,0.0,1031.0,47.0,5.0,0.0,0.0
2025-02-05 05:00:00,8.0,7.0,4.0,0.0,1032.0,47.0,5.0,0.0,0.0
2025-02-05 06:00:00,6.0,6.0,4.0,0.0,1032.0,46.0,5.0,0.0,0.0
2025-02-05 07:00:00,6.0,5.0,2.0,0.0,1032.0,45.0,5.0,0.0,0.0
2025-02-05 08:00:00,7.0,6.0,3.0,0.0,1032.0,41.0,5.0,0.0,0.0
2025-02-05 09:00:00,24.0,10.0,6.0,0.0,1032.0,34.0,6.0,0.0,0.0
2025-02-05 10:00:00,48.0,14.0,8.0,0.0,1033.0,31.0,6.0,0.0,0.0
2025-02-05 11:00:00,12.922962690801588,9.914799443634962,11.0,0.0,1032.0,35.0,8.0,0.0,0.0
2025-02-05 12:00:00,13.3181019594882,9.651953304981859,13.0,0.0,1032.0,34.0,12.0,0.0,0.0
2025-02-05 13:00:00,16.0,7.0,15.0,0.0,1032.0,24.0,15.0,0.0,0.0
2025-02-05 14:00:00,17.0,7.0,15.0,0.0,1032.0,19.0,19.0,0.0,0.0
2025-02-05 15:00:00,13.0,6.0,14.0,0.0,1032.0,19.0,21.0,0.0,0.0
2025-02-05 16:00:00,18.0,9.0,13.0,0.0,1032.0,22.0,21.0,0.0,0.0
2025-02-05 17:00:00,15.0,10.0,10.0,0.0,1032.0,32.0,18.0,0.0,0.0
2025-02-05 18:00:00,19.0,12.0,8.0,0.0,1033.0,38.0,19.0,0.0,0.0
2025-02-05 19:00:00,34.0,22.0,9.0,0.0,1033.0,34.0,9.0,0.0,0.0
2025-02-05 20:00:00,19.0,13.0,8.0,0.0,1034.0,36.0,8.0,0.0,0.0
2025-02-05 21:00:00,15.0,11.0,8.0,0.0,1034.0,36.0,8.0,0.0,0.0
2025-02-05 22:00:00,12.0,10.0,8.0,0.0,1034.0,38.0,9.0,0.0,0.0
2025-02-05 23:00:00,25.0,22.0,8.0,0.0,1034.0,40.0,9.0,0.0,0.0
2025-02-06 00:00:00,15.0,13.0,8.0,0.0,1034.0,41.0,9.0,0.0,0.0
2025-02-06 01:00:00,17.0,15.0,7.0,0.0,1034.0,42.0,8.0,0.0,0.0
2025-02-06 02:00:00,9.0,8.0,7.0,0.0,1034.0,42.0,8.0,0.0,0.0
2025-02-06 03:00:00,10.0,9.0,7.0,0.0,1034.0,43.0,9.0,0.0,0.0
2025-02-06 04:00:00,10.0,9.0,7.0,0.0,1033.0,43.0,10.0,0.0,0.0
2025-02-06 05:00:00,12.0,11.0,7.0,0.0,1034.0,44.0,12.0,0.0,0.0
2025-02-06 06:00:00,8.0,7.0,7.0,0.0,1034.0,46.0,13.0,0.0,0.0
2025-02-06 07:00:00,11.0,8.0,8.0,0.0,1033.0,41.0,13.0,0.0,0.0
2025-02-06 08:00:00,24.0,11.0,11.0,0.0,1033.0,37.0,14.0,0.0,0.0
2025-02-06 09:00:00,24.0,11.0,15.0,0.0,1033.0,32.0,17.0,0.0,0.0
2025-02-06 10:00:00,21.0,10.0,17.0,0.0,1033.0,30.0,17.0,0.0,0.0
2025-02-06 11:00:00,12.0,6.0,17.0,0.0,1033.0,30.0,11.0,0.0,0.0
2025-02-06 12:00:00,14.0,6.0,16.0,0.0,1032.0,31.0,21.0,0.0,0.0
2025-02-06 13:00:00,14.0,7.0,15.0,0.0,1031.0,33.0,23.0,0.0,0.0
2025-02-06 14:00:00,9.0,5.0,14.0,0.0,1031.0,36.0,28.0,0.0,0.0
2025-02-06 15:00:00,9.0,6.0,12.0,0.0,1031.0,39.0,32.0,0.0,0.0
2025-02-06 16:00:00,10.0,6.0,10.0,0.0,1031.0,43.0,35.0,0.0,0.0
2025-02-06 17:00:00,15.0,7.0,9.0,0.0,1031.0,47.0,33.0,0.0,0.0
2025-02-06 18:00:00,12.0,8.0,8.0,0.0,1031.0,50.0,29.0,0.0,0.0
2025-02-06 19:00:00,15.0,10.0,7.0,0.0,1031.0,55.0,14.0,0.0,0.0
2025-02-06 20:00:00,15.0,11.0,7.0,0.0,1031.0,56.0,13.0,0.0,0.0
2025-02-06 21:00:00,16.0,13.0,6.0,0.0,1031.0,57.0,12.0,0.0,0.0
2025-02-06 22:00:00,15.0,12.0,6.0,0.0,1031.0,58.0,12.0,0.0,0.0
2025-02-06 23:00:00,12.0,11.0,6.0,0.0,1031.0,58.0,12.0,0.0,0.0
2025-02-07 00:00:00,11.0,10.0,5.0,0.0,1031.0,59.0,12.0,0.0,0.0
2025-02-07 01:00:00,10.0,9.0,5.0,0.0,1031.0,60.0,9.0,0.0,0.0
2025-02-07 02:00:00,12.0,11.0,5.0,0.0,1031.0,61.0,9.0,0.0,0.0
2025-02-07 03:00:00,14.0,13.0,4.0,0.0,1031.0,62.0,9.0,0.0,0.0
2025-02-07 04:00:00,15.0,15.0,4.0,0.0,1031.0,62.0,9.0,0.0,0.0
2025-02-07 05:00:00,17.0,16.0,4.0,0.0,1031.0,62.0,8.0,0.0,0.0
2025-02-07 06:00:00,19.0,18.0,4.0,0.0,1031.0,61.0,8.0,0.0,0.0
2025-02-07 07:00:00,21.0,20.0,4.0,0.0,1031.0,55.0,8.0,0.0,0.0
2025-02-07 08:00:00,26.0,23.0,6.0,0.0,1031.0,50.0,6.0,0.0,0.0
2025-02-07 09:00:00,30.0,25.0,9.0,0.0,1032.0,39.0,9.0,0.0,0.0
2025-02-07 10:00:00,36.0,28.0,11.0,0.0,1032.0,34.0,10.0,0.0,0.0
2025-02-07 11:00:00,33.0,27.0,12.0,0.0,1031.0,33.0,8.0,0.0,0.0
2025-02-07 12:00:00,27.0,22.0,13.0,0.0,1030.0,32.0,7.0,0.0,0.0
2025-02-07 13:00:00,22.0,19.0,13.0,0.0,1030.0,32.0,7.0,0.0,0.0
2025-02-07 14:00:00,31.0,28.0,13.0,0.0,1029.0,33.0,8.0,0.0,0.0
2025-02-07 15:00:00,33.0,28.0,12.0,0.0,1029.0,39.0,9.0,0.0,0.0
2025-02-07 16:00:00,34.0,29.0,11.0,0.0,1029.0,41.0,8.0,0.0,0.0
2025-02-07 17:00:00,43.0,33.0,9.0,0.0,1029.0,65.0,4.0,0.0,0.0
2025-02-07 18:00:00,25.0,22.0,7.0,0.0,1030.0,61.0,5.0,0.0,0.0
2025-02-07 19:00:00,34.0,30.0,7.0,0.0,1030.0,62.0,6.0,0.0,0.0
2025-02-07 20:00:00,48.0,43.0,7.0,0.0,1030.0,63.0,6.0,0.0,0.0
2025-02-07 21:00:00,37.0,33.0,7.0,0.0,1030.0,63.0,5.0,0.0,0.0
2025-02-07 22:00:00,34.0,31.0,7.0,0.0,1030.0,66.0,5.0,0.0,0.0
2025-02-07 23:00:00,44.0,42.0,7.0,0.0,1030.0,66.0,5.0,0.0,0.0
2025-02-08 00:00:00,58.0,55.0,7.0,0.0,1030.0,69.0,5.0,0.0,0.0
2025-02-08 01:00:00,33.0,30.0,7.0,0.0,1030.0,71.0,6.0,0.0,0.0
2025-02-08 02:00:00,39.0,36.0,6.0,0.0,1030.0,72.0,6.0,0.0,0.0
2025-02-08 03:00:00,68.0,66.0,6.0,0.0,1029.0,74.0,5.0,0.0,0.0
2025-02-08 04:00:00,35.0,33.0,6.0,0.0,1029.0,79.0,7.0,0.0,0.0
2025-02-08 05:00:00,24.0,22.0,6.0,0.0,1029.0,82.0,5.0,0.0,0.0
2025-02-08 06:00:00,23.0,21.0,6.0,0.0,1029.0,81.0,5.0,0.0,0.0
2025-02-08 07:00:00,42.0,40.0,2.0,0.0,1030.0,81.0,5.0,0.0,0.0
2025-02-08 08:00:00,22.0,20.0,4.0,0.0,1030.0,75.0,5.0,0.0,0.0
2025-02-08 09:00:00,23.0,20.0,8.0,0.0,1030.0,66.0,6.0,0.0,0.0
2025-02-08 10:00:00,27.0,24.0,12.0,0.0,1030.0,51.0,8.0,0.0,0.0
2025-02-08 11:00:00,24.0,21.0,14.0,0.0,1030.0,46.0,6.0,0.0,0.0
2025-02-08 12:00:00,20.0,18.0,15.0,0.0,1029.0,47.0,6.0,0.0,0.0
2025-02-08 13:00:00,19.0,17.0,15.0,0.0,1028.0,52.0,6.0,0.0,0.0
2025-02-08 14:00:00,22.0,20.0,14.0,0.0,1028.0,54.0,6.0,0.0,0.0
2025-02-08 15:00:00,32.0,29.0,14.0,0.0,1028.0,56.0,9.0,0.0,0.0
2025-02-08 16:00:00,24.0,21.0,13.0,0.0,1028.0,64.0,13.0,0.0,0.0
2025-02-08 17:00:00,22.0,20.0,11.0,0.0,1028.0,77.0,12.0,0.0,0.0
2025-02-08 18:00:00,22.0,18.0,10.0,0.0,1028.0,78.0,6.0,0.0,0.0
2025-02-08 19:00:00,25.0,21.0,9.0,0.0,1028.0,83.0,8.0,0.0,0.0
2025-02-08 20:00:00,29.0,25.0,9.0,0.1,1028.0,86.0,5.0,0.0,0.0
2025-02-08 21:00:00,24.0,22.0,9.0,0.0,1028.0,84.0,5.0,0.0,0.0
2025-02-08 22:00:00,25.0,23.0,8.0,0.1,1028.0,87.0,7.0,0.0,0.0
2025-02-08 23:00:00,25.0,23.0,8.0,0.6,1028.0,90.0,8.0,0.0,0.0
2025-02-09 00:00:00,32.0,29.0,8.0,0.5,1028.0,92.0,7.0,0.0,0.0
2025-02-09 01:00:00,15.0,14.0,8.0,0.9,1028.0,94.0,8.0,0.0,0.0
2025-02-09 02:00:00,17.0,16.0,8.0,1.0,1028.0,95.0,7.0,0.0,0.0
2025-02-09 03:00:00,11.0,10.0,8.0,0.6,1028.0,95.0,6.0,0.0,0.0
2025-02-09 04:00:00,11.0,10.0,8.0,0.2,1027.0,95.0,6.0,0.0,0.0
2025-02-09 05:00:00,10.0,9.0,8.0,0.0,1028.0,94.0,6.0,0.0,0.0
2025-02-09 06:00:00,9.0,8.0,8.0,0.0,1028.0,91.0,7.0,0.0,0.0
2025-02-09 07:00:00,13.0,12.0,9.0,0.8,1028.0,91.0,5.0,0.0,0.0
2025-02-09 08:00:00,18.0,17.0,10.0,0.0,1028.0,88.0,5.0,0.0,0.0
2025-02-09 09:00:00,17.0,16.0,11.0,0.0,1028.0,84.0,7.0,0.0,0.0
2025-02-09 10:00:00,18.0,17.0,12.0,0.0,1029.0,83.0,6.0,0.0,0.0
2025-02-09 11:00:00,18.0,17.0,12.0,0.0,1028.0,82.0,6.0,0.0,0.0
2025-02-09 12:00:00,19.0,18.0,13.0,0.0,1028.0,80.0,5.0,0.0,0.0
2025-02-09 13:00:00,69.0,22.0,13.0,0.0,1028.0,78.0,5.0,0.0,0.0
2025-02-09 14:00:00,21.0,19.0,13.0,0.0,1028.0,75.0,6.0,0.0,0.0
2025-02-09 15:00:00,17.0,15.0,13.0,0.0,1028.0,75.0,4.0,0.0,0.0
2025-02-09 16:00:00,19.0,17.0,11.0,0.0,1028.0,90.0,5.0,0.0,0.0
2025-02-09 17:00:00,19.0,18.0,10.0,0.1,1028.0,97.0,5.0,0.0,0.0
2025-02-09 18:00:00,18.0,17.0,9.0,0.1,1028.0,99.0,4.0,0.0,0.0
2025-02-09 19:00:00,18.0,17.0,9.0,0.1,1028.0,98.0,4.0,0.0,0.0
2025-02-09 20:00:00,19.0,18.0,9.0,0.1,1028.0,97.0,5.0,0.0,0.0
2025-02-09 21:00:00,18.0,17.0,9.0,0.0,1028.0,96.0,5.0,0.0,0.0
2025-02-09 22:00:00,15.0,14.0,8.0,0.0,1028.0,94.0,6.0,0.0,0.0
2025-02-09 23:00:00,16.0,15.0,8.0,0.0,1028.0,92.0,5.0,0.0,0.0
2025-02-10 00:00:00,19.0,17.0,8.0,0.0,1028.0,91.0,4.0,0.0,0.0
2025-02-10 01:00:00,19.0,17.0,8.0,0.0,1027.0,90.0,4.0,0.0,0.0
2025-02-10 02:00:00,22.0,20.0,8.0,0.0,1027.0,90.0,5.0,0.0,0.0
2025-02-10 03:00:00,25.0,23.0,8.0,0.0,1027.0,90.0,4.0,0.0,0.0
2025-02-10 04:00:00,22.0,20.0,8.0,0.0,1026.0,90.0,3.0,0.0,0.0
2025-02-10 05:00:00,20.0,17.0,8.0,0.0,1026.0,90.0,3.0,0.0,0.0
2025-02-10 06:00:00,16.0,15.0,8.0,0.0,1026.0,91.0,3.0,0.0,0.0
2025-02-10 07:00:00,18.0,16.0,9.0,0.0,1026.0,96.0,6.0,0.0,0.0
2025-02-10 08:00:00,24.0,20.0,10.0,0.0,1026.0,95.0,5.0,0.0,0.0
2025-02-10 09:00:00,26.0,22.0,11.0,0.0,1026.0,91.0,5.0,0.0,0.0
2025-02-10 10:00:00,18.0,15.0,12.0,0.0,1026.0,90.0,5.0,0.0,0.0
2025-02-10 11:00:00,14.0,12.0,12.0,0.0,1026.0,87.0,3.0,0.0,0.0
2025-02-10 12:00:00,21.0,16.0,12.0,0.0,1026.0,86.0,1.0,0.0,0.0
2025-02-10 13:00:00,23.0,18.0,12.0,0.0,1025.0,85.0,4.0,0.0,0.0
2025-02-10 14:00:00,20.0,17.0,11.0,0.0,1025.0,85.0,6.0,0.0,0.0
2025-02-10 15:00:00,23.0,20.0,11.0,0.0,1025.0,86.0,8.0,0.0,0.0
2025-02-10 16:00:00,24.0,21.0,11.0,0.0,1025.0,90.0,6.0,0.0,0.0
2025-02-10 17:00:00,25.0,23.0,10.0,0.0,1025.0,96.0,5.0,0.0,0.0
2025-02-10 18:00:00,40.0,36.0,9.0,0.0,1025.0,96.0,1.0,0.0,0.0
2025-02-10 19:00:00,29.0,25.0,9.0,0.0,1026.0,96.0,1.0,0.0,0.0
2025-02-10 20:00:00,34.0,29.0,8.0,0.0,1026.0,96.0,2.0,0.0,0.0
2025-02-10 21:00:00,28.0,23.0,8.0,0.0,1026.0,93.0,3.0,0.0,0.0
2025-02-10 22:00:00,29.0,25.0,8.0,0.0,1026.0,92.0,4.0,0.0,0.0
2025-02-10 23:00:00,25.0,24.0,8.0,0.0,1026.0,92.0,4.0,0.0,0.0
2025-02-11 00:00:00,22.0,20.0,7.0,0.0,1026.0,91.0,5.0,0.0,0.0
2025-02-11 01:00:00,27.0,23.0,7.0,0.0,1026.0,89.0,5.0,0.0,0.0
2025-02-11 02:00:00,34.0,30.0,7.0,0.0,1026.0,88.0,5.0,0.0,0.0
2025-02-11 03:00:00,31.0,28.0,7.0,0.0,1026.0,87.0,6.0,0.0,0.0
2025-02-11 04:00:00,37.0,33.0,7.0,0.0,1026.0,86.0,7.0,0.0,0.0
2025-02-11 05:00:00,38.0,33.0,7.0,0.0,1026.0,85.0,7.0,0.0,0.0
2025-02-11 06:00:00,34.0,31.0,7.0,0.0,1026.0,84.0,8.0,0.0,0.0
2025-02-11 07:00:00,41.0,37.0,9.0,0.0,1026.0,78.0,5.0,0.0,0.0
2025-02-11 08:00:00,46.0,39.0,9.0,0.0,1026.0,78.0,5.0,0.0,0.0
2025-02-11 09:00:00,46.0,37.0,10.0,0.0,1026.0,77.0,8.0,0.0,0.0
2025-02-11 10:00:00,52.0,37.0,10.0,0.0,1026.0,75.0,10.0,0.0,0.0
2025-02-11 11:00:00,54.0,35.0,10.0,0.0,1026.0,75.0,11.0,0.0,0.0
2025-02-11 12:00:00,58.0,36.0,10.0,0.0,1026.0,76.0,13.0,0.0,0.0
2025-02-11 13:00:00,55.0,35.0,10.0,0.0,1026.0,77.0,13.0,0.0,0.0
2025-02-11 14:00:00,66.0,36.0,10.0,0.0,1025.0,74.0,13.0,0.0,0.0
2025-02-11 15:00:00,46.0,34.0,10.0,0.0,1025.0,73.0,14.0,0.0,0.0
2025-02-11 16:00:00,44.0,32.0,9.0,0.0,1025.0,72.0,14.0,0.0,0.0
2025-02-11 17:00:00,37.0,30.0,8.0,0.0,1025.0,73.0,13.0,0.0,0.0
2025-02-11 18:00:00,39.0,33.0,8.0,0.0,1025.0,73.0,12.0,0.0,0.0
2025-02-11 19:00:00,43.0,35.0,8.0,0.0,1025.0,74.0,6.0,0.0,0.0
2025-02-11 20:00:00,42.0,36.0,8.0,0.0,1025.0,74.0,6.0,0.0,0.0
2025-02-11 21:00:00,49.0,43.0,8.0,0.0,1025.0,74.0,6.0,0.0,0.0
2025-02-11 22:00:00,50.0,42.0,7.0,0.0,1025.0,74.0,6.0,0.0,0.0
2025-02-11 23:00:00,48.0,42.0,7.0,0.0,1025.0,75.0,6.0,0.0,0.0
2025-02-12 00:00:00,47.0,40.0,7.0,0.0,1024.0,81.0,6.0,0.0,0.0
2025-02-12 01:00:00,46.0,40.0,6.0,0.3,1024.0,88.0,4.0,0.0,0.0
2025-02-12 02:00:00,44.0,40.0,6.0,0.7,1024.0,92.0,5.0,0.0,0.0
2025-02-12 03:00:00,42.0,39.0,6.0,0.8,1023.0,94.0,5.0,0.0,0.0
2025-02-12 04:00:00,41.0,39.0,7.0,0.8,1023.0,95.0,5.0,0.0,0.0
2025-02-12 05:00:00,36.0,35.0,7.0,0.8,1023.0,96.0,5.0,0.0,0.0
2025-02-12 06:00:00,31.0,30.0,7.0,0.7,1022.0,96.0,6.0,0.0,0.0
2025-02-12 07:00:00,29.0,28.0,7.0,0.7,1022.0,96.0,5.0,0.0,0.0
2025-02-12 08:00:00,24.0,23.0,8.0,0.7,1022.0,95.0,4.0,0.0,0.0
2025-02-12 09:00:00,25.0,24.0,9.0,0.9,1022.0,94.0,3.0,0.0,0.0
2025-02-12 10:00:00,31.0,25.0,10.0,0.0,1022.0,95.0,14.0,0.0,0.0
2025-02-12 11:00:00,34.0,26.0,11.0,0.0,1022.0,93.0,14.0,0.0,0.0
2025-02-12 12:00:00,24.0,21.0,11.0,0.1,1022.0,94.0,14.0,0.0,0.0
2025-02-12 13:00:00,15.0,14.0,11.0,0.1,1021.0,95.0,16.0,0.0,0.0
2025-02-12 14:00:00,18.0,17.0,10.0,0.2,1021.0,96.0,13.0,0.0,0.0
2025-02-12 15:00:00,18.0,16.0,10.0,0.0,1021.0,93.0,9.0,0.0,0.0
2025-02-12 16:00:00,18.0,16.0,10.0,0.0,1021.0,93.0,7.0,0.0,0.0
2025-02-12 17:00:00,16.0,15.0,9.0,0.0,1021.0,97.0,5.0,0.0,0.0
2025-02-12 18:00:00,17.0,16.0,9.0,0.1,1021.0,98.0,2.0,0.0,0.0
2025-02-12 19:00:00,22.0,19.0,8.0,0.3,1021.0,98.0,1.0,0.0,0.0
2025-02-12 20:00:00,26.0,23.0,8.0,0.3,1021.0,98.0,1.0,0.0,0.0
2025-02-12 21:00:00,33.0,29.0,8.0,0.2,1021.0,98.0,2.0,0.0,0.0
2025-02-12 22:00:00,39.0,36.0,8.0,0.1,1021.0,98.0,4.0,0.0,0.0
2025-02-12 23:00:00,24.0,22.0,8.0,0.2,1021.0,97.0,4.0,0.0,0.0
2025-02-13 00:00:00,28.0,25.0,8.0,0.6,1021.0,97.0,4.0,0.0,0.0
2025-02-13 01:00:00,25.0,23.0,8.0,0.8,1020.0,97.0,4.0,0.0,0.0
2025-02-13 02:00:00,18.0,17.0,8.0,0.5,1020.0,97.0,3.0,0.0,0.0
2025-02-13 03:00:00,17.0,15.0,8.0,0.4,1019.0,97.0,3.0,0.0,0.0
2025-02-13 04:00:00,8.0,7.0,8.0,1.3,1019.0,97.0,3.0,0.0,0.0
2025-02-13 05:00:00,7.0,7.0,8.0,0.9,1019.0,97.0,3.0,0.0,0.0
2025-02-13 06:00:00,8.0,7.0,8.0,0.0,1019.0,92.0,4.0,0.0,0.0
2025-02-13 07:00:00,8.0,7.0,9.0,0.0,1019.0,96.0,4.0,0.0,0.0
2025-02-13 08:00:00,12.0,10.0,10.0,0.0,1019.0,93.0,5.0,0.0,0.0
2025-02-13 09:00:00,21.0,12.0,12.0,0.0,1019.0,87.0,7.0,0.0,0.0
2025-02-13 10:00:00,21.0,12.0,13.0,0.0,1019.0,83.0,11.0,0.0,0.0
2025-02-13 11:00:00,15.0,11.0,13.0,0.0,1018.0,81.0,13.0,0.0,0.0
2025-02-13 12:00:00,19.0,12.0,13.0,0.0,1018.0,77.0,14.0,0.0,0.0
2025-02-13 13:00:00,12.0,10.0,13.0,0.0,1017.0,79.0,15.0,0.0,0.0
2025-02-13 14:00:00,10.0,8.0,13.0,0.0,1016.0,85.0,19.0,0.0,0.0
2025-02-13 15:00:00,8.0,6.0,12.0,0.0,1016.0,85.0,23.0,0.0,0.0
2025-02-13 16:00:00,10.0,8.0,11.0,0.0,1015.0,87.0,19.0,0.0,0.0
2025-02-13 17:00:00,10.0,8.0,10.0,0.0,1015.0,90.0,15.0,0.0,0.0
2025-02-13 18:00:00,11.0,9.0,10.0,0.0,1015.0,91.0,13.0,0.0,0.0
2025-02-13 19:00:00,13.0,12.0,10.0,0.0,1015.0,93.0,8.0,0.0,0.0
2025-02-13 20:00:00,24.0,21.0,9.0,0.0,1015.0,93.0,7.0,0.0,0.0
2025-02-13 21:00:00,29.0,24.0,9.0,0.0,1014.0,94.0,4.0,0.0,0.0
2025-02-13 22:00:00,26.0,21.0,9.0,0.0,1014.0,94.0,3.0,0.0,0.0
2025-02-13 23:00:00,31.0,25.0,8.0,0.6,1014.0,96.0,4.0,0.0,0.0
2025-02-14 00:00:00,31.0,26.0,8.0,0.0,1013.0,97.0,4.0,0.0,0.0
2025-02-14 01:00:00,23.0,20.0,8.0,0.8,1013.0,98.0,3.0,0.0,0.0
2025-02-14 02:00:00,18.0,16.0,8.0,0.3,1012.0,98.0,4.0,0.0,0.0
2025-02-14 03:00:00,18.0,16.0,8.0,0.2,1012.0,97.0,3.0,0.0,0.0
2025-02-14 04:00:00,14.0,12.0,8.0,0.2,1011.0,95.0,5.0,0.0,0.0
2025-02-14 05:00:00,6.0,5.0,8.0,0.0,1011.0,90.0,5.0,0.0,0.0
2025-02-14 06:00:00,3.0,3.0,8.0,0.0,1011.0,92.0,6.0,0.0,0.0
2025-02-14 07:00:00,8.0,7.0,8.0,0.2,1011.0,96.0,18.0,0.0,0.0
2025-02-14 08:00:00,7.0,5.0,8.0,0.2,1011.0,94.0,17.0,0.0,0.0
2025-02-14 09:00:00,3.0,2.0,9.0,2.0,1011.0,89.0,20.0,0.0,0.0
2025-02-14 10:00:00,2.0,2.0,9.0,2.3,1011.0,83.0,25.0,0.0,0.0
2025-02-14 11:00:00,2.0,2.0,8.0,0.0,1011.0,75.0,27.0,0.0,0.0
2025-02-14 12:00:00,2.0,2.0,6.0,0.8,1012.0,62.0,13.0,0.0,0.0
2025-02-14 13:00:00,2.0,2.0,6.0,0.6,1013.0,73.0,16.0,0.0,0.0
2025-02-14 14:00:00,2.0,2.0,6.0,0.0,1013.0,71.0,22.0,0.0,0.0
2025-02-14 15:00:00,3.0,2.0,4.0,0.7,1012.0,82.0,31.0,0.0,0.0
2025-02-14 16:00:00,4.0,2.0,5.0,1.4,1012.0,75.0,32.0,0.0,0.0
2025-02-14 17:00:00,5.0,3.0,5.0,0.0,1012.0,72.0,31.0,0.0,0.0
2025-02-14 18:00:00,4.0,4.0,5.0,0.2,1013.0,75.0,30.0,0.0,0.0
2025-02-14 19:00:00,5.0,4.0,6.0,0.0,1014.0,66.0,23.0,0.0,0.0
2025-02-14 20:00:00,7.0,6.0,6.0,0.0,1015.0,65.0,18.0,0.0,0.0
2025-02-14 21:00:00,8.0,7.0,5.0,0.0,1016.0,64.0,14.0,0.0,0.0
2025-02-14 22:00:00,11.0,10.0,5.0,0.0,1017.0,64.0,16.0,0.0,0.0
2025-02-14 23:00:00,13.0,11.0,4.0,0.0,1017.0,64.0,17.0,0.0,0.0
2025-02-15 00:00:00,13.0,12.0,4.0,0.0,1018.0,63.0,18.0,0.0,0.0
2025-02-15 01:00:00,12.0,11.0,4.0,0.0,1018.0,62.0,18.0,0.0,0.0
2025-02-15 02:00:00,12.0,11.0,4.0,0.0,1019.0,62.0,19.0,0.0,0.0
2025-02-15 03:00:00,13.0,12.0,4.0,0.0,1019.0,63.0,21.0,0.0,0.0
2025-02-15 04:00:00,14.0,13.0,4.0,0.0,1019.0,63.0,21.0,0.0,0.0
2025-02-15 05:00:00,15.0,14.0,3.0,0.0,1019.0,62.0,20.0,0.0,0.0
2025-02-15 06:00:00,13.0,13.0,3.0,0.0,1020.0,61.0,19.0,0.0,0.0
2025-02-15 07:00:00,16.0,13.0,4.0,0.0,1019.0,48.0,13.0,0.0,0.0
2025-02-15 08:00:00,15.0,13.0,6.0,0.0,1019.0,50.0,14.0,0.0,0.0
2025-02-15 09:00:00,15.0,13.0,8.0,0.0,1020.0,35.0,15.0,0.0,0.0
2025-02-15 10:00:00,17.0,14.0,9.0,0.0,1020.0,41.0,20.0,0.0,0.0
2025-02-15 11:00:00,18.0,15.0,8.0,0.0,1020.0,46.0,24.0,0.0,0.0
2025-02-15 12:00:00,18.0,16.0,8.0,0.0,1019.0,50.0,24.0,0.0,0.0
2025-02-15 13:00:00,18.0,17.0,7.0,0.0,1018.0,53.0,26.0,0.0,0.0
2025-02-15 14:00:00,17.0,15.0,6.0,0.0,1018.0,56.0,24.0,0.0,0.0
2025-02-15 15:00:00,15.0,13.0,5.0,0.0,1018.0,58.0,24.0,0.0,0.0
2025-02-15 16:00:00,14.0,13.0,4.0,0.0,1018.0,61.0,24.0,0.0,0.0
2025-02-15 17:00:00,14.0,13.0,2.0,0.0,1018.0,64.0,19.0,0.0,0.0
2025-02-15 18:00:00,14.0,13.0,1.0,0.0,1019.0,68.0,15.0,0.0,0.0
2025-02-15 19:00:00,15.0,13.0,2.0,0.0,1019.0,59.0,12.0,0.0,0.0
2025-02-15 20:00:00,15.0,13.0,2.0,0.0,1019.0,60.0,10.0,0.0,0.0
2025-02-15 21:00:00,16.0,14.0,2.0,0.0,1019.0,62.0,10.0,0.0,0.0
2025-02-15 22:00:00,13.0,12.0,2.0,0.0,1019.0,62.0,9.0,0.0,0.0
2025-02-15 23:00:00,13.0,12.0,1.0,0.0,1018.0,62.0,8.0,0.0,0.0
2025-02-16 00:00:00,13.0,12.0,1.0,0.0,1018.0,62.0,8.0,0.0,0.0
2025-02-16 01:00:00,13.0,12.0,1.0,0.0,1018.0,62.0,8.0,0.0,0.0
2025-02-16 02:00:00,13.0,12.0,1.0,0.0,1018.0,63.0,7.0,0.0,0.0
2025-02-16 03:00:00,12.0,11.0,1.0,0.0,1017.0,65.0,7.0,0.0,0.0
2025-02-16 04:00:00,11.0,11.0,0.0,0.0,1017.0,67.0,6.0,0.0,0.0
2025-02-16 05:00:00,11.0,11.0,0.0,0.0,1017.0,68.0,8.0,0.0,0.0
2025-02-16 06:00:00,12.0,11.0,0.0,0.0,1017.0,71.0,7.0,0.0,0.0
2025-02-16 07:00:00,12.0,12.0,3.0,0.0,1017.0,58.0,13.0,0.0,0.0
2025-02-16 08:00:00,13.0,13.0,4.0,0.0,1017.0,50.0,14.0,0.0,0.0
2025-02-16 09:00:00,15.0,14.0,6.0,0.0,1017.0,46.0,14.0,0.0,0.0
2025-02-16 10:00:00,17.0,15.0,8.0,0.0,1017.0,42.0,17.0,0.0,0.0
2025-02-16 11:00:00,16.0,15.0,9.0,0.0,1016.0,40.0,19.0,0.0,0.0
2025-02-16 12:00:00,17.0,15.0,9.0,0.0,1016.0,38.0,22.0,0.0,0.0
2025-02-16 13:00:00,18.0,16.0,9.0,0.0,1015.0,38.0,22.0,0.0,0.0
2025-02-16 14:00:00,17.0,16.0,8.0,0.0,1015.0,40.0,24.0,0.0,0.0
2025-02-16 15:00:00,16.0,14.0,7.0,0.0,1015.0,42.0,25.0,0.0,0.0
2025-02-16 16:00:00,16.0,15.0,6.0,0.0,1016.0,45.0,25.0,0.0,0.0
2025-02-16 17:00:00,16.0,15.0,5.0,0.0,1016.0,48.0,25.0,0.0,0.0
2025-02-16 18:00:00,18.0,17.0,4.0,0.0,1016.0,50.0,23.0,0.0,0.0
2025-02-16 19:00:00,19.0,18.0,4.0,0.0,1017.0,54.0,17.0,0.0,0.0
2025-02-16 20:00:00,21.0,19.0,3.0,0.0,1017.0,55.0,15.0,0.0,0.0
2025-02-16 21:00:00,20.0,19.0,3.0,0.0,1017.0,56.0,17.0,0.0,0.0
2025-02-16 22:00:00,18.0,17.0,3.0,0.0,1018.0,55.0,17.0,0.0,0.0
2025-02-16 23:00:00,16.0,15.0,3.0,0.0,1018.0,54.0,16.0,0.0,0.0
2025-02-17 00:00:00,17.0,16.0,2.0,0.0,1018.0,55.0,17.0,0.0,0.0
2025-02-17 01:00:00,19.0,17.0,2.0,0.0,1018.0,55.0,17.0,0.0,0.0
2025-02-17 02:00:00,18.0,16.0,2.0,0.0,1018.0,54.0,17.0,0.0,0.0
2025-02-17 03:00:00,17.0,16.0,2.0,0.0,1018.0,54.0,13.0,0.0,0.0
2025-02-17 04:00:00,16.0,15.0,2.0,0.0,1018.0,54.0,12.0,0.0,0.0
2025-02-17 05:00:00,15.0,14.0,2.0,0.0,1019.0,55.0,11.0,0.0,0.0
2025-02-17 06:00:00,15.0,14.0,2.0,0.0,1020.0,55.0,12.0,0.0,0.0
2025-02-17 07:00:00,14.0,13.0,1.0,0.0,1019.0,52.0,14.0,0.0,0.0
2025-02-17 08:00:00,17.0,13.0,3.0,0.0,1020.0,47.0,13.0,0.0,0.0
2025-02-17 09:00:00,19.0,13.0,5.0,0.0,1021.0,43.0,14.0,0.0,0.0
2025-02-17 10:00:00,17.0,12.0,6.0,0.0,1021.0,38.0,16.0,0.0,0.0
2025-02-17 11:00:00,15.0,11.0,7.0,0.0,1021.0,35.0,23.0,0.0,0.0
2025-02-17 12:00:00,21.0,13.0,8.0,0.0,1021.0,33.0,27.0,0.0,0.0
2025-02-17 13:00:00,19.0,13.0,8.0,0.0,1020.0,32.0,28.0,0.0,0.0
2025-02-17 14:00:00,21.0,13.0,8.0,0.0,1020.0,33.0,27.0,0.0,0.0
2025-02-17 15:00:00,21.0,13.0,7.0,0.0,1020.0,35.0,26.0,0.0,0.0
2025-02-17 16:00:00,21.0,15.0,6.0,0.0,1021.0,38.0,24.0,0.0,0.0
2025-02-17 17:00:00,19.0,16.0,4.0,0.0,1021.0,44.0,21.0,0.0,0.0
2025-02-17 18:00:00,19.0,17.0,3.0,0.0,1022.0,46.0,17.0,0.0,0.0
2025-02-17 19:00:00,19.0,16.0,3.0,0.0,1022.0,49.0,8.0,0.0,0.0
2025-02-17 20:00:00,27.0,18.0,2.0,0.0,1022.0,51.0,7.0,0.0,0.0
2025-02-17 21:00:00,24.0,17.0,2.0,0.0,1023.0,53.0,7.0,0.0,0.0
2025-02-17 22:00:00,23.0,16.0,1.0,0.0,1023.0,55.0,7.0,0.0,0.0
2025-02-17 23:00:00,17.0,15.0,1.0,0.0,1023.0,57.0,8.0,0.0,0.0
2025-02-18 00:00:00,16.0,15.0,0.0,0.0,1023.0,58.0,8.0,0.0,0.0
2025-02-18 01:00:00,16.0,15.0,0.0,0.0,1023.0,59.0,7.0,0.0,0.0
2025-02-18 02:00:00,14.0,14.0,0.0,0.0,1023.0,59.0,6.0,0.0,0.0
2025-02-18 03:00:00,13.0,12.0,0.0,0.0,1022.0,59.0,7.0,0.0,0.0
2025-02-18 04:00:00,12.0,11.0,0.0,0.0,1022.0,59.0,7.0,0.0,0.0
2025-02-18 05:00:00,11.0,11.0,0.0,0.0,1022.0,59.0,7.0,0.0,0.0
2025-02-18 06:00:00,11.0,11.0,0.0,0.0,1023.0,60.0,7.0,0.0,0.0
2025-02-18 07:00:00,12.0,11.0,0.0,0.0,1022.0,65.0,8.0,0.0,0.0
2025-02-18 08:00:00,14.0,12.0,2.0,0.0,1023.0,61.0,8.0,0.0,0.0
2025-02-18 09:00:00,21.0,13.0,6.0,0.0,1024.0,41.0,9.0,0.0,0.0
2025-02-18 10:00:00,23.0,13.0,8.0,0.0,1024.0,36.0,10.0,0.0,0.0
2025-02-18 11:00:00,22.0,13.0,10.0,0.0,1024.0,32.0,13.0,0.0,0.0
2025-02-18 12:00:00,18.0,10.0,10.0,0.0,1023.0,30.0,20.0,0.0,0.0
2025-02-18 13:00:00,14.0,9.0,10.0,0.0,1023.0,30.0,24.0,0.0,0.0
2025-02-18 14:00:00,13.0,9.0,9.0,0.0,1023.0,30.0,29.0,0.0,0.0
2025-02-18 15:00:00,13.0,10.0,8.0,0.0,1024.0,33.0,30.0,0.0,0.0
2025-02-18 16:00:00,17.0,11.0,6.0,0.0,1024.0,36.0,30.0,0.0,0.0
2025-02-18 17:00:00,17.0,13.0,5.0,0.0,1025.0,41.0,30.0,0.0,0.0
2025-02-18 18:00:00,18.0,15.0,4.0,0.0,1026.0,44.0,23.0,0.0,0.0
2025-02-18 19:00:00,18.0,16.0,3.0,0.0,1026.0,46.0,10.0,0.0,0.0
2025-02-18 20:00:00,20.0,16.0,3.0,0.0,1027.0,48.0,9.0,0.0,0.0
2025-02-18 21:00:00,22.0,15.0,2.0,0.0,1027.0,49.0,10.0,0.0,0.0
2025-02-18 22:00:00,26.0,16.0,2.0,0.0,1028.0,49.0,10.0,0.0,0.0
2025-02-18 23:00:00,23.0,15.0,2.0,0.0,1028.0,49.0,10.0,0.0,0.0
2025-02-19 00:00:00,20.0,15.0,2.0,0.0,1028.0,50.0,9.0,0.0,0.0
2025-02-19 01:00:00,19.0,14.0,1.0,0.0,1029.0,52.0,8.0,0.0,0.0
2025-02-19 02:00:00,17.0,14.0,1.0,0.0,1029.0,53.0,8.0,0.0,0.0
2025-02-19 03:00:00,17.0,13.0,1.0,0.0,1029.0,54.0,8.0,0.0,0.0
2025-02-19 04:00:00,15.0,13.0,0.0,0.0,1029.0,54.0,8.0,0.0,0.0
2025-02-19 05:00:00,14.0,13.0,0.0,0.0,1029.0,54.0,6.0,0.0,0.0
2025-02-19 06:00:00,16.0,14.0,0.0,0.0,1030.0,54.0,6.0,0.0,0.0
2025-02-19 07:00:00,16.0,14.0,1.0,0.0,1030.0,39.0,13.0,0.0,0.0
2025-02-19 08:00:00,23.0,15.0,3.0,0.0,1030.0,38.0,12.0,0.0,0.0
2025-02-19 09:00:00,24.0,15.0,6.0,0.0,1031.0,24.0,11.0,0.0,0.0
2025-02-19 10:00:00,27.0,15.0,8.0,0.0,1031.0,24.0,9.0,0.0,0.0
2025-02-19 11:00:00,23.0,14.0,9.0,0.0,1030.0,23.0,4.0,0.0,0.0
2025-02-19 12:00:00,17.0,13.0,9.0,0.0,1030.0,24.0,7.0,0.0,0.0
2025-02-19 13:00:00,16.0,13.0,9.0,0.0,1030.0,25.0,11.0,0.0,0.0
2025-02-19 14:00:00,16.0,13.0,9.0,0.0,1029.0,26.0,14.0,0.0,0.0
2025-02-19 15:00:00,17.0,13.0,8.0,0.0,1029.0,28.0,17.0,0.0,0.0
2025-02-19 16:00:00,16.0,13.0,7.0,0.0,1029.0,32.0,19.0,0.0,0.0
2025-02-19 17:00:00,19.0,14.0,5.0,0.0,1030.0,36.0,19.0,0.0,0.0
2025-02-19 18:00:00,18.0,15.0,3.0,0.0,1030.0,42.0,19.0,0.0,0.0
2025-02-19 19:00:00,29.0,18.0,3.0,0.0,1030.0,48.0,10.0,0.0,0.0
2025-02-19 20:00:00,22.0,19.0,2.0,0.0,1031.0,49.0,9.0,0.0,0.0
2025-02-19 21:00:00,20.0,19.0,2.0,0.0,1031.0,50.0,8.0,0.0,0.0
2025-02-19 22:00:00,21.0,20.0,1.0,0.0,1031.0,50.0,7.0,0.0,0.0
2025-02-19 23:00:00,21.0,20.0,1.0,0.0,1031.0,49.0,6.0,0.0,0.0
2025-02-20 00:00:00,20.0,18.0,1.0,0.0,1031.0,48.0,7.0,0.0,0.0
2025-02-20 01:00:00,19.0,17.0,0.0,0.0,1031.0,48.0,6.0,0.0,0.0
2025-02-20 02:00:00,18.0,17.0,0.0,0.0,1031.0,48.0,6.0,0.0,0.0
2025-02-20 03:00:00,20.0,19.0,0.0,0.0,1031.0,48.0,6.0,0.0,0.0
2025-02-20 04:00:00,18.0,17.0,0.0,0.0,1030.0,48.0,6.0,0.0,0.0
2025-02-20 05:00:00,17.0,15.0,0.0,0.0,1030.0,48.0,5.0,0.0,0.0
2025-02-20 06:00:00,17.0,16.0,0.0,0.0,1031.0,47.0,6.0,0.0,0.0
2025-02-20 07:00:00,18.0,17.0,-1.0,0.0,1031.0,60.0,6.0,0.0,0.0
2025-02-20 08:00:00,28.0,26.0,1.0,0.0,1031.0,53.0,6.0,0.0,0.0
2025-02-20 09:00:00,21.0,17.0,4.0,0.0,1032.0,37.0,7.0,0.0,0.0
2025-02-20 10:00:00,23.0,21.0,7.0,0.0,1032.0,32.0,6.0,0.0,0.0
2025-02-20 11:00:00,30.0,20.0,8.0,0.0,1032.0,29.0,6.0,0.0,0.0
2025-02-20 12:00:00,26.0,17.0,10.0,0.0,1031.0,28.0,6.0,0.0,0.0
2025-02-20 13:00:00,20.0,16.0,10.0,0.0,1030.0,31.0,8.0,0.0,0.0
2025-02-20 14:00:00,23.0,18.0,10.0,0.0,1030.0,36.0,9.0,0.0,0.0
2025-02-20 15:00:00,22.0,18.0,10.0,0.0,1030.0,38.0,9.0,0.0,0.0
2025-02-20 16:00:00,23.0,20.0,9.0,0.0,1030.0,44.0,7.0,0.0,0.0
2025-02-20 17:00:00,26.0,22.0,7.0,0.0,1030.0,56.0,6.0,0.0,0.0
2025-02-20 18:00:00,30.0,24.0,5.0,0.0,1031.0,52.0,9.0,0.0,0.0
2025-02-20 19:00:00,30.0,26.0,6.0,0.0,1031.0,47.0,5.0,0.0,0.0
2025-02-20 20:00:00,31.0,27.0,5.0,0.0,1032.0,50.0,5.0,0.0,0.0
2025-02-20 21:00:00,32.0,27.0,4.0,0.0,1032.0,52.0,5.0,0.0,0.0
2025-02-20 22:00:00,40.0,33.0,3.0,0.0,1032.0,53.0,5.0,0.0,0.0
2025-02-20 23:00:00,42.0,35.0,3.0,0.0,1032.0,55.0,5.0,0.0,0.0
2025-02-21 00:00:00,42.0,36.0,3.0,0.0,1032.0,53.0,6.0,0.0,0.0
2025-02-21 01:00:00,42.0,36.0,3.0,0.0,1032.0,52.0,6.0,0.0,0.0
2025-02-21 02:00:00,44.0,38.0,3.0,0.0,1032.0,54.0,6.0,0.0,0.0
2025-02-21 03:00:00,42.0,36.0,3.0,0.0,1032.0,53.0,5.0,0.0,0.0
2025-02-21 04:00:00,39.0,34.0,2.0,0.0,1031.0,54.0,4.0,0.0,0.0
2025-02-21 05:00:00,42.0,38.0,2.0,0.0,1031.0,54.0,5.0,0.0,0.0
2025-02-21 06:00:00,44.0,40.0,2.0,0.0,1032.0,53.0,5.0,0.0,0.0
2025-02-21 07:00:00,47.0,42.0,3.0,0.0,1032.0,95.0,15.0,0.0,0.0
2025-02-21 08:00:00,41.0,38.0,5.0,0.0,1032.0,88.0,15.0,0.0,0.0
2025-02-21 09:00:00,46.0,42.0,7.0,0.0,1032.0,68.0,12.0,0.0,0.0
2025-02-21 10:00:00,47.0,39.0,9.0,0.0,1032.0,61.0,10.0,0.0,0.0
2025-02-21 11:00:00,37.0,30.0,10.0,0.0,1031.0,58.0,4.0,0.0,0.0
2025-02-21 12:00:00,30.0,25.0,10.0,0.0,1031.0,61.0,4.0,0.0,0.0
2025-02-21 13:00:00,32.0,27.0,10.0,0.0,1030.0,54.0,6.0,0.0,0.0
2025-02-21 14:00:00,36.0,32.0,10.0,0.0,1030.0,49.0,6.0,0.0,0.0
2025-02-21 15:00:00,39.0,35.0,9.0,0.0,1030.0,49.0,6.0,0.0,0.0
2025-02-21 16:00:00,48.0,43.0,8.0,0.0,1030.0,52.0,4.0,0.0,0.0
2025-02-21 17:00:00,60.0,53.0,7.0,0.0,1030.0,65.0,2.0,0.0,0.0
2025-02-21 18:00:00,71.0,63.0,5.0,0.0,1030.0,66.0,0.0,0.0,0.0
2025-02-21 19:00:00,72.0,64.0,6.0,0.0,1030.0,65.0,4.0,0.0,0.0
2025-02-21 20:00:00,71.0,61.0,6.0,0.0,1030.0,66.0,4.0,0.0,0.0
2025-02-21 21:00:00,81.0,70.0,4.0,0.0,1030.0,67.0,5.0,0.0,0.0
2025-02-21 22:00:00,70.0,64.0,4.0,0.0,1030.0,70.0,5.0,0.0,0.0
2025-02-21 23:00:00,62.0,57.0,4.0,0.0,1030.0,68.0,5.0,0.0,0.0
2025-02-22 00:00:00,64.0,59.0,4.0,0.0,1030.0,68.0,4.0,0.0,0.0
2025-02-22 01:00:00,68.0,64.0,4.0,0.0,1030.0,67.0,6.0,0.0,0.0
2025-02-22 02:00:00,74.0,69.0,4.0,0.0,1030.0,66.0,5.0,0.0,0.0
2025-02-22 03:00:00,79.0,74.0,3.0,0.0,1029.0,67.0,6.0,0.0,0.0
2025-02-22 04:00:00,77.0,73.0,3.0,0.0,1029.0,66.0,7.0,0.0,0.0
2025-02-22 05:00:00,70.0,65.0,3.0,0.0,1029.0,64.0,6.0,0.0,0.0
2025-02-22 06:00:00,69.0,65.0,3.0,0.0,1029.0,65.0,7.0,0.0,0.0
2025-02-22 07:00:00,67.0,63.0,6.0,0.0,1029.0,74.0,6.0,0.0,0.0
2025-02-22 08:00:00,58.0,54.0,8.0,0.0,1029.0,62.0,7.0,0.0,0.0
2025-02-22 09:00:00,56.0,54.0,11.0,0.0,1030.0,51.0,7.0,0.0,0.0
2025-02-22 10:00:00,51.0,47.0,12.0,0.0,1029.0,48.0,6.0,0.0,0.0
2025-02-22 11:00:00,51.0,46.0,13.0,0.0,1029.0,48.0,2.0,0.0,0.0
2025-02-22 12:00:00,57.0,49.0,12.0,0.0,1028.0,52.0,2.0,0.0,0.0
2025-02-22 13:00:00,62.0,56.0,12.0,0.0,1028.0,55.0,4.0,0.0,0.0
2025-02-22 14:00:00,67.0,62.0,11.0,0.0,1027.0,61.0,6.0,0.0,0.0
2025-02-22 15:00:00,71.0,64.0,10.0,0.0,1027.0,68.0,5.0,0.0,0.0
2025-02-22 16:00:00,69.0,62.0,10.0,0.0,1027.0,71.0,4.0,0.0,0.0
2025-02-22 17:00:00,76.0,69.0,9.0,0.0,1027.0,78.0,1.0,0.0,0.0
2025-02-22 18:00:00,84.0,75.0,8.0,0.0,1027.0,87.0,2.0,0.0,0.0
2025-02-22 19:00:00,90.0,81.0,8.0,0.0,1027.0,89.0,1.0,0.0,0.0
2025-02-22 20:00:00,81.0,74.0,8.0,0.0,1028.0,90.0,4.0,0.0,0.0
2025-02-22 21:00:00,80.0,74.0,8.0,0.0,1028.0,91.0,3.0,0.0,0.0
2025-02-22 22:00:00,76.0,69.0,8.0,0.0,1028.0,92.0,3.0,0.0,0.0
2025-02-22 23:00:00,90.0,85.0,8.0,0.0,1028.0,93.0,3.0,0.0,0.0
2025-02-23 00:00:00,81.0,76.0,8.0,0.0,1028.0,93.0,2.0,0.0,0.0
2025-02-23 01:00:00,48.0,44.0,8.0,0.0,1028.0,94.0,4.0,0.0,0.0
2025-02-23 02:00:00,44.0,39.0,8.0,0.0,1028.0,94.0,4.0,0.0,0.0
2025-02-23 03:00:00,34.0,30.0,8.0,0.0,1028.0,95.0,1.0,0.0,0.0
2025-02-23 04:00:00,30.0,26.0,8.0,0.0,1028.0,97.0,2.0,0.0,0.0
2025-02-23 05:00:00,74.0,69.0,8.0,0.0,1029.0,96.0,3.0,0.0,0.0
2025-02-23 06:00:00,79.0,75.0,8.0,0.0,1029.0,96.0,3.0,0.0,0.0
2025-02-23 07:00:00,86.0,80.0,9.0,0.0,1029.0,90.0,4.0,0.0,0.0
2025-02-23 08:00:00,71.0,66.0,11.0,0.0,1030.0,84.0,4.0,0.0,0.0
2025-02-23 09:00:00,81.0,76.0,12.0,0.0,1030.0,80.0,3.0,0.0,0.0
2025-02-23 10:00:00,79.0,73.0,13.0,0.0,1031.0,81.0,4.0,0.0,0.0
2025-02-23 11:00:00,80.0,73.0,12.0,0.0,1031.0,81.0,6.0,0.0,0.0
2025-02-23 12:00:00,84.0,76.0,12.0,0.0,1030.0,80.0,8.0,0.0,0.0
2025-02-23 13:00:00,81.0,72.0,12.0,0.0,1030.0,76.0,9.0,0.0,0.0
2025-02-23 14:00:00,74.0,66.0,11.0,0.0,1030.0,74.0,9.0,0.0,0.0
2025-02-23 15:00:00,76.0,68.0,11.0,0.0,1030.0,76.0,6.0,0.0,0.0
2025-02-23 16:00:00,103.0,95.0,10.0,0.0,1030.0,80.0,4.0,0.0,0.0
2025-02-23 17:00:00,96.0,88.0,9.0,0.0,1030.0,89.0,1.0,0.0,0.0
2025-02-23 18:00:00,92.0,85.0,8.0,0.0,1030.0,93.0,1.0,0.0,0.0
2025-02-23 19:00:00,112.0,101.0,8.0,0.0,1030.0,90.0,2.0,0.0,0.0
2025-02-23 20:00:00,112.0,105.0,8.0,0.0,1030.0,91.0,3.0,0.0,0.0
2025-02-23 21:00:00,110.0,103.0,8.0,0.0,1030.0,92.0,2.0,0.0,0.0
2025-02-23 22:00:00,96.0,90.0,8.0,0.0,1030.0,91.0,2.0,0.0,0.0
2025-02-23 23:00:00,86.0,81.0,8.0,0.0,1030.0,91.0,2.0,0.0,0.0
2025-02-24 00:00:00,75.0,70.0,8.0,0.0,1030.0,91.0,2.0,0.0,0.0
2025-02-24 01:00:00,76.0,71.0,8.0,0.0,1030.0,91.0,3.0,0.0,0.0
2025-02-24 02:00:00,79.0,74.0,8.0,0.0,1030.0,91.0,3.0,0.0,0.0
2025-02-24 03:00:00,82.0,77.0,8.0,0.2,1030.0,93.0,3.0,0.0,0.0
2025-02-24 04:00:00,86.0,80.0,7.0,0.7,1029.0,96.0,3.0,0.0,0.0
2025-02-24 05:00:00,98.0,93.0,7.0,0.5,1029.0,97.0,4.0,0.0,0.0
2025-02-24 06:00:00,96.0,91.0,7.0,0.0,1029.0,97.0,4.0,0.0,0.0
2025-02-24 07:00:00,94.0,90.0,8.0,0.0,1029.0,92.0,7.0,0.0,0.0
2025-02-24 08:00:00,92.0,88.0,9.0,0.0,1029.0,88.0,3.0,0.0,0.0
2025-02-24 09:00:00,104.0,98.0,10.0,0.0,1029.0,89.0,4.0,0.0,0.0
2025-02-24 10:00:00,103.0,97.0,11.0,0.0,1029.0,88.0,3.0,0.0,0.0
2025-02-24 11:00:00,98.0,93.0,12.0,0.0,1028.0,76.0,2.0,0.0,0.0
2025-02-24 12:00:00,68.0,65.0,13.0,0.0,1027.0,74.0,2.0,0.0,0.0
2025-02-24 13:00:00,67.0,63.0,14.0,0.0,1027.0,69.0,1.0,0.0,0.0
2025-02-24 14:00:00,105.0,100.0,14.0,0.0,1026.0,69.0,2.0,0.0,0.0
2025-02-24 15:00:00,109.0,104.0,13.0,0.0,1026.0,74.0,3.0,0.0,0.0
2025-02-24 16:00:00,74.0,69.0,12.0,0.0,1026.0,79.0,6.0,0.0,0.0
2025-02-24 17:00:00,83.0,79.0,11.0,0.0,1025.0,85.0,8.0,0.0,0.0
2025-02-24 18:00:00,88.0,81.0,10.0,0.0,1026.0,89.0,6.0,0.0,0.0
2025-02-24 19:00:00,106.0,100.0,9.0,0.0,1026.0,94.0,3.0,0.0,0.0
2025-02-24 20:00:00,109.0,102.0,8.0,0.0,1026.0,97.0,3.0,0.0,0.0
2025-02-24 21:00:00,112.0,106.0,8.0,0.0,1025.0,96.0,4.0,0.0,0.0
2025-02-24 22:00:00,106.0,99.0,8.0,0.0,1025.0,98.0,4.0,0.0,0.0
2025-02-24 23:00:00,107.0,102.0,8.0,0.0,1024.0,97.0,2.0,0.0,0.0
2025-02-25 00:00:00,105.0,100.0,8.0,0.0,1024.0,98.0,1.0,0.0,0.0
2025-02-25 01:00:00,101.0,97.0,8.0,0.0,1024.0,98.0,1.0,0.0,0.0
2025-02-25 02:00:00,97.0,93.0,8.0,0.0,1024.0,95.0,4.0,0.0,0.0
2025-02-25 03:00:00,109.0,102.0,8.0,0.0,1023.0,92.0,4.0,0.0,0.0
2025-02-25 04:00:00,106.0,101.0,8.0,0.0,1022.0,92.0,2.0,0.0,0.0
2025-02-25 05:00:00,93.0,88.0,8.0,0.0,1022.0,92.0,1.0,0.0,0.0
2025-02-25 06:00:00,93.0,89.0,7.0,0.0,1022.0,93.0,3.0,0.0,0.0
2025-02-25 07:00:00,105.0,100.0,9.0,0.0,1022.0,91.0,9.0,0.0,0.0
2025-02-25 08:00:00,105.0,101.0,10.0,0.0,1022.0,86.0,9.0,0.0,0.0
2025-02-25 09:00:00,95.0,90.0,11.0,0.0,1022.0,80.0,7.0,0.0,0.0
2025-02-25 10:00:00,107.0,101.0,12.0,0.0,1022.0,78.0,3.0,0.0,0.0
2025-02-25 11:00:00,130.0,124.0,12.0,0.0,1020.0,76.0,2.0,0.0,0.0
2025-02-25 12:00:00,88.0,84.0,12.0,0.0,1020.0,76.0,4.0,0.0,0.0
2025-02-25 13:00:00,96.0,90.0,11.0,0.1,1019.0,80.0,6.0,0.0,0.0
2025-02-25 14:00:00,91.0,86.0,11.0,0.2,1019.0,84.0,4.0,0.0,0.0
2025-02-25 15:00:00,83.0,78.0,11.0,0.0,1018.0,85.0,4.0,0.0,0.0
2025-02-25 16:00:00,74.0,69.0,11.0,0.0,1018.0,87.0,3.0,0.0,0.0
2025-02-25 17:00:00,65.0,62.0,11.0,0.0,1017.0,91.0,0.0,0.0,0.0
2025-02-25 18:00:00,69.0,64.0,10.0,0.0,1017.0,94.0,6.0,0.0,0.0
2025-02-25 19:00:00,68.0,63.0,10.0,0.1,1017.0,97.0,1.0,0.0,0.0
2025-02-25 20:00:00,75.0,70.0,10.0,0.9,1017.0,98.0,4.0,0.0,0.0
2025-02-25 21:00:00,60.0,57.0,10.0,0.9,1016.0,97.0,3.0,0.0,0.0
2025-02-25 22:00:00,50.0,48.0,10.0,0.2,1016.0,96.0,2.0,0.0,0.0
2025-02-25 23:00:00,30.0,28.0,10.0,0.2,1016.0,95.0,3.0,0.0,0.0
2025-02-26 00:00:00,24.0,22.0,10.0,0.4,1015.0,95.0,3.0,0.0,0.0
2025-02-26 01:00:00,21.0,19.0,10.0,2.2,1015.0,96.0,2.0,0.0,0.0
2025-02-26 02:00:00,12.0,10.0,10.0,0.6,1014.0,94.0,5.0,0.0,0.0
2025-02-26 03:00:00,9.0,8.0,10.0,0.2,1014.0,94.0,5.0,0.0,0.0
2025-02-26 04:00:00,9.0,7.0,10.0,2.8,1014.0,97.0,2.0,0.0,0.0
2025-02-26 05:00:00,11.0,9.0,10.0,1.7,1014.0,98.0,3.0,0.0,0.0
2025-02-26 06:00:00,9.0,7.0,10.0,0.4,1014.0,98.0,3.0,0.0,0.0
2025-02-26 07:00:00,9.0,7.0,11.0,0.0,1014.0,86.0,6.0,0.0,0.0
2025-02-26 08:00:00,9.0,7.0,12.0,0.0,1014.0,86.0,7.0,0.0,0.0
2025-02-26 09:00:00,10.0,7.0,13.0,0.0,1014.0,85.0,6.0,0.0,0.0
2025-02-26 10:00:00,10.0,8.0,13.0,0.2,1014.0,84.0,4.0,0.0,0.0
2025-02-26 11:00:00,12.0,8.0,12.0,1.4,1014.0,89.0,6.0,0.0,0.0
2025-02-26 12:00:00,7.0,5.0,11.0,2.2,1013.0,92.0,10.0,0.0,0.0
2025-02-26 13:00:00,6.0,4.0,10.0,4.1,1013.0,94.0,10.0,0.0,0.0
2025-02-26 14:00:00,9.0,8.0,10.0,5.9,1013.0,95.0,7.0,0.0,0.0
2025-02-26 15:00:00,9.0,7.0,10.0,5.1,1013.0,96.0,7.0,0.0,0.0
2025-02-26 16:00:00,8.0,6.0,10.0,3.1,1013.0,97.0,6.0,0.0,0.0
2025-02-26 17:00:00,11.0,6.0,10.0,0.9,1013.0,97.0,11.0,0.0,0.0
2025-02-26 18:00:00,6.0,4.0,10.0,0.5,1013.0,92.0,13.0,0.0,0.0
2025-02-26 19:00:00,11.0,9.0,10.0,1.7,1014.0,89.0,12.0,0.0,0.0
2025-02-26 20:00:00,13.0,12.0,10.0,0.8,1014.0,87.0,15.0,0.0,0.0
2025-02-26 21:00:00,4.0,3.0,9.0,0.7,1014.0,85.0,24.0,0.0,0.0
2025-02-26 22:00:00,2.0,2.0,9.0,1.3,1014.0,83.0,27.0,0.0,0.0
2025-02-26 23:00:00,2.0,2.0,8.0,0.5,1014.0,83.0,28.0,0.0,0.0
2025-02-27 00:00:00,2.0,2.0,8.0,0.5,1014.0,82.0,25.0,0.0,0.0
2025-02-27 01:00:00,2.0,2.0,8.0,1.3,1015.0,83.0,21.0,0.0,0.0
2025-02-27 02:00:00,2.0,2.0,7.0,1.9,1015.0,84.0,20.0,0.0,0.0
2025-02-27 03:00:00,2.0,2.0,7.0,2.5,1014.0,84.0,18.0,0.0,0.0
2025-02-27 04:00:00,2.0,2.0,7.0,1.2,1014.0,85.0,15.0,0.0,0.0
2025-02-27 05:00:00,2.0,2.0,7.0,0.8,1015.0,85.0,15.0,0.0,0.0
2025-02-27 06:00:00,2.0,2.0,7.0,0.8,1016.0,86.0,15.0,0.0,0.0
2025-02-27 07:00:00,2.0,2.0,10.0,0.0,1016.0,60.0,7.0,0.0,0.0
2025-02-27 08:00:00,3.0,2.0,11.0,0.0,1017.0,61.0,7.0,0.0,0.0
2025-02-27 09:00:00,4.0,2.0,11.0,0.0,1017.0,60.0,10.0,0.0,0.0
2025-02-27 10:00:00,3.0,2.0,12.0,0.0,1017.0,60.0,14.0,0.0,0.0
2025-02-27 11:00:00,3.0,2.0,12.0,0.0,1017.0,63.0,16.0,0.0,0.0
2025-02-27 12:00:00,4.0,2.0,12.0,0.0,1016.0,65.0,18.0,0.0,0.0
2025-02-27 13:00:00,2.0,2.0,12.0,0.0,1016.0,68.0,16.0,0.0,0.0
2025-02-27 14:00:00,2.0,2.0,12.0,0.0,1016.0,69.0,15.0,0.0,0.0
2025-02-27 15:00:00,3.0,2.0,12.0,0.0,1016.0,71.0,14.0,0.0,0.0
2025-02-27 16:00:00,4.0,2.0,11.0,0.0,1016.0,73.0,13.0,0.0,0.0
2025-02-27 17:00:00,4.0,2.0,10.0,0.0,1017.0,78.0,13.0,0.0,0.0
2025-02-27 18:00:00,4.0,2.0,8.0,0.0,1017.0,80.0,12.0,0.0,0.0
2025-02-27 19:00:00,5.0,2.0,8.0,0.0,1018.0,77.0,5.0,0.0,0.0
2025-02-27 20:00:00,4.0,2.0,8.0,0.0,1018.0,78.0,4.0,0.0,0.0
2025-02-27 21:00:00,5.0,4.0,7.0,0.0,1019.0,80.0,4.0,0.0,0.0
2025-02-27 22:00:00,5.0,3.0,7.0,0.0,1019.0,80.0,6.0,0.0,0.0
2025-02-27 23:00:00,3.0,2.0,7.0,0.0,1019.0,79.0,8.0,0.0,0.0
2025-02-28 00:00:00,3.0,3.0,7.0,0.0,1020.0,79.0,8.0,0.0,0.0
2025-02-28 01:00:00,6.0,6.0,6.0,0.0,1020.0,79.0,7.0,0.0,0.0
2025-02-28 02:00:00,15.0,14.0,6.0,0.0,1020.0,80.0,5.0,0.0,0.0
2025-02-28 03:00:00,8.0,8.0,6.0,0.0,1019.0,81.0,4.0,0.0,0.0
2025-02-28 04:00:00,5.0,4.0,6.0,0.0,1019.0,81.0,3.0,0.0,0.0
2025-02-28 05:00:00,7.0,7.0,5.0,0.0,1020.0,82.0,4.0,0.0,0.0
2025-02-28 06:00:00,2.0,2.0,5.0,0.0,1020.0,82.0,5.0,0.0,0.0
2025-02-28 07:00:00,4.0,3.0,5.0,0.0,1020.0,77.0,3.0,0.0,0.0
2025-02-28 08:00:00,4.0,2.0,8.0,0.0,1020.0,68.0,5.0,0.0,0.0
2025-02-28 09:00:00,10.0,5.0,11.0,0.0,1020.0,59.0,10.0,0.0,0.0
2025-02-28 10:00:00,8.0,3.0,13.0,0.0,1021.0,54.0,10.0,0.0,0.0
2025-02-28 11:00:00,12.0,4.0,14.0,0.0,1020.0,51.0,6.0,0.0,0.0
2025-02-28 12:00:00,7.0,3.0,14.0,0.0,1020.0,49.0,3.0,0.0,0.0
2025-02-28 13:00:00,5.0,3.0,14.0,0.0,1020.0,57.0,10.0,0.0,0.0
2025-02-28 14:00:00,5.0,3.0,12.0,0.1,1020.0,63.0,9.0,0.0,0.0
2025-02-28 15:00:00,5.0,3.0,12.0,0.0,1020.0,66.0,6.0,0.0,0.0
2025-02-28 16:00:00,7.0,3.0,12.0,0.0,1020.0,65.0,10.0,0.0,0.0
2025-02-28 17:00:00,6.0,3.0,11.0,0.0,1020.0,70.0,10.0,0.0,0.0
2025-02-28 18:00:00,6.0,3.0,10.0,0.0,1020.0,64.0,13.0,0.0,0.0
2025-02-28 19:00:00,7.0,4.0,9.0,0.0,1021.0,65.0,10.0,0.0,0.0
2025-02-28 20:00:00,6.0,3.0,9.0,0.0,1021.0,66.0,8.0,0.0,0.0
2025-02-28 21:00:00,13.0,5.0,8.0,0.0,1021.0,67.0,8.0,0.0,0.0
2025-02-28 22:00:00,8.0,5.0,8.0,0.0,1021.0,66.0,8.0,0.0,0.0
2025-02-28 23:00:00,6.0,5.0,8.0,0.0,1021.0,67.0,6.0,0.0,0.0
2025-03-01 00:00:00,8.0,7.0,8.0,0.0,1022.0,67.0,6.0,0.0,0.0
2025-03-01 01:00:00,6.0,5.0,8.0,0.0,1022.0,68.0,5.0,0.0,0.0
2025-03-01 02:00:00,7.0,6.0,8.0,0.0,1022.0,68.0,6.0,0.0,0.0
2025-03-01 03:00:00,7.0,6.0,8.0,0.0,1022.0,69.0,6.0,0.0,0.0
2025-03-01 04:00:00,7.0,6.0,8.0,0.0,1022.0,71.0,9.0,0.0,0.0
2025-03-01 05:00:00,7.0,6.0,8.0,0.0,1022.0,70.0,9.0,0.0,0.0
2025-03-01 06:00:00,6.0,5.0,8.0,0.0,1022.0,68.0,10.0,0.0,0.0
2025-03-01 07:00:00,7.0,5.0,10.0,0.0,1022.0,60.0,6.0,0.0,0.0
2025-03-01 08:00:00,8.0,6.0,11.0,0.0,1023.0,58.0,5.0,0.0,0.0
2025-03-01 09:00:00,12.0,5.0,12.0,0.0,1024.0,56.0,6.0,0.0,0.0
2025-03-01 10:00:00,8.0,3.0,13.0,0.0,1024.0,52.0,8.0,0.0,0.0
2025-03-01 11:00:00,9.0,3.0,14.0,0.0,1024.0,47.0,13.0,0.0,0.0
2025-03-01 12:00:00,5.0,3.0,14.0,0.0,1024.0,43.0,16.0,0.0,0.0
2025-03-01 13:00:00,6.0,3.0,14.0,0.0,1023.0,42.0,17.0,0.0,0.0
2025-03-01 14:00:00,7.0,4.0,14.0,0.0,1023.0,42.0,23.0,0.0,0.0
2025-03-01 15:00:00,7.0,4.0,13.0,0.0,1024.0,46.0,24.0,0.0,0.0
2025-03-01 16:00:00,7.0,5.0,12.0,0.0,1024.0,46.0,25.0,0.0,0.0
2025-03-01 17:00:00,8.0,5.0,11.0,0.0,1025.0,48.0,22.0,0.0,0.0
2025-03-01 18:00:00,7.0,5.0,10.0,0.0,1025.0,51.0,19.0,0.0,0.0
2025-03-01 19:00:00,8.0,5.0,9.0,0.0,1026.0,56.0,12.0,0.0,0.0
2025-03-01 20:00:00,10.0,6.0,9.0,0.0,1026.0,55.0,13.0,0.0,0.0
2025-03-01 21:00:00,6.0,5.0,9.0,0.0,1026.0,55.0,10.0,0.0,0.0
2025-03-01 22:00:00,8.0,6.0,9.0,0.0,1027.0,54.0,10.0,0.0,0.0
2025-03-01 23:00:00,6.0,5.0,8.0,0.0,1027.0,54.0,11.0,0.0,0.0
2025-03-02 00:00:00,8.0,6.0,8.0,0.0,1027.0,54.0,10.0,0.0,0.0
2025-03-02 01:00:00,8.0,7.0,8.0,0.0,1027.0,54.0,10.0,0.0,0.0
2025-03-02 02:00:00,9.0,7.0,8.0,0.0,1027.0,54.0,10.0,0.0,0.0
2025-03-02 03:00:00,9.0,8.0,8.0,0.0,1027.0,53.0,10.0,0.0,0.0
2025-03-02 04:00:00,9.0,8.0,7.0,0.0,1027.0,52.0,12.0,0.0,0.0
2025-03-02 05:00:00,9.0,8.0,7.0,0.0,1027.0,53.0,13.0,0.0,0.0
2025-03-02 06:00:00,9.0,8.0,7.0,0.0,1028.0,54.0,13.0,0.0,0.0
2025-03-02 07:00:00,10.0,9.0,8.0,0.0,1028.0,51.0,6.0,0.0,0.0
2025-03-02 08:00:00,10.0,9.0,11.0,0.0,1029.0,43.0,8.0,0.0,0.0
2025-03-02 09:00:00,10.0,9.0,14.0,0.0,1029.0,36.0,12.0,0.0,0.0
2025-03-02 10:00:00,10.0,9.0,15.0,0.0,1029.0,31.0,18.0,0.0,0.0
2025-03-02 11:00:00,11.0,9.0,15.0,0.0,1029.0,30.0,25.0,0.0,0.0
2025-03-02 12:00:00,10.0,7.0,14.0,0.0,1029.0,30.0,29.0,0.0,0.0
2025-03-02 13:00:00,9.0,7.0,14.0,0.0,1028.0,30.0,30.0,0.0,0.0
2025-03-02 14:00:00,7.0,5.0,13.0,0.0,1028.0,30.0,25.0,0.0,0.0
2025-03-02 15:00:00,6.0,5.0,12.0,0.0,1028.0,30.0,26.0,0.0,0.0
2025-03-02 16:00:00,5.0,4.0,11.0,0.0,1028.0,32.0,24.0,0.0,0.0
2025-03-02 17:00:00,5.0,4.0,10.0,0.0,1028.0,34.0,24.0,0.0,0.0
2025-03-02 18:00:00,6.0,4.0,9.0,0.0,1029.0,35.0,24.0,0.0,0.0
2025-03-02 19:00:00,6.0,5.0,8.0,0.0,1029.0,40.0,14.0,0.0,0.0
2025-03-02 20:00:00,7.0,6.0,8.0,0.0,1029.0,40.0,13.0,0.0,0.0
2025-03-02 21:00:00,7.0,6.0,8.0,0.0,1030.0,41.0,14.0,0.0,0.0
2025-03-02 22:00:00,8.0,7.0,8.0,0.0,1030.0,44.0,14.0,0.0,0.0
2025-03-02 23:00:00,6.0,5.0,8.0,0.0,1029.0,46.0,13.0,0.0,0.0
2025-03-03 00:00:00,6.0,5.0,7.0,0.0,1029.0,48.0,13.0,0.0,0.0
2025-03-03 01:00:00,6.0,5.0,7.0,0.0,1029.0,49.0,13.0,0.0,0.0
2025-03-03 02:00:00,6.0,5.0,7.0,0.0,1029.0,50.0,12.0,0.0,0.0
2025-03-03 03:00:00,7.0,5.0,7.0,0.0,1029.0,50.0,12.0,0.0,0.0
2025-03-03 04:00:00,6.0,5.0,6.0,0.0,1028.0,50.0,11.0,0.0,0.0
2025-03-03 05:00:00,6.0,5.0,6.0,0.0,1028.0,50.0,9.0,0.0,0.0
2025-03-03 06:00:00,6.0,5.0,6.0,0.0,1029.0,52.0,8.0,0.0,0.0
2025-03-03 07:00:00,11.0,10.0,4.0,0.0,1028.0,62.0,6.0,0.0,0.0
2025-03-03 08:00:00,10.0,8.0,6.0,0.0,1028.0,60.0,5.0,0.0,0.0
2025-03-03 09:00:00,13.0,7.0,9.0,0.0,1029.0,45.0,6.0,0.0,0.0
2025-03-03 10:00:00,14.0,6.0,12.0,0.0,1029.0,40.0,6.0,0.0,0.0
2025-03-03 11:00:00,15.0,6.0,14.0,0.0,1028.0,33.0,4.0,0.0,0.0
2025-03-03 12:00:00,15.0,5.0,14.0,0.0,1028.0,28.0,5.0,0.0,0.0
2025-03-03 13:00:00,12.0,5.0,14.0,0.0,1027.0,36.0,10.0,0.0,0.0
2025-03-03 14:00:00,10.0,5.0,13.0,0.0,1027.0,38.0,15.0,0.0,0.0
2025-03-03 15:00:00,8.0,5.0,13.0,0.0,1027.0,37.0,13.0,0.0,0.0
2025-03-03 16:00:00,9.0,6.0,12.0,0.0,1027.0,40.0,10.0,0.0,0.0
2025-03-03 17:00:00,12.0,8.0,10.0,0.0,1027.0,58.0,4.0,0.0,0.0
2025-03-03 18:00:00,12.0,9.0,8.0,0.0,1027.0,63.0,4.0,0.0,0.0
2025-03-03 19:00:00,19.0,16.0,9.0,0.0,1027.0,66.0,2.0,0.0,0.0
2025-03-03 20:00:00,18.0,16.0,9.0,0.0,1027.0,51.0,4.0,0.0,0.0
2025-03-03 21:00:00,14.0,13.0,8.0,0.0,1027.0,48.0,4.0,0.0,0.0
2025-03-03 22:00:00,17.0,14.0,8.0,0.0,1027.0,48.0,5.0,0.0,0.0
2025-03-03 23:00:00,15.0,11.0,7.0,0.0,1027.0,46.0,5.0,0.0,0.0
2025-03-04 00:00:00,12.0,10.0,7.0,0.0,1027.0,46.0,5.0,0.0,0.0
2025-03-04 01:00:00,8.0,6.0,7.0,0.0,1026.0,45.0,4.0,0.0,0.0
2025-03-04 02:00:00,9.0,7.0,6.0,0.0,1026.0,45.0,4.0,0.0,0.0
2025-03-04 03:00:00,23.0,22.0,6.0,0.0,1026.0,44.0,4.0,0.0,0.0
2025-03-04 04:00:00,12.0,10.0,6.0,0.0,1026.0,44.0,4.0,0.0,0.0
2025-03-04 05:00:00,5.0,4.0,6.0,0.0,1026.0,43.0,4.0,0.0,0.0
2025-03-04 06:00:00,5.0,4.0,6.0,0.0,1026.0,46.0,4.0,0.0,0.0
2025-03-04 07:00:00,7.0,6.0,10.0,0.0,1026.0,24.0,9.0,0.0,0.0
2025-03-04 08:00:00,7.0,5.0,12.0,0.0,1026.0,24.0,9.0,0.0,0.0
2025-03-04 09:00:00,7.0,5.0,16.0,0.0,1026.0,24.0,9.0,0.0,0.0
2025-03-04 10:00:00,9.0,5.0,17.0,0.0,1026.0,22.0,7.0,0.0,0.0
2025-03-04 11:00:00,8.0,4.0,17.0,0.0,1026.0,27.0,0.0,0.0,0.0
2025-03-04 12:00:00,9.0,4.0,16.0,0.0,1026.0,32.0,8.0,0.0,0.0
2025-03-04 13:00:00,11.0,6.0,15.0,0.0,1025.0,37.0,12.0,0.0,0.0
2025-03-04 14:00:00,9.0,5.0,15.0,0.0,1025.0,36.0,12.0,0.0,0.0
2025-03-04 15:00:00,10.0,5.0,14.0,0.0,1025.0,34.0,9.0,0.0,0.0
2025-03-04 16:00:00,7.0,4.0,13.0,0.0,1025.0,38.0,3.0,0.0,0.0
2025-03-04 17:00:00,6.0,4.0,11.0,0.0,1025.0,55.0,1.0,0.0,0.0
2025-03-04 18:00:00,12.0,7.0,9.0,0.0,1025.0,59.0,2.0,0.0,0.0
2025-03-04 19:00:00,13.0,8.0,10.0,0.0,1026.0,61.0,2.0,0.0,0.0
2025-03-04 20:00:00,25.0,20.0,9.0,0.0,1026.0,60.0,2.0,0.0,0.0
2025-03-04 21:00:00,16.0,12.0,9.0,0.0,1026.0,61.0,2.0,0.0,0.0
2025-03-04 22:00:00,16.0,13.0,9.0,0.0,1027.0,55.0,3.0,0.0,0.0
2025-03-04 23:00:00,12.0,9.0,8.0,0.0,1027.0,52.0,4.0,0.0,0.0
2025-03-05 00:00:00,15.0,13.0,8.0,0.0,1027.0,56.0,5.0,0.0,0.0
2025-03-05 01:00:00,10.0,8.0,8.0,0.0,1027.0,58.0,4.0,0.0,0.0
2025-03-05 02:00:00,8.0,6.0,7.0,0.0,1027.0,58.0,5.0,0.0,0.0
2025-03-05 03:00:00,32.0,29.0,7.0,0.0,1027.0,56.0,5.0,0.0,0.0
2025-03-05 04:00:00,10.0,8.0,7.0,0.0,1027.0,56.0,5.0,0.0,0.0
2025-03-05 05:00:00,9.0,6.0,6.0,0.0,1027.0,57.0,6.0,0.0,0.0
2025-03-05 06:00:00,10.0,8.0,6.0,0.0,1027.0,58.0,5.0,0.0,0.0
2025-03-05 07:00:00,8.0,6.0,8.0,0.0,1027.0,41.0,15.0,0.0,0.0
2025-03-05 08:00:00,8.0,6.0,11.0,0.0,1028.0,40.0,15.0,0.0,0.0
2025-03-05 09:00:00,17.0,10.0,15.0,0.0,1028.0,34.0,14.0,0.0,0.0
2025-03-05 10:00:00,17.0,10.0,18.0,0.0,1028.0,34.0,11.0,0.0,0.0
2025-03-05 11:00:00,16.0,9.0,18.0,0.0,1028.0,30.0,4.0,0.0,0.0
2025-03-05 12:00:00,14.0,8.0,17.0,0.0,1028.0,36.0,8.0,0.0,0.0
2025-03-05 13:00:00,13.0,8.0,16.0,0.0,1027.0,40.0,12.0,0.0,0.0
2025-03-05 14:00:00,12.0,8.0,16.0,0.0,1027.0,40.0,11.0,0.0,0.0
2025-03-05 15:00:00,14.0,10.0,15.0,0.0,1027.0,42.0,9.0,0.0,0.0
2025-03-05 16:00:00,15.0,11.0,13.0,0.0,1027.0,46.0,5.0,0.0,0.0
2025-03-05 17:00:00,19.0,13.0,11.0,0.0,1027.0,63.0,2.0,0.0,0.0
2025-03-05 18:00:00,24.0,18.0,9.0,0.0,1028.0,64.0,1.0,0.0,0.0
2025-03-05 19:00:00,24.0,20.0,10.0,0.0,1028.0,67.0,3.0,0.0,0.0
2025-03-05 20:00:00,21.0,17.0,9.0,0.0,1028.0,66.0,3.0,0.0,0.0
2025-03-05 21:00:00,17.0,14.0,9.0,0.0,1028.0,64.0,3.0,0.0,0.0
2025-03-05 22:00:00,14.0,11.0,9.0,0.0,1028.0,62.0,2.0,0.0,0.0
2025-03-05 23:00:00,17.0,14.0,9.0,0.0,1028.0,63.0,2.0,0.0,0.0
2025-03-06 00:00:00,19.0,16.0,9.0,0.0,1028.0,54.0,3.0,0.0,0.0
2025-03-06 01:00:00,39.0,37.0,8.0,0.0,1028.0,54.0,4.0,0.0,0.0
2025-03-06 02:00:00,38.0,35.0,8.0,0.0,1028.0,57.0,4.0,0.0,0.0
2025-03-06 03:00:00,17.0,13.0,8.0,0.0,1028.0,59.0,4.0,0.0,0.0
2025-03-06 04:00:00,16.0,11.0,7.0,0.0,1027.0,64.0,1.0,0.0,0.0
2025-03-06 05:00:00,13.0,10.0,7.0,0.0,1028.0,67.0,0.0,0.0,0.0
2025-03-06 06:00:00,15.0,12.0,7.0,0.0,1028.0,67.0,1.0,0.0,0.0
2025-03-06 07:00:00,23.0,20.0,4.0,0.0,1027.0,61.0,4.0,0.0,0.0
2025-03-06 08:00:00,19.0,17.0,8.0,0.0,1027.0,63.0,5.0,0.0,0.0
2025-03-06 09:00:00,30.0,14.0,11.0,0.0,1027.0,53.0,5.0,0.0,0.0
2025-03-06 10:00:00,23.0,13.0,14.0,0.0,1028.0,53.0,5.0,0.0,0.0
2025-03-06 11:00:00,15.0,10.0,12.0,0.0,1027.0,63.0,5.0,0.0,0.0
2025-03-06 12:00:00,16.0,10.0,12.0,0.0,1027.0,63.0,7.0,0.0,0.0
2025-03-06 13:00:00,16.0,10.0,13.0,0.0,1026.0,62.0,7.0,0.0,0.0
2025-03-06 14:00:00,15.0,11.0,13.0,0.0,1026.0,60.0,6.0,0.0,0.0
2025-03-06 15:00:00,17.0,13.0,12.0,0.0,1026.0,61.0,3.0,0.0,0.0
2025-03-06 16:00:00,20.0,15.0,12.0,0.0,1025.0,60.0,1.0,0.0,0.0
2025-03-06 17:00:00,20.0,15.0,12.0,0.0,1025.0,65.0,1.0,0.0,0.0
2025-03-06 18:00:00,14.0,10.0,11.0,0.0,1026.0,66.0,1.0,0.0,0.0
2025-03-06 19:00:00,24.0,18.0,10.0,0.0,1026.0,68.0,2.0,0.0,0.0
2025-03-06 20:00:00,32.0,27.0,10.0,0.0,1026.0,70.0,2.0,0.0,0.0
2025-03-06 21:00:00,47.0,43.0,10.0,0.0,1026.0,71.0,1.0,0.0,0.0
2025-03-06 22:00:00,26.0,22.0,9.0,0.0,1026.0,72.0,2.0,0.0,0.0
2025-03-06 23:00:00,24.0,19.0,8.0,0.0,1026.0,65.0,5.0,0.0,0.0
2025-03-07 00:00:00,19.0,15.0,7.0,0.0,1025.0,64.0,5.0,0.0,0.0
2025-03-07 01:00:00,16.0,13.0,8.0,0.0,1025.0,62.0,4.0,0.0,0.0
2025-03-07 02:00:00,16.0,13.0,8.0,0.0,1025.0,61.0,3.0,0.0,0.0
2025-03-07 03:00:00,17.0,14.0,8.0,0.0,1024.0,60.0,3.0,0.0,0.0
2025-03-07 04:00:00,11.0,9.0,8.0,0.0,1024.0,59.0,4.0,0.0,0.0
2025-03-07 05:00:00,10.0,7.0,7.0,0.0,1023.0,61.0,6.0,0.0,0.0
2025-03-07 06:00:00,11.0,8.0,7.0,0.0,1023.0,60.0,6.0,0.0,0.0
2025-03-07 07:00:00,13.0,11.0,10.0,0.0,1023.0,50.0,13.0,0.0,0.0
2025-03-07 08:00:00,13.0,9.0,13.0,0.0,1023.0,51.0,13.0,0.0,0.0
2025-03-07 09:00:00,19.0,13.0,17.0,0.0,1023.0,37.0,9.0,0.0,0.0
2025-03-07 10:00:00,20.0,13.0,19.0,0.0,1023.0,42.0,5.0,0.0,0.0
2025-03-07 11:00:00,15.0,10.0,19.0,0.0,1022.0,43.0,3.0,0.0,0.0
2025-03-07 12:00:00,15.0,12.0,19.0,0.0,1022.0,37.0,5.0,0.0,0.0
2025-03-07 13:00:00,14.0,9.0,18.0,0.0,1021.0,36.0,7.0,0.0,0.0
2025-03-07 14:00:00,13.0,9.0,16.0,0.0,1021.0,43.0,7.0,0.0,0.0
2025-03-07 15:00:00,11.0,8.0,14.0,0.0,1020.0,49.0,5.0,0.0,0.0
2025-03-07 16:00:00,10.0,7.0,13.0,0.0,1020.0,49.0,3.0,0.0,0.0
2025-03-07 17:00:00,13.0,8.0,11.0,0.0,1020.0,69.0,2.0,0.0,0.0
2025-03-07 18:00:00,22.0,15.0,9.0,0.0,1020.0,72.0,3.0,0.0,0.0
2025-03-07 19:00:00,26.0,20.0,10.0,0.0,1020.0,73.0,2.0,0.0,0.0
2025-03-07 20:00:00,12.0,10.0,9.0,0.0,1020.0,74.0,2.0,0.0,0.0
2025-03-07 21:00:00,17.0,14.0,9.0,0.0,1020.0,75.0,2.0,0.0,0.0
2025-03-07 22:00:00,15.0,12.0,9.0,0.0,1020.0,77.0,2.0,0.0,0.0
2025-03-07 23:00:00,17.0,15.0,8.0,0.0,1020.0,74.0,2.0,0.0,0.0
2025-03-08 00:00:00,17.0,15.0,8.0,0.0,1019.0,67.0,2.0,0.0,0.0
2025-03-08 01:00:00,14.0,12.0,8.0,0.0,1019.0,70.0,3.0,0.0,0.0
2025-03-08 02:00:00,16.0,13.0,8.0,0.0,1019.0,70.0,2.0,0.0,0.0
2025-03-08 03:00:00,16.0,13.0,8.0,0.0,1018.0,69.0,2.0,0.0,0.0
2025-03-08 04:00:00,24.0,22.0,8.0,0.0,1018.0,68.0,3.0,0.0,0.0
2025-03-08 05:00:00,79.0,76.0,8.0,0.0,1018.0,66.0,3.0,0.0,0.0
2025-03-08 06:00:00,29.0,26.0,7.0,0.0,1018.0,64.0,5.0,0.0,0.0
2025-03-08 07:00:00,19.0,17.0,9.0,0.0,1017.0,75.0,10.0,0.0,0.0
2025-03-08 08:00:00,19.0,15.0,11.0,0.0,1017.0,78.0,10.0,0.0,0.0
2025-03-08 09:00:00,25.0,20.0,14.0,0.0,1017.0,70.0,8.0,0.0,0.0
2025-03-08 10:00:00,27.0,22.0,16.0,0.0,1018.0,72.0,4.0,0.0,0.0
2025-03-08 11:00:00,26.0,21.0,16.0,0.0,1017.0,76.0,6.0,0.0,0.0
2025-03-08 12:00:00,26.0,16.0,16.0,0.0,1016.0,71.0,7.0,0.0,0.0
2025-03-08 13:00:00,22.0,17.0,16.0,0.0,1016.0,71.0,7.0,0.0,0.0
2025-03-08 14:00:00,21.0,16.0,16.0,0.0,1015.0,67.0,5.0,0.0,0.0
2025-03-08 15:00:00,18.0,14.0,15.0,0.0,1015.0,62.0,2.0,0.0,0.0
2025-03-08 16:00:00,18.0,15.0,14.0,0.0,1014.0,59.0,1.0,0.0,0.0
2025-03-08 17:00:00,23.0,18.0,12.0,0.0,1014.0,72.0,1.0,0.0,0.0
2025-03-08 18:00:00,32.0,24.0,10.0,0.0,1014.0,76.0,1.0,0.0,0.0
2025-03-08 19:00:00,35.0,28.0,11.0,0.0,1014.0,76.0,2.0,0.0,0.0
2025-03-08 20:00:00,37.0,30.0,10.0,0.0,1014.0,76.0,1.0,0.0,0.0
2025-03-08 21:00:00,37.0,31.0,10.0,0.0,1015.0,65.0,1.0,0.0,0.0
2025-03-08 22:00:00,37.0,30.0,10.0,0.0,1015.0,69.0,2.0,0.0,0.0
2025-03-08 23:00:00,39.0,33.0,10.0,0.0,1014.0,72.0,1.0,0.0,0.0
2025-03-09 00:00:00,36.0,31.0,9.0,0.0,1015.0,69.0,3.0,0.0,0.0
2025-03-09 01:00:00,29.0,24.0,9.0,0.0,1015.0,66.0,4.0,0.0,0.0
2025-03-09 02:00:00,33.0,24.0,9.0,0.0,1014.0,66.0,2.0,0.0,0.0
2025-03-09 03:00:00,25.0,18.0,9.0,0.0,1014.0,68.0,2.0,0.0,0.0
2025-03-09 04:00:00,28.0,22.0,8.0,0.0,1014.0,69.0,6.0,0.0,0.0
2025-03-09 05:00:00,24.0,16.0,8.0,0.0,1013.0,75.0,8.0,0.0,0.0
2025-03-09 06:00:00,25.0,18.0,7.0,0.0,1014.0,78.0,7.0,0.0,0.0
2025-03-09 07:00:00,25.0,17.0,7.0,0.0,1013.0,65.0,5.0,0.0,0.0
2025-03-09 08:00:00,28.0,19.0,9.0,0.0,1013.0,71.0,4.0,0.0,0.0
2025-03-09 09:00:00,29.0,20.0,11.0,0.0,1013.0,68.0,1.0,0.0,0.0
2025-03-09 10:00:00,30.0,20.0,13.0,0.0,1014.0,59.0,4.0,0.0,0.0
2025-03-09 11:00:00,32.0,20.0,14.0,0.0,1014.0,54.0,6.0,0.0,0.0
2025-03-09 12:00:00,38.0,22.0,13.0,0.0,1013.0,63.0,9.0,0.0,0.0
2025-03-09 13:00:00,35.0,23.0,14.0,0.0,1012.0,66.0,10.0,0.0,0.0
2025-03-09 14:00:00,28.0,22.0,13.0,0.0,1012.0,71.0,9.0,0.0,0.0
2025-03-09 15:00:00,32.0,27.0,12.0,0.0,1011.0,70.0,8.0,0.0,0.0
2025-03-09 16:00:00,39.0,32.0,12.0,0.0,1011.0,72.0,5.0,0.0,0.0
2025-03-09 17:00:00,40.0,31.0,12.0,0.0,1012.0,80.0,1.0,0.0,0.0
2025-03-09 18:00:00,42.0,31.0,12.0,0.0,1012.0,79.0,3.0,0.0,0.0
2025-03-09 19:00:00,51.0,41.0,12.0,0.0,1012.0,80.0,2.0,0.0,0.0
2025-03-09 20:00:00,51.0,45.0,11.0,0.0,1011.0,81.0,2.0,0.0,0.0
2025-03-09 21:00:00,33.0,28.0,11.0,0.0,1011.0,82.0,1.0,0.0,0.0
2025-03-09 22:00:00,27.0,21.0,11.0,0.0,1011.0,82.0,2.0,0.0,0.0
2025-03-09 23:00:00,22.0,17.0,11.0,0.0,1011.0,82.0,2.0,0.0,0.0
2025-03-10 00:00:00,29.0,24.0,11.0,0.0,1010.0,82.0,2.0,0.0,0.0
2025-03-10 01:00:00,30.0,25.0,15.168469724481156,0.0931051636860527,1019.1470464440979,72.1589910941791,7.806634516299653,0.0,0.0
2025-03-10 02:00:00,28.0,21.0,17.204237727465227,0.09384797386101607,1018.0123995380776,69.77450384303847,8.3322645942485,0.0,0.0
2025-03-10 03:00:00,28.0,22.0,16.357222434824564,0.0958509093601494,1018.3980737047563,70.63346753456517,8.177516880610654,0.0,0.0
2025-03-10 04:00:00,32.0,22.0,19.061808769981212,0.07834180501717825,1017.5819741833682,68.5307325046333,8.364238433815899,0.0,0.0
2025-03-10 05:00:00,34.0,19.0,22.95514781548127,0.06357844634830734,1016.0169019226383,64.90247391508774,8.92184235133226,0.0,0.0
2025-03-10 06:00:00,37.0,18.0,25.83060285948926,0.048443682591950754,1015.0191531149187,62.46645895111237,9.216631229874167,0.0,0.0
2025-03-10 07:00:00,41.0,22.0,12.0,1.0,1007.0,94.0,6.0,0.0,0.0
2025-03-10 08:00:00,44.0,20.0,13.0,1.2,1007.0,97.0,5.0,0.0,0.0
2025-03-10 09:00:00,25.0,14.0,14.0,0.4,1007.0,97.0,4.0,0.0,0.0
2025-03-10 10:00:00,21.0,13.0,14.0,2.2,1008.0,97.0,3.0,0.0,0.0
2025-03-10 11:00:00,13.0,8.0,15.0,1.0,1007.0,91.0,13.0,0.0,0.0
2025-03-10 12:00:00,10.0,7.0,16.0,0.0,1007.0,85.0,21.0,0.0,0.0
2025-03-10 13:00:00,8.0,5.0,16.0,0.0,1007.0,83.0,18.0,0.0,0.0
2025-03-10 14:00:00,10.0,6.0,16.0,0.0,1007.0,82.0,20.0,0.0,0.0
2025-03-10 15:00:00,8.0,5.0,15.0,0.0,1007.0,82.0,14.0,0.0,0.0
2025-03-10 16:00:00,17.0,12.0,14.0,0.0,1007.0,84.0,10.0,0.0,0.0
2025-03-10 17:00:00,19.0,16.0,13.0,0.0,1008.0,89.0,10.0,0.0,0.0
2025-03-10 18:00:00,17.0,14.0,12.0,0.0,1008.0,90.0,11.0,0.0,0.0
2025-03-10 19:00:00,13.0,10.0,12.0,0.0,1008.0,90.0,6.0,0.0,0.0
2025-03-10 20:00:00,18.0,15.0,11.0,0.0,1008.0,91.0,6.0,0.0,0.0
2025-03-10 21:00:00,25.0,21.0,10.0,0.0,1009.0,93.0,6.0,0.0,0.0
2025-03-10 22:00:00,19.0,15.0,10.0,0.0,1008.0,93.0,6.0,0.0,0.0
2025-03-10 23:00:00,20.0,15.0,10.0,0.0,1008.0,92.0,6.0,0.0,0.0
2025-03-11 00:00:00,26.0,22.0,10.0,0.0,1008.0,91.0,5.0,0.0,0.0
2025-03-11 01:00:00,13.0,11.0,9.0,0.0,1007.0,95.0,4.0,0.0,0.0
2025-03-11 02:00:00,21.0,18.0,9.0,0.0,1006.0,98.0,4.0,0.0,0.0
2025-03-11 03:00:00,21.0,15.0,8.0,0.0,1006.0,98.0,2.0,0.0,0.0
2025-03-11 04:00:00,22.0,15.0,9.0,0.0,1005.0,96.0,3.0,0.0,0.0
2025-03-11 05:00:00,31.0,19.0,9.0,0.0,1005.0,95.0,1.0,0.0,0.0
2025-03-11 06:00:00,41.0,23.0,9.0,0.4,1005.0,97.0,2.0,0.0,0.0
2025-03-11 07:00:00,36.0,19.0,10.0,0.3,1006.0,96.0,5.0,0.0,0.0
2025-03-11 08:00:00,38.0,20.0,10.0,0.0,1006.0,95.0,1.0,0.0,0.0
2025-03-11 09:00:00,45.0,23.0,11.0,0.0,1006.0,95.0,3.0,0.0,0.0
2025-03-11 10:00:00,25.0,14.0,12.0,0.0,1006.0,92.0,4.0,0.0,0.0
2025-03-11 11:00:00,22.0,12.0,11.0,0.0,1006.0,92.0,5.0,0.0,0.0
2025-03-11 12:00:00,17.0,12.0,12.0,0.0,1006.0,92.0,17.0,0.0,0.0
2025-03-11 13:00:00,22.0,15.0,18.229449980573747,0.10809401738068569,1016.9225038200883,67.77482423877655,8.980668546267907,0.0,0.0
2025-03-11 14:00:00,19.0,16.0,15.353994936565812,0.12322878113703872,1017.920252627808,70.21083920275169,8.685879667726056,0.0,0.0
2025-03-11 15:00:00,12.0,9.0,16.550075898525847,0.13984916524332291,1016.6487076234871,67.87787966444625,9.442350945081955,0.0,0.0
2025-03-11 16:00:00,9.0,7.0,16.21566673243956,0.14897512250228484,1016.489433931171,67.73700355384199,9.611805207453699,0.0,0.0
2025-03-11 17:00:00,10.0,8.0,16.0447980235881,0.14660078191567383,1016.6710832175027,68.07028348788549,9.50373788211715,0.0,0.0
2025-03-11 18:00:00,14.0,12.0,15.361323188182382,0.13710341956922711,1017.3976803628289,69.40340322406018,9.071468580770897,0.0,0.0
2025-03-11 19:00:00,24.0,20.0,15.346666684949184,0.10935414270485033,1018.4428248927871,71.01827518144341,8.300290754681157,0.0,0.0
2025-03-11 20:00:00,22.0,19.0,14.841388810011495,0.1161057593772048,1018.4652004868027,71.21067900488265,8.361677691716409,0.0,0.0
2025-03-11 21:00:00,12.0,10.0,15.703060605885241,0.14185210074245358,1017.0343817901656,68.73684335597295,9.287603231444109,0.0,0.0
2025-03-11 22:00:00,12.0,9.0,16.550075898525847,0.13984916524332291,1016.6487076234871,67.87787966444625,9.442350945081955,0.0,0.0
2025-03-11 23:00:00,25.0,21.0,15.175797976097783,0.10697980211824376,1018.6244741791187,71.35155511548714,8.192223429344608,0.0,0.0
2025-03-12 00:00:00,20.0,18.0,14.336110935073805,0.1228573760495566,1018.4875760808181,71.40308282832211,8.42306462875149,0.0,0.0
2025-03-12 01:00:00,21.0,19.0,14.165242226222347,0.12048303546294648,1018.6692253671497,71.73636276236562,8.314997303414998,0.0,0.0
2025-03-12 02:00:00,14.0,12.0,15.361323188182382,0.13710341956922711,1017.3976803628289,69.40340322406018,9.071468580770897,0.0,0.0
2025-03-12 03:00:00,11.0,7.0,17.567959900017797,0.14022057033080593,1016.081384170477,66.68563603887605,9.705165984056407,0.0,0.0
2025-03-12 04:00:00,7.0,4.0,17.404419442782967,0.15172086817637886,1015.7404611918294,66.21147999422828,9.9826875717647,0.0,0.0
2025-03-12 05:00:00,5.0,3.0,16.899141567845277,0.15847248484873333,1015.7628367858449,66.40388381766729,10.044074508799952,0.0,0.0
2025-03-12 06:00:00,8.0,5.0,17.23355073393151,0.14934652758976785,1015.9221104781609,66.54475992827179,9.874620246428208,0.0,0.0
2025-03-12 07:00:00,7.0,4.0,13.0,0.0,1002.0,87.0,9.0,0.0,0.0
2025-03-12 08:00:00,8.0,5.0,14.0,0.0,1002.0,83.0,5.0,0.0,0.0
2025-03-12 09:00:00,14.0,8.0,14.0,0.0,1003.0,86.0,9.0,0.0,0.0
2025-03-12 10:00:00,11.0,5.0,13.0,0.4,1004.0,91.0,8.0,0.0,0.0
2025-03-12 11:00:00,9.0,4.0,12.0,1.4,1003.0,92.0,6.0,0.0,0.0
2025-03-12 12:00:00,6.0,4.0,12.0,0.3,1002.0,92.0,5.0,0.0,0.0
2025-03-12 13:00:00,4.0,2.0,12.0,0.7,1001.0,96.0,10.0,0.0,0.0
2025-03-12 14:00:00,9.0,5.0,13.0,0.0,1000.0,92.0,8.0,0.0,0.0
2025-03-12 15:00:00,10.0,5.0,14.0,0.2,1000.0,85.0,10.0,0.0,0.0
2025-03-12 16:00:00,12.0,7.0,12.0,0.9,1000.0,89.0,13.0,0.0,0.0
2025-03-12 17:00:00,12.0,7.0,11.0,1.2,999.0,96.0,3.0,0.0,0.0
2025-03-12 18:00:00,13.0,7.0,11.0,0.3,999.0,98.0,6.0,0.0,0.0
2025-03-12 19:00:00,17.0,9.0,11.0,0.7,998.0,98.0,6.0,0.0,0.0
2025-03-12 20:00:00,15.0,10.0,11.0,2.6,997.0,98.0,6.0,0.0,0.0
2025-03-12 21:00:00,10.0,7.0,11.0,4.6,996.0,96.0,9.0,0.0,0.0
2025-03-12 22:00:00,15.0,10.0,11.0,6.0,996.0,96.0,7.0,0.0,0.0
2025-03-12 23:00:00,17.0,12.0,10.0,3.0,995.0,98.0,8.0,0.0,0.0
2025-03-13 00:00:00,11.0,6.0,10.0,0.4,995.0,96.0,4.0,0.0,0.0
2025-03-13 01:00:00,4.0,2.0,10.0,0.7,995.0,96.0,4.0,0.0,0.0
2025-03-13 02:00:00,2.0,2.0,10.0,1.9,994.0,97.0,4.0,0.0,0.0
2025-03-13 03:00:00,2.0,2.0,10.0,0.4,994.0,96.0,6.0,0.0,0.0
2025-03-13 04:00:00,2.0,2.0,10.0,0.6,994.0,92.0,15.0,0.0,0.0
2025-03-13 05:00:00,2.0,2.0,10.0,0.5,994.0,92.0,23.0,0.0,0.0
2025-03-13 06:00:00,2.0,2.0,10.0,0.0,995.0,92.0,21.0,0.0,0.0
2025-03-13 07:00:00,2.0,2.0,12.0,0.1,995.0,90.0,17.0,0.0,0.0
2025-03-13 08:00:00,3.0,2.0,12.0,0.0,996.0,88.0,13.0,0.0,0.0
2025-03-13 09:00:00,3.0,2.0,14.0,0.0,997.0,83.0,14.0,0.0,0.0
2025-03-13 10:00:00,5.0,3.0,15.0,0.0,998.0,79.0,14.0,0.0,0.0
2025-03-13 11:00:00,5.0,3.0,15.0,0.0,998.0,76.0,16.0,0.0,0.0
2025-03-13 12:00:00,4.0,3.0,15.0,0.0,998.0,75.0,19.0,0.0,0.0
2025-03-13 13:00:00,3.0,2.0,15.0,0.0,999.0,75.0,19.0,0.0,0.0
2025-03-13 14:00:00,3.0,2.0,15.0,0.0,999.0,73.0,21.0,0.0,0.0
2025-03-13 15:00:00,3.0,2.0,15.0,0.0,999.0,73.0,21.0,0.0,0.0
2025-03-13 16:00:00,4.0,2.0,14.0,0.0,999.0,76.0,21.0,0.0,0.0
2025-03-13 17:00:00,4.0,2.0,13.0,0.0,1000.0,76.0,19.0,0.0,0.0
2025-03-13 18:00:00,4.0,2.0,12.0,0.0,1000.0,80.0,15.0,0.0,0.0
2025-03-13 19:00:00,6.0,4.0,12.0,0.0,1001.0,77.0,15.0,0.0,0.0
2025-03-13 20:00:00,11.0,8.0,12.0,0.0,1002.0,77.0,12.0,0.0,0.0
2025-03-13 21:00:00,4.0,2.0,12.0,0.0,1002.0,80.0,10.0,0.0,0.0
2025-03-13 22:00:00,4.0,3.0,11.0,0.0,1002.0,86.0,18.0,0.0,0.0
2025-03-13 23:00:00,4.0,3.0,11.0,0.3,1002.0,90.0,10.0,0.0,0.0
2025-03-14 00:00:00,4.0,2.0,11.0,0.7,1002.0,88.0,12.0,0.0,0.0
2025-03-14 01:00:00,6.0,4.0,12.0,0.5,1001.0,85.0,19.0,0.0,0.0
2025-03-14 02:00:00,11.0,10.0,11.0,1.9,1001.0,87.0,15.0,0.0,0.0
2025-03-14 03:00:00,5.0,4.0,11.0,3.9,1000.0,89.0,12.0,0.0,0.0
2025-03-14 04:00:00,4.0,3.0,11.0,4.6,999.0,89.0,8.0,0.0,0.0
2025-03-14 05:00:00,4.0,3.0,11.0,4.6,998.0,92.0,8.0,0.0,0.0
2025-03-14 06:00:00,4.0,3.0,11.0,3.5,998.0,92.0,14.0,0.0,0.0
2025-03-14 07:00:00,4.0,3.0,11.0,3.2,999.0,94.0,4.0,0.0,0.0
2025-03-14 08:00:00,7.0,6.0,12.0,1.8,1000.0,92.0,21.0,0.0,0.0
2025-03-14 09:00:00,5.0,4.0,12.0,0.9,1000.0,94.0,9.0,0.0,0.0
2025-03-14 10:00:00,8.0,5.0,14.0,0.0,1000.0,83.0,21.0,0.0,0.0
2025-03-14 11:00:00,13.0,7.0,14.0,0.0,1000.0,79.0,22.0,0.0,0.0
2025-03-14 12:00:00,9.0,5.0,15.0,0.0,1000.0,75.0,26.0,0.0,0.0
2025-03-14 13:00:00,7.0,4.0,15.0,0.0,1001.0,80.0,23.0,0.0,0.0
2025-03-14 14:00:00,6.0,3.0,14.0,0.9,1002.0,86.0,20.0,0.0,0.0
2025-03-14 15:00:00,8.0,4.0,14.0,2.9,1002.0,89.0,15.0,0.0,0.0
2025-03-14 16:00:00,7.0,4.0,13.0,1.2,1002.0,90.0,13.0,0.0,0.0
2025-03-14 17:00:00,6.0,3.0,13.0,0.1,1002.0,90.0,12.0,0.0,0.0
2025-03-14 18:00:00,7.0,5.0,13.0,1.1,1003.0,92.0,9.0,0.0,0.0
2025-03-14 19:00:00,8.0,6.0,12.0,1.7,1003.0,98.0,1.0,0.0,0.0
2025-03-14 20:00:00,15.0,10.0,12.0,1.0,1003.0,99.0,4.0,0.0,0.0
2025-03-14 21:00:00,6.0,4.0,11.0,3.1,1004.0,99.0,3.0,0.0,0.0
2025-03-14 22:00:00,4.0,3.0,11.0,3.8,1004.0,98.0,5.0,0.0,0.0
2025-03-14 23:00:00,4.0,3.0,11.0,2.7,1004.0,98.0,4.0,0.0,0.0
2025-03-15 00:00:00,4.0,3.0,11.0,1.6,1004.0,98.0,3.0,0.0,0.0
2025-03-15 01:00:00,2.0,2.0,11.0,0.9,1004.0,98.0,3.0,0.0,0.0
2025-03-15 02:00:00,3.0,2.0,11.0,0.7,1004.0,98.0,4.0,0.0,0.0
2025-03-15 03:00:00,4.0,2.0,11.0,0.3,1004.0,98.0,3.0,0.0,0.0
2025-03-15 04:00:00,6.0,5.0,11.0,0.4,1004.0,96.0,4.0,0.0,0.0
2025-03-15 05:00:00,7.0,6.0,11.0,0.4,1004.0,95.0,4.0,0.0,0.0
2025-03-15 06:00:00,4.0,2.0,11.0,0.0,1005.0,95.0,2.0,0.0,0.0
2025-03-15 07:00:00,4.0,2.0,12.0,0.0,1006.0,92.0,4.0,0.0,0.0
2025-03-15 08:00:00,5.0,3.0,13.0,0.0,1006.0,91.0,6.0,0.0,0.0
2025-03-15 09:00:00,4.0,2.0,15.0,0.0,1007.0,84.0,4.0,0.0,0.0
2025-03-15 10:00:00,4.0,2.0,16.0,0.0,1008.0,84.0,5.0,0.0,0.0
2025-03-15 11:00:00,5.0,3.0,14.0,0.2,1008.0,92.0,7.0,0.0,0.0
2025-03-15 12:00:00,20.0,9.0,14.0,0.7,1008.0,94.0,8.0,0.0,0.0
2025-03-15 13:00:00,13.0,8.0,13.0,0.6,1008.0,94.0,10.0,0.0,0.0
2025-03-15 14:00:00,8.0,4.0,14.0,0.1,1008.0,91.0,11.0,0.0,0.0
2025-03-15 15:00:00,9.0,4.0,14.0,0.0,1008.0,86.0,13.0,0.0,0.0
2025-03-15 16:00:00,9.0,4.0,13.0,0.0,1007.0,83.0,15.0,0.0,0.0
2025-03-15 17:00:00,10.0,4.0,12.0,0.0,1008.0,83.0,13.0,0.0,0.0
2025-03-15 18:00:00,7.0,3.0,11.0,0.0,1008.0,84.0,12.0,0.0,0.0
2025-03-15 19:00:00,7.0,4.0,11.0,0.0,1008.0,85.0,9.0,0.0,0.0
2025-03-15 20:00:00,7.0,4.0,11.0,0.7,1008.0,90.0,9.0,0.0,0.0
2025-03-15 21:00:00,7.0,4.0,11.0,0.0,1008.0,90.0,9.0,0.0,0.0
2025-03-15 22:00:00,8.0,5.0,10.0,1.4,1009.0,92.0,8.0,0.0,0.0
2025-03-15 23:00:00,10.0,5.0,11.0,0.0,1009.0,91.0,9.0,0.0,0.0
2025-03-16 00:00:00,10.0,6.0,11.0,0.0,1009.0,89.0,9.0,0.0,0.0
2025-03-16 01:00:00,10.0,6.0,11.0,0.0,1009.0,91.0,9.0,0.0,0.0
2025-03-16 02:00:00,8.0,5.0,12.0,0.1,1009.0,91.0,8.0,0.0,0.0
2025-03-16 03:00:00,5.0,4.0,11.0,0.0,1010.0,91.0,5.0,0.0,0.0
2025-03-16 04:00:00,5.0,3.0,11.0,0.0,1010.0,90.0,4.0,0.0,0.0
2025-03-16 05:00:00,4.0,2.0,11.0,0.0,1010.0,90.0,7.0,0.0,0.0
2025-03-16 06:00:00,3.0,2.0,10.0,0.0,1011.0,91.0,5.0,0.0,0.0
2025-03-16 07:00:00,5.0,4.0,12.0,0.4,1010.0,88.0,11.0,0.0,0.0
2025-03-16 08:00:00,4.0,2.0,13.0,0.0,1011.0,82.0,16.0,0.0,0.0
2025-03-16 09:00:00,4.0,2.0,13.0,0.0,1011.0,81.0,22.0,0.0,0.0
2025-03-16 10:00:00,9.0,6.0,13.0,0.4,1012.0,86.0,16.0,0.0,0.0
2025-03-16 11:00:00,8.0,5.0,14.0,0.0,1012.0,80.0,20.0,0.0,0.0
2025-03-16 12:00:00,6.0,4.0,13.0,0.0,1012.0,76.0,17.0,0.0,0.0
2025-03-16 13:00:00,7.0,4.0,12.0,0.0,1013.0,83.0,21.0,0.0,0.0
2025-03-16 14:00:00,7.0,4.0,12.0,0.0,1013.0,82.0,13.0,0.0,0.0
2025-03-16 15:00:00,9.0,5.0,12.0,0.0,1013.0,80.0,8.0,0.0,0.0
2025-03-16 16:00:00,8.0,5.0,12.0,0.0,1013.0,78.0,8.0,0.0,0.0
2025-03-16 17:00:00,8.0,5.0,11.0,0.0,1013.0,82.0,8.0,0.0,0.0
2025-03-16 18:00:00,7.0,4.0,10.0,0.0,1014.0,85.0,6.0,0.0,0.0
2025-03-16 19:00:00,7.0,4.0,10.0,0.0,1014.0,81.0,6.0,0.0,0.0
2025-03-16 20:00:00,8.0,6.0,9.0,0.0,1014.0,89.0,6.0,0.0,0.0
2025-03-16 21:00:00,9.0,6.0,8.0,0.0,1014.0,91.0,5.0,0.0,0.0
2025-03-16 22:00:00,17.0,14.0,8.0,0.0,1015.0,90.0,7.0,0.0,0.0
2025-03-16 23:00:00,10.0,7.0,8.0,0.0,1015.0,90.0,6.0,0.0,0.0
2025-03-17 00:00:00,12.0,8.0,8.0,0.0,1015.0,91.0,6.0,0.0,0.0
2025-03-17 01:00:00,11.0,7.0,8.0,0.0,1015.0,92.0,6.0,0.0,0.0
2025-03-17 02:00:00,10.0,6.0,8.0,0.0,1015.0,91.0,6.0,0.0,0.0
2025-03-17 03:00:00,13.0,9.0,8.0,0.0,1015.0,90.0,5.0,0.0,0.0
2025-03-17 04:00:00,9.0,6.0,8.0,0.0,1015.0,92.0,5.0,0.0,0.0
2025-03-17 05:00:00,8.0,5.0,8.0,0.0,1016.0,91.0,6.0,0.0,0.0
2025-03-17 06:00:00,16.0,13.0,8.0,0.0,1016.0,89.0,5.0,0.0,0.0
2025-03-17 07:00:00,9.0,6.0,10.0,0.0,1016.0,70.0,8.0,0.0,0.0
2025-03-17 08:00:00,11.0,6.0,11.0,0.0,1017.0,69.0,9.0,0.0,0.0
2025-03-17 09:00:00,33.0,29.0,12.0,0.0,1018.0,67.0,10.0,0.0,0.0
2025-03-17 10:00:00,16.0,9.0,13.0,0.0,1018.0,64.0,8.0,0.0,0.0
2025-03-17 11:00:00,6.0,3.0,13.0,0.0,1018.0,60.0,6.0,0.0,0.0
2025-03-17 12:00:00,5.0,3.0,13.0,0.0,1018.0,58.0,4.0,0.0,0.0
2025-03-17 13:00:00,4.0,3.0,14.0,0.0,1018.0,60.0,4.0,0.0,0.0
2025-03-17 14:00:00,4.0,2.0,12.0,0.0,1018.0,69.0,15.0,0.0,0.0
2025-03-17 15:00:00,3.0,2.0,11.0,0.0,1019.0,71.0,13.0,0.0,0.0
2025-03-17 16:00:00,5.0,3.0,11.0,0.0,1019.0,71.0,7.0,0.0,0.0
2025-03-17 17:00:00,5.0,3.0,10.0,0.0,1020.0,69.0,17.0,0.0,0.0
2025-03-17 18:00:00,6.0,5.0,8.0,0.0,1021.0,68.0,20.0,0.0,0.0
2025-03-17 19:00:00,7.0,6.0,6.0,0.0,1023.0,67.0,22.0,0.0,0.0
2025-03-17 20:00:00,7.0,5.0,5.0,0.0,1024.0,63.0,22.0,0.0,0.0
2025-03-17 21:00:00,5.0,3.0,4.0,0.0,1025.0,61.0,27.0,0.0,0.0
2025-03-17 22:00:00,4.0,3.0,4.0,0.0,1026.0,59.0,30.0,0.0,0.0
2025-03-17 23:00:00,4.0,3.0,3.0,0.0,1027.0,55.0,28.0,0.0,0.0
2025-03-18 00:00:00,5.0,3.0,3.0,0.0,1028.0,52.0,25.0,0.0,0.0
2025-03-18 01:00:00,6.0,4.0,3.0,0.0,1028.0,50.0,23.0,0.0,0.0
2025-03-18 02:00:00,5.0,3.0,3.0,0.0,1029.0,50.0,22.0,0.0,0.0
2025-03-18 03:00:00,4.0,3.0,2.0,0.0,1029.0,50.0,22.0,0.0,0.0
2025-03-18 04:00:00,3.0,2.0,2.0,0.0,1029.0,48.0,21.0,0.0,0.0
2025-03-18 05:00:00,4.0,2.0,2.0,0.0,1030.0,47.0,19.0,0.0,0.0
2025-03-18 06:00:00,3.0,2.0,2.0,0.0,1031.0,45.0,20.0,0.0,0.0
2025-03-18 07:00:00,3.0,3.0,4.0,0.0,1030.0,34.0,11.0,0.0,0.0
2025-03-18 08:00:00,5.0,3.0,6.0,0.0,1031.0,33.0,13.0,0.0,0.0
2025-03-18 09:00:00,8.0,4.0,7.0,0.0,1031.0,32.0,18.0,0.0,0.0
2025-03-18 10:00:00,7.0,4.0,8.0,0.0,1032.0,31.0,22.0,0.0,0.0
2025-03-18 11:00:00,10.0,4.0,9.0,0.0,1031.0,29.0,26.0,0.0,0.0
2025-03-18 12:00:00,10.0,4.0,10.0,0.0,1031.0,28.0,27.0,0.0,0.0
2025-03-18 13:00:00,10.0,5.0,10.0,0.0,1030.0,28.0,27.0,0.0,0.0
2025-03-18 14:00:00,8.0,4.0,10.0,0.0,1030.0,27.0,26.0,0.0,0.0
2025-03-18 15:00:00,7.0,4.0,10.0,0.0,1030.0,27.0,23.0,0.0,0.0
2025-03-18 16:00:00,8.0,4.0,9.0,0.0,1030.0,28.0,21.0,0.0,0.0
2025-03-18 17:00:00,7.0,4.0,8.0,0.0,1031.0,28.0,19.0,0.0,0.0
2025-03-18 18:00:00,7.0,4.0,6.0,0.0,1031.0,30.0,19.0,0.0,0.0
2025-03-18 19:00:00,8.0,5.0,6.0,0.0,1032.0,38.0,14.0,0.0,0.0
2025-03-18 20:00:00,9.0,6.0,5.0,0.0,1032.0,40.0,14.0,0.0,0.0
2025-03-18 21:00:00,9.0,7.0,4.0,0.0,1032.0,41.0,12.0,0.0,0.0
2025-03-18 22:00:00,8.0,6.0,4.0,0.0,1033.0,43.0,9.0,0.0,0.0
2025-03-18 23:00:00,9.0,6.0,4.0,0.0,1033.0,44.0,7.0,0.0,0.0
2025-03-19 00:00:00,9.0,6.0,3.0,0.0,1033.0,45.0,6.0,0.0,0.0
2025-03-19 01:00:00,11.0,9.0,3.0,0.0,1032.0,45.0,5.0,0.0,0.0
2025-03-19 02:00:00,9.0,7.0,2.0,0.0,1032.0,46.0,5.0,0.0,0.0
2025-03-19 03:00:00,8.0,6.0,2.0,0.0,1032.0,46.0,5.0,0.0,0.0
2025-03-19 04:00:00,12.0,10.0,2.0,0.0,1032.0,47.0,6.0,0.0,0.0
2025-03-19 05:00:00,23.0,22.0,2.0,0.0,1032.0,48.0,5.0,0.0,0.0
2025-03-19 06:00:00,10.0,8.0,2.0,0.0,1033.0,50.0,5.0,0.0,0.0
2025-03-19 07:00:00,14.0,13.0,3.0,0.0,1033.0,59.0,6.0,0.0,0.0
2025-03-19 08:00:00,8.0,6.0,5.0,0.0,1034.0,49.0,6.0,0.0,0.0
2025-03-19 09:00:00,8.0,5.0,9.0,0.0,1034.0,39.0,4.0,0.0,0.0
2025-03-19 10:00:00,12.0,6.0,10.0,0.0,1034.0,38.0,1.0,0.0,0.0
2025-03-19 11:00:00,10.0,6.0,10.0,0.0,1033.0,40.0,2.0,0.0,0.0
2025-03-19 12:00:00,8.0,6.0,11.0,0.0,1032.0,43.0,5.0,0.0,0.0
2025-03-19 13:00:00,8.0,5.0,10.0,0.0,1032.0,46.0,7.0,0.0,0.0
2025-03-19 14:00:00,7.0,5.0,10.0,0.0,1032.0,46.0,10.0,0.0,0.0
2025-03-19 15:00:00,6.0,4.0,10.0,0.0,1031.0,45.0,10.0,0.0,0.0
2025-03-19 16:00:00,6.0,4.0,10.0,0.0,1031.0,45.0,9.0,0.0,0.0
2025-03-19 17:00:00,7.0,4.0,8.0,0.0,1032.0,46.0,6.0,0.0,0.0
2025-03-19 18:00:00,7.0,4.0,7.0,0.0,1032.0,60.0,3.0,0.0,0.0
2025-03-19 19:00:00,11.0,8.0,7.0,0.0,1032.0,53.0,5.0,0.0,0.0
2025-03-19 20:00:00,15.0,13.0,6.0,0.0,1032.0,58.0,6.0,0.0,0.0
2025-03-19 21:00:00,16.0,14.0,6.0,0.0,1033.0,58.0,6.0,0.0,0.0
2025-03-19 22:00:00,11.0,9.0,6.0,0.0,1033.0,55.0,5.0,0.0,0.0
2025-03-19 23:00:00,14.0,12.0,6.0,0.0,1033.0,54.0,5.0,0.0,0.0
2025-03-20 00:00:00,19.0,17.0,6.0,0.0,1033.0,49.0,5.0,0.0,0.0
2025-03-20 01:00:00,12.0,10.0,6.0,0.0,1033.0,45.0,5.0,0.0,0.0
2025-03-20 02:00:00,11.0,10.0,5.0,0.0,1032.0,43.0,4.0,0.0,0.0
2025-03-20 03:00:00,12.0,10.0,4.0,0.0,1032.0,46.0,5.0,0.0,0.0
2025-03-20 04:00:00,18.0,17.0,4.0,0.0,1032.0,53.0,7.0,0.0,0.0
2025-03-20 05:00:00,21.0,19.0,4.0,0.0,1032.0,53.0,6.0,0.0,0.0
2025-03-20 06:00:00,38.0,35.0,4.0,0.0,1033.0,56.0,6.0,0.0,0.0
2025-03-20 07:00:00,21.0,18.0,5.0,0.0,1032.0,74.0,6.0,0.0,0.0
2025-03-20 08:00:00,17.0,13.0,8.0,0.0,1033.0,60.0,6.0,0.0,0.0
2025-03-20 09:00:00,23.0,17.0,11.0,0.0,1033.0,50.0,5.0,0.0,0.0
2025-03-20 10:00:00,22.0,15.0,12.0,0.0,1033.0,54.0,1.0,0.0,0.0
2025-03-20 11:00:00,20.0,16.0,12.0,0.0,1033.0,54.0,4.0,0.0,0.0
2025-03-20 12:00:00,18.0,15.0,12.0,0.0,1032.0,57.0,8.0,0.0,0.0
2025-03-20 13:00:00,20.0,16.0,12.0,0.0,1031.0,68.0,12.0,0.0,0.0
2025-03-20 14:00:00,23.0,19.0,12.0,0.0,1031.0,66.0,12.0,0.0,0.0
2025-03-20 15:00:00,23.0,20.0,12.0,0.0,1030.0,66.0,9.0,0.0,0.0
2025-03-20 16:00:00,26.0,22.0,11.0,0.0,1030.0,67.0,6.0,0.0,0.0
2025-03-20 17:00:00,27.0,22.0,10.0,0.0,1030.0,71.0,3.0,0.0,0.0
2025-03-20 18:00:00,28.0,23.0,8.0,0.0,1030.0,83.0,3.0,0.0,0.0
2025-03-20 19:00:00,27.0,23.0,8.0,0.0,1030.0,78.0,3.0,0.0,0.0
2025-03-20 20:00:00,27.0,24.0,8.0,0.0,1030.0,81.0,4.0,0.0,0.0
2025-03-20 21:00:00,24.0,22.0,7.0,0.0,1030.0,82.0,4.0,0.0,0.0
2025-03-20 22:00:00,26.0,23.0,6.0,0.0,1030.0,83.0,4.0,0.0,0.0
2025-03-20 23:00:00,34.0,31.0,6.0,0.0,1030.0,84.0,6.0,0.0,0.0
2025-03-21 00:00:00,23.0,21.0,5.0,0.0,1030.0,83.0,6.0,0.0,0.0
2025-03-21 01:00:00,15.0,13.0,5.0,0.0,1030.0,81.0,7.0,0.0,0.0
2025-03-21 02:00:00,10.0,9.0,5.0,0.0,1029.0,78.0,7.0,0.0,0.0
2025-03-21 03:00:00,9.0,8.0,5.0,0.0,1029.0,76.0,7.0,0.0,0.0
2025-03-21 04:00:00,12.0,11.0,5.0,0.0,1028.0,74.0,7.0,0.0,0.0
2025-03-21 05:00:00,11.0,10.0,4.0,0.0,1029.0,70.0,8.0,0.0,0.0
2025-03-21 06:00:00,10.0,9.0,4.0,0.0,1029.0,68.0,8.0,0.0,0.0
2025-03-21 07:00:00,11.0,10.0,9.0,0.0,1028.0,84.0,3.0,0.0,0.0
2025-03-21 08:00:00,11.0,8.0,12.0,0.0,1028.0,70.0,3.0,0.0,0.0
2025-03-21 09:00:00,13.0,10.0,15.0,0.0,1028.0,60.0,1.0,0.0,0.0
2025-03-21 10:00:00,11.0,7.0,15.0,0.0,1028.0,62.0,1.0,0.0,0.0
2025-03-21 11:00:00,10.0,7.0,14.0,0.0,1027.0,57.0,1.0,0.0,0.0
2025-03-21 12:00:00,9.0,7.0,13.0,0.0,1026.0,59.0,4.0,0.0,0.0
2025-03-21 13:00:00,10.0,7.0,13.0,0.0,1026.0,58.0,6.0,0.0,0.0
2025-03-21 14:00:00,12.0,8.0,12.0,0.0,1025.0,60.0,6.0,0.0,0.0
2025-03-21 15:00:00,12.0,9.0,12.0,0.0,1024.0,62.0,5.0,0.0,0.0
2025-03-21 16:00:00,11.0,8.0,12.0,0.0,1023.0,64.0,4.0,0.0,0.0
2025-03-21 17:00:00,9.0,7.0,12.0,0.0,1023.0,66.0,3.0,0.0,0.0
2025-03-21 18:00:00,11.0,8.0,10.0,0.0,1023.0,73.0,1.0,0.0,0.0
2025-03-21 19:00:00,13.0,10.0,10.0,0.0,1023.0,75.0,3.0,0.0,0.0
2025-03-21 20:00:00,10.0,8.0,10.0,0.0,1023.0,76.0,3.0,0.0,0.0
2025-03-21 21:00:00,20.0,15.0,10.0,0.0,1022.0,78.0,4.0,0.0,0.0
2025-03-21 22:00:00,21.0,17.0,10.0,0.0,1022.0,81.0,4.0,0.0,0.0
2025-03-21 23:00:00,24.0,20.0,10.0,0.0,1022.0,83.0,3.0,0.0,0.0
2025-03-22 00:00:00,30.0,26.0,9.0,0.0,1021.0,85.0,3.0,0.0,0.0
2025-03-22 01:00:00,26.0,22.0,9.0,0.0,1020.0,86.0,2.0,0.0,0.0
2025-03-22 02:00:00,14.0,11.0,9.0,0.0,1019.0,85.0,5.0,0.0,0.0
2025-03-22 03:00:00,12.0,10.0,10.0,0.0,1018.0,81.0,6.0,0.0,0.0
2025-03-22 04:00:00,10.0,8.0,10.0,0.0,1018.0,80.0,3.0,0.0,0.0
2025-03-22 05:00:00,11.0,8.0,10.0,0.5,1017.0,86.0,5.0,0.0,0.0
2025-03-22 06:00:00,12.0,10.0,11.0,0.6,1017.0,89.0,12.0,0.0,0.0
2025-03-22 07:00:00,11.0,9.0,11.0,0.5,1017.0,93.0,4.0,0.0,0.0
2025-03-22 08:00:00,10.0,9.0,12.0,1.2,1017.0,92.0,5.0,0.0,0.0
2025-03-22 09:00:00,8.0,7.0,12.0,0.6,1016.0,92.0,16.0,0.0,0.0
2025-03-22 10:00:00,6.0,5.0,12.0,0.5,1016.0,91.0,17.0,0.0,0.0
2025-03-22 11:00:00,5.0,4.0,13.0,0.6,1016.0,89.0,19.0,0.0,0.0
2025-03-22 12:00:00,6.0,4.0,13.0,0.0,1015.0,88.0,18.0,0.0,0.0
2025-03-22 13:00:00,6.0,4.0,13.0,0.2,1014.0,88.0,16.0,0.0,0.0
2025-03-22 14:00:00,9.0,7.0,13.0,0.1,1014.0,88.0,13.0,0.0,0.0
2025-03-22 15:00:00,11.0,8.0,13.0,0.1,1013.0,89.0,10.0,0.0,0.0
2025-03-22 16:00:00,8.0,7.0,13.0,0.0,1012.0,90.0,7.0,0.0,0.0
2025-03-22 17:00:00,7.0,6.0,12.0,0.0,1013.0,90.0,6.0,0.0,0.0
2025-03-22 18:00:00,9.0,8.0,12.0,0.2,1013.0,91.0,10.0,0.0,0.0
2025-03-22 19:00:00,8.0,7.0,11.0,0.0,1013.0,92.0,4.0,0.0,0.0
2025-03-22 20:00:00,20.0,20.0,11.0,0.0,1013.0,92.0,4.0,0.0,0.0
2025-03-22 21:00:00,11.0,10.0,11.0,0.0,1012.0,91.0,4.0,0.0,0.0
2025-03-22 22:00:00,14.0,13.0,11.0,0.0,1013.0,92.0,2.0,0.0,0.0
2025-03-22 23:00:00,13.0,10.0,12.0,0.0,1012.0,92.0,2.0,0.0,0.0
2025-03-23 00:00:00,12.0,7.0,12.0,0.0,1011.0,92.0,5.0,0.0,0.0
2025-03-23 01:00:00,13.0,8.0,12.0,0.0,1011.0,91.0,6.0,0.0,0.0
2025-03-23 02:00:00,7.0,4.0,12.0,0.8,1010.0,94.0,7.0,0.0,0.0
2025-03-23 03:00:00,5.0,3.0,13.0,0.1,1010.0,90.0,21.0,0.0,0.0
2025-03-23 04:00:00,10.0,6.0,13.0,0.0,1010.0,87.0,24.0,0.0,0.0
2025-03-23 05:00:00,13.0,8.0,12.0,0.0,1010.0,88.0,17.0,0.0,0.0
2025-03-23 06:00:00,14.0,8.0,12.0,0.0,1010.0,86.0,20.0,0.0,0.0
2025-03-23 07:00:00,12.0,7.0,15.0,0.0,1009.0,80.0,23.0,0.0,0.0
2025-03-23 08:00:00,16.0,10.0,16.0,0.0,1010.0,78.0,22.0,0.0,0.0
2025-03-23 09:00:00,19.0,12.0,17.0,0.0,1010.0,75.0,22.0,0.0,0.0
2025-03-23 10:00:00,22.0,13.0,17.0,0.0,1011.0,75.0,22.0,0.0,0.0
2025-03-23 11:00:00,26.0,14.0,16.0,0.0,1011.0,75.0,19.0,0.0,0.0
2025-03-23 12:00:00,24.0,13.0,16.0,0.0,1011.0,76.0,16.0,0.0,0.0
2025-03-23 13:00:00,22.0,12.0,16.0,0.0,1011.0,76.0,12.0,0.0,0.0
2025-03-23 14:00:00,21.0,11.0,17.0,0.0,1010.0,74.0,12.0,0.0,0.0
2025-03-23 15:00:00,20.0,11.0,16.0,0.0,1010.0,76.0,11.0,0.0,0.0
2025-03-23 16:00:00,23.0,12.0,16.0,0.0,1010.0,79.0,8.0,0.0,0.0
2025-03-23 17:00:00,25.0,13.0,14.0,0.0,1010.0,88.0,0.0,0.0,0.0
2025-03-23 18:00:00,25.0,14.0,13.0,0.0,1010.0,93.0,3.0,0.0,0.0
2025-03-23 19:00:00,25.0,13.0,12.0,0.0,1011.0,94.0,3.0,0.0,0.0
2025-03-23 20:00:00,29.0,15.0,11.0,0.0,1011.0,93.0,3.0,0.0,0.0
2025-03-23 21:00:00,27.0,16.0,11.0,0.0,1011.0,93.0,4.0,0.0,0.0
2025-03-23 22:00:00,27.0,16.0,11.0,0.0,1011.0,92.0,5.0,0.0,0.0
2025-03-23 23:00:00,23.0,14.0,11.0,0.0,1011.0,93.0,2.0,0.0,0.0
2025-03-24 00:00:00,20.0,12.0,10.0,0.3,1011.0,95.0,7.0,0.0,0.0
2025-03-24 01:00:00,15.0,10.0,11.0,0.0,1011.0,95.0,6.0,0.0,0.0
2025-03-24 02:00:00,10.0,7.0,11.0,0.8,1012.0,97.0,3.0,0.0,0.0
2025-03-24 03:00:00,5.0,3.0,10.0,0.8,1011.0,98.0,9.0,0.0,0.0
2025-03-24 04:00:00,3.0,2.0,11.0,0.0,1010.0,93.0,10.0,0.0,0.0
2025-03-24 05:00:00,5.0,3.0,11.0,0.0,1011.0,95.0,5.0,0.0,0.0
2025-03-24 06:00:00,7.0,3.0,11.0,0.0,1011.0,95.0,4.0,0.0,0.0
2025-03-24 07:00:00,4.0,2.0,13.0,0.0,1012.0,74.0,12.0,0.0,0.0
2025-03-24 08:00:00,2.0,2.0,14.0,0.0,1012.0,70.0,9.0,0.0,0.0
2025-03-24 09:00:00,3.0,2.0,15.0,0.0,1012.0,70.0,7.0,0.0,0.0
2025-03-24 10:00:00,5.0,2.0,14.0,0.0,1013.0,74.0,8.0,0.0,0.0
2025-03-24 11:00:00,4.0,2.0,14.0,0.0,1013.0,72.0,8.0,0.0,0.0
2025-03-24 12:00:00,3.0,2.0,14.0,0.0,1013.0,72.0,6.0,0.0,0.0
2025-03-24 13:00:00,3.0,2.0,14.0,0.0,1013.0,71.0,6.0,0.0,0.0
2025-03-24 14:00:00,3.0,2.0,14.0,0.0,1013.0,73.0,8.0,0.0,0.0
2025-03-24 15:00:00,3.0,2.0,14.0,0.0,1013.0,76.0,6.0,0.0,0.0
2025-03-24 16:00:00,3.0,2.0,14.0,0.0,1014.0,78.0,3.0,0.0,0.0
2025-03-24 17:00:00,4.0,2.0,14.0,0.0,1014.0,87.0,1.0,0.0,0.0
2025-03-24 18:00:00,5.0,3.0,12.0,0.0,1014.0,92.0,1.0,0.0,0.0
2025-03-24 19:00:00,6.0,4.0,11.0,0.0,1015.0,92.0,1.0,0.0,0.0
2025-03-24 20:00:00,21.0,18.0,11.0,0.0,1016.0,93.0,1.0,0.0,0.0
2025-03-24 21:00:00,5.0,3.0,11.0,0.0,1016.0,93.0,2.0,0.0,0.0
2025-03-24 22:00:00,7.0,5.0,10.0,0.0,1016.0,94.0,3.0,0.0,0.0
2025-03-24 23:00:00,9.0,6.0,10.0,0.0,1017.0,94.0,3.0,0.0,0.0
2025-03-25 00:00:00,12.0,9.0,10.0,0.0,1017.0,94.0,2.0,0.0,0.0
2025-03-25 01:00:00,32.0,29.0,10.0,0.0,1017.0,92.0,1.0,0.0,0.0
2025-03-25 02:00:00,11.0,8.0,10.0,0.0,1017.0,94.0,2.0,0.0,0.0
2025-03-25 03:00:00,11.0,7.0,10.0,0.0,1017.0,95.0,2.0,0.0,0.0
2025-03-25 04:00:00,11.0,7.0,10.0,0.1,1017.0,98.0,1.0,0.0,0.0
2025-03-25 05:00:00,9.0,6.0,10.0,0.0,1017.0,98.0,5.0,0.0,0.0
2025-03-25 06:00:00,8.0,5.0,10.0,0.0,1017.0,96.0,5.0,0.0,0.0
2025-03-25 07:00:00,13.0,10.0,11.0,0.0,1016.0,84.0,4.0,0.0,0.0
2025-03-25 08:00:00,16.0,7.0,12.0,0.0,1017.0,80.0,4.0,0.0,0.0
2025-03-25 09:00:00,44.0,12.0,14.0,0.0,1017.0,84.0,4.0,0.0,0.0
2025-03-25 10:00:00,17.0,9.0,14.0,0.0,1018.0,87.0,9.0,0.0,0.0
2025-03-25 11:00:00,11.0,7.0,14.0,0.0,1018.0,90.0,13.0,0.0,0.0
2025-03-25 12:00:00,9.0,6.0,13.0,0.1,1018.0,87.0,10.0,0.0,0.0
2025-03-25 13:00:00,11.0,6.0,13.0,0.0,1017.0,89.0,5.0,0.0,0.0
2025-03-25 14:00:00,12.0,7.0,14.0,0.0,1017.0,85.0,1.0,0.0,0.0
2025-03-25 15:00:00,12.0,8.0,14.0,0.0,1016.0,86.0,5.0,0.0,0.0
2025-03-25 16:00:00,13.0,9.0,14.0,0.0,1016.0,83.0,8.0,0.0,0.0
2025-03-25 17:00:00,14.0,9.0,12.0,0.0,1017.0,89.0,9.0,0.0,0.0
2025-03-25 18:00:00,15.0,6.0,12.0,0.0,1017.0,94.0,3.0,0.0,0.0
2025-03-25 19:00:00,12.0,7.0,11.0,0.0,1017.0,96.0,0.0,0.0,0.0
2025-03-25 20:00:00,18.0,13.0,11.0,0.0,1017.0,97.0,3.0,0.0,0.0
2025-03-25 21:00:00,21.0,14.0,10.0,0.0,1017.0,98.0,1.0,0.0,0.0
2025-03-25 22:00:00,15.0,9.0,10.0,0.0,1017.0,98.0,1.0,0.0,0.0
2025-03-25 23:00:00,10.0,7.0,10.0,0.0,1017.0,98.0,0.0,0.0,0.0
2025-03-26 00:00:00,11.0,8.0,10.0,0.0,1017.0,98.0,2.0,0.0,0.0
2025-03-26 01:00:00,9.0,7.0,10.0,0.0,1017.0,96.0,3.0,0.0,0.0
2025-03-26 02:00:00,5.0,3.0,10.0,0.0,1016.0,93.0,3.0,0.0,0.0
2025-03-26 03:00:00,5.0,3.0,10.0,0.0,1016.0,89.0,1.0,0.0,0.0
2025-03-26 04:00:00,4.0,3.0,10.0,0.0,1015.0,89.0,1.0,0.0,0.0
2025-03-26 05:00:00,4.0,2.0,10.0,0.0,1015.0,91.0,1.0,0.0,0.0
2025-03-26 06:00:00,3.0,2.0,10.0,0.0,1015.0,89.0,3.0,0.0,0.0
2025-03-26 07:00:00,5.0,3.0,18.0,0.2,1015.0,50.0,14.0,0.0,0.0
2025-03-26 08:00:00,7.0,3.0,20.0,0.1,1015.0,47.0,17.0,0.0,0.0
2025-03-26 09:00:00,9.0,3.0,22.0,0.0,1015.0,43.0,19.0,0.0,0.0
2025-03-26 10:00:00,7.0,3.0,21.0,0.0,1015.0,44.0,18.0,0.0,0.0
2025-03-26 11:00:00,7.0,3.0,20.0,0.0,1015.0,46.0,18.0,0.0,0.0
2025-03-26 12:00:00,8.0,3.0,20.0,0.0,1014.0,46.0,21.0,0.0,0.0
2025-03-26 13:00:00,11.0,4.0,19.0,0.0,1013.0,44.0,24.0,0.0,0.0
2025-03-26 14:00:00,7.0,4.0,19.0,0.0,1012.0,44.0,22.0,0.0,0.0
2025-03-26 15:00:00,7.0,3.0,18.0,0.0,1012.0,48.0,20.0,0.0,0.0
2025-03-26 16:00:00,15.0,5.0,17.0,0.0,1012.0,50.0,19.0,0.0,0.0
2025-03-26 17:00:00,9.0,6.0,16.0,0.0,1012.0,55.0,17.0,0.0,0.0
2025-03-26 18:00:00,8.0,4.0,15.0,0.0,1012.0,57.0,17.0,0.0,0.0
2025-03-26 19:00:00,7.0,5.0,14.0,0.0,1012.0,63.0,13.0,0.0,0.0
2025-03-26 20:00:00,8.0,5.0,14.0,0.0,1012.0,63.0,13.0,0.0,0.0
2025-03-26 21:00:00,11.0,6.0,13.0,0.0,1012.0,63.0,14.0,0.0,0.0
2025-03-26 22:00:00,10.0,7.0,14.0,0.0,1012.0,61.0,15.0,0.0,0.0
2025-03-26 23:00:00,9.0,7.0,13.0,0.0,1012.0,61.0,18.0,0.0,0.0
2025-03-27 00:00:00,8.0,6.0,13.0,0.0,1012.0,62.0,17.0,0.0,0.0
2025-03-27 01:00:00,9.0,7.0,13.0,0.0,1012.0,63.0,21.0,0.0,0.0
2025-03-27 02:00:00,9.0,6.0,12.0,0.0,1011.0,64.0,21.0,0.0,0.0
2025-03-27 03:00:00,8.0,6.0,12.0,0.0,1010.0,62.0,19.0,0.0,0.0
2025-03-27 04:00:00,9.0,7.0,12.0,0.0,1010.0,60.0,18.0,0.0,0.0
2025-03-27 05:00:00,10.0,7.0,12.0,0.0,1010.0,60.0,19.0,0.0,0.0
2025-03-27 06:00:00,11.0,7.0,12.0,0.0,1010.0,60.0,22.0,0.0,0.0
2025-03-27 07:00:00,14.0,7.0,16.0,0.0,1011.0,40.0,14.0,0.0,0.0
2025-03-27 08:00:00,12.0,6.0,17.0,0.0,1011.0,38.0,14.0,0.0,0.0
2025-03-27 09:00:00,11.0,6.0,18.0,0.0,1011.0,35.0,16.0,0.0,0.0
2025-03-27 10:00:00,13.0,6.0,18.0,0.0,1011.0,35.0,22.0,0.0,0.0
2025-03-27 11:00:00,14.0,6.0,18.0,0.0,1011.0,38.0,26.0,0.0,0.0
2025-03-27 12:00:00,9.0,6.0,18.0,0.0,1010.0,39.0,28.0,0.0,0.0
2025-03-27 13:00:00,15.0,7.0,18.0,0.0,1010.0,40.0,26.0,0.0,0.0
2025-03-27 14:00:00,14.0,7.0,18.0,0.0,1010.0,42.0,21.0,0.0,0.0
2025-03-27 15:00:00,14.0,7.0,18.0,0.0,1010.0,40.0,20.0,0.0,0.0
2025-03-27 16:00:00,15.0,7.0,17.0,0.0,1010.0,40.0,20.0,0.0,0.0
2025-03-27 17:00:00,12.0,8.0,17.0,0.0,1010.0,41.0,21.0,0.0,0.0
2025-03-27 18:00:00,12.0,9.0,16.0,0.0,1010.0,42.0,20.0,0.0,0.0
2025-03-27 19:00:00,12.0,9.0,15.0,0.0,1010.0,47.0,23.0,0.0,0.0
2025-03-27 20:00:00,13.0,10.0,15.0,0.0,1010.0,47.0,22.0,0.0,0.0
2025-03-27 21:00:00,15.0,12.0,14.0,0.0,1011.0,46.0,23.0,0.0,0.0
2025-03-27 22:00:00,14.0,12.0,14.0,0.0,1011.0,47.0,21.0,0.0,0.0
2025-03-27 23:00:00,14.0,10.0,14.0,0.0,1011.0,47.0,22.0,0.0,0.0
2025-03-28 00:00:00,11.0,8.0,14.0,0.0,1011.0,47.0,22.0,0.0,0.0
2025-03-28 01:00:00,9.0,7.0,13.0,0.0,1010.0,48.0,21.0,0.0,0.0
2025-03-28 02:00:00,10.0,7.0,13.0,0.0,1010.0,50.0,21.0,0.0,0.0
2025-03-28 03:00:00,9.0,7.0,13.0,0.0,1010.0,50.0,21.0,0.0,0.0
2025-03-28 04:00:00,9.0,7.0,13.0,0.0,1009.0,50.0,21.0,0.0,0.0
2025-03-28 05:00:00,10.0,8.0,13.0,0.0,1009.0,50.0,21.0,0.0,0.0
2025-03-28 06:00:00,9.0,7.0,13.0,0.0,1009.0,51.0,22.0,0.0,0.0
2025-03-28 07:00:00,9.0,7.0,14.0,0.0,1008.0,52.0,9.0,0.0,0.0
2025-03-28 08:00:00,11.0,8.0,14.0,0.2,1009.0,51.0,9.0,0.0,0.0
2025-03-28 09:00:00,13.0,8.0,12.0,0.0,1009.0,58.0,10.0,0.0,0.0
2025-03-28 10:00:00,20.0,9.0,14.0,0.1,1008.0,61.0,13.0,0.0,0.0
2025-03-28 11:00:00,16.0,8.0,14.0,0.0,1008.0,61.0,14.0,0.0,0.0
2025-03-28 12:00:00,12.0,6.0,15.0,0.0,1007.0,64.0,17.0,0.0,0.0
2025-03-28 13:00:00,8.0,5.0,14.0,0.0,1006.0,67.0,17.0,0.0,0.0
2025-03-28 14:00:00,7.0,4.0,14.0,0.0,1006.0,68.0,18.0,0.0,0.0
2025-03-28 15:00:00,6.0,3.0,14.0,0.0,1005.0,71.0,17.0,0.0,0.0
2025-03-28 16:00:00,10.0,4.0,12.0,0.2,1005.0,81.0,13.0,0.0,0.0
2025-03-28 17:00:00,10.0,4.0,13.0,0.1,1005.0,74.0,14.0,0.0,0.0
2025-03-28 18:00:00,5.0,3.0,12.0,0.0,1005.0,74.0,12.0,0.0,0.0
2025-03-28 19:00:00,4.0,3.0,12.0,0.0,1005.0,79.0,10.0,0.0,0.0
2025-03-28 20:00:00,5.0,3.0,12.0,0.0,1005.0,80.0,9.0,0.0,0.0
2025-03-28 21:00:00,4.0,2.0,12.0,0.0,1005.0,81.0,9.0,0.0,0.0
2025-03-28 22:00:00,2.0,2.0,12.0,0.0,1004.0,80.0,9.0,0.0,0.0
2025-03-28 23:00:00,2.0,2.0,11.0,0.0,1004.0,83.0,8.0,0.0,0.0
2025-03-29 00:00:00,2.0,2.0,11.0,0.0,1003.0,82.0,8.0,0.0,0.0
2025-03-29 01:00:00,2.0,2.0,12.0,0.0,1003.0,81.0,10.0,0.0,0.0
2025-03-29 02:00:00,2.0,2.0,12.0,0.0,1002.0,82.0,8.0,0.0,0.0
2025-03-29 03:00:00,4.0,3.0,12.0,0.0,1002.0,83.0,8.0,0.0,0.0
2025-03-29 04:00:00,2.0,2.0,11.0,0.0,1002.0,84.0,8.0,0.0,0.0
2025-03-29 05:00:00,2.0,2.0,11.0,0.0,1002.0,86.0,8.0,0.0,0.0
2025-03-29 06:00:00,2.0,2.0,11.0,0.0,1003.0,86.0,8.0,0.0,0.0
2025-03-29 07:00:00,2.0,2.0,14.0,0.0,1004.0,70.0,5.0,0.0,0.0
2025-03-29 08:00:00,2.0,2.0,14.0,0.0,1004.0,69.0,4.0,0.0,0.0
2025-03-29 09:00:00,2.0,2.0,15.0,0.0,1004.0,66.0,10.0,0.0,0.0
2025-03-29 10:00:00,5.0,2.0,15.0,0.0,1004.0,65.0,12.0,0.0,0.0
2025-03-29 11:00:00,3.0,2.0,15.0,0.0,1004.0,64.0,14.0,0.0,0.0
2025-03-29 12:00:00,4.0,2.0,15.0,0.0,1004.0,62.0,17.0,0.0,0.0
2025-03-29 13:00:00,3.0,2.0,15.0,0.0,1004.0,63.0,17.0,0.0,0.0
2025-03-29 14:00:00,4.0,2.0,15.0,0.0,1005.0,63.0,18.0,0.0,0.0
2025-03-29 15:00:00,5.0,2.0,15.0,0.0,1005.0,60.0,22.0,0.0,0.0
2025-03-29 16:00:00,2.0,2.0,14.0,0.0,1006.0,67.0,20.0,0.0,0.0
2025-03-29 17:00:00,2.0,2.0,13.0,0.2,1006.0,70.0,19.0,0.0,0.0
2025-03-29 18:00:00,2.0,2.0,12.0,0.1,1007.0,70.0,17.0,0.0,0.0
2025-03-29 19:00:00,2.0,2.0,12.0,0.0,1008.0,73.0,17.0,0.0,0.0
2025-03-29 20:00:00,3.0,2.0,11.0,0.0,1008.0,76.0,16.0,0.0,0.0
2025-03-29 21:00:00,2.0,2.0,11.0,0.0,1009.0,80.0,17.0,0.0,0.0
2025-03-29 22:00:00,2.0,2.0,11.0,0.0,1009.0,80.0,17.0,0.0,0.0
2025-03-29 23:00:00,2.0,2.0,11.0,0.0,1010.0,78.0,14.0,0.0,0.0
2025-03-30 00:00:00,2.0,2.0,11.0,0.0,1010.0,74.0,10.0,0.0,0.0
2025-03-30 01:00:00,2.0,2.0,11.0,0.0,1010.0,71.0,15.0,0.0,0.0
2025-03-30 02:00:00,2.0,2.0,11.0,0.0,1010.0,71.0,17.0,0.0,0.0
2025-03-30 03:00:00,2.0,2.0,11.0,0.0,1009.0,71.0,16.0,0.0,0.0
2025-03-30 04:00:00,2.0,2.0,11.0,0.0,1010.0,70.0,15.0,0.0,0.0
2025-03-30 05:00:00,2.0,2.0,11.0,0.0,1010.0,69.0,14.0,0.0,0.0
2025-03-30 06:00:00,2.0,2.0,11.0,0.0,1011.0,68.0,18.0,0.0,0.0
2025-03-30 07:00:00,2.0,2.0,15.0,0.0,1012.0,54.0,6.0,0.0,0.0
2025-03-30 08:00:00,2.0,2.0,16.0,0.0,1012.0,50.0,8.0,0.0,0.0
2025-03-30 09:00:00,2.0,2.0,17.0,0.0,1013.0,47.0,12.0,0.0,0.0
2025-03-30 10:00:00,2.0,2.0,18.0,0.0,1013.0,47.0,13.0,0.0,0.0
2025-03-30 11:00:00,2.0,2.0,18.0,0.0,1012.0,47.0,12.0,0.0,0.0
2025-03-30 12:00:00,2.0,2.0,18.0,0.0,1012.0,47.0,14.0,0.0,0.0
2025-03-30 13:00:00,2.0,2.0,19.0,0.0,1012.0,45.0,17.0,0.0,0.0
2025-03-30 14:00:00,3.0,2.0,19.0,0.0,1012.0,45.0,18.0,0.0,0.0
2025-03-30 15:00:00,3.0,2.0,19.0,0.0,1011.0,45.0,17.0,0.0,0.0
2025-03-30 16:00:00,3.0,2.0,18.0,0.0,1010.0,45.0,13.0,0.0,0.0
2025-03-30 17:00:00,2.0,2.0,17.0,0.0,1011.0,47.0,9.0,0.0,0.0
2025-03-30 18:00:00,3.0,2.0,16.0,0.0,1011.0,51.0,6.0,0.0,0.0
2025-03-30 19:00:00,2.0,2.0,14.0,0.0,1011.0,69.0,4.0,0.0,0.0
2025-03-30 20:00:00,2.0,2.0,13.0,0.0,1011.0,70.0,3.0,0.0,0.0
2025-03-30 21:00:00,9.0,7.0,13.0,0.0,1011.0,72.0,4.0,0.0,0.0
2025-03-30 22:00:00,7.0,5.0,13.0,0.0,1011.0,74.0,5.0,0.0,0.0
2025-03-30 23:00:00,6.0,5.0,12.0,0.9,1011.0,82.0,9.0,0.0,0.0
2025-03-31 00:00:00,6.0,5.0,12.0,0.0,1010.0,89.0,8.0,0.0,0.0
2025-03-31 01:00:00,4.0,3.0,11.0,0.0,1010.0,85.0,14.0,0.0,0.0
2025-03-31 02:00:00,7.0,7.0,11.0,0.0,1010.0,81.0,10.0,0.0,0.0
2025-03-31 03:00:00,4.0,2.0,11.0,0.0,1010.0,77.0,9.0,0.0,0.0
2025-03-31 04:00:00,3.0,2.0,11.0,0.0,1010.0,74.0,5.0,0.0,0.0
2025-03-31 05:00:00,2.0,2.0,11.0,0.0,1010.0,67.0,6.0,0.0,0.0
2025-03-31 06:00:00,2.0,2.0,11.0,0.0,1011.0,65.0,14.0,0.0,0.0
2025-03-31 07:00:00,2.0,2.0,14.0,0.0,1012.0,57.0,10.0,0.0,0.0
2025-03-31 08:00:00,4.0,2.0,16.0,0.0,1013.0,53.0,9.0,0.0,0.0
2025-03-31 09:00:00,6.0,3.0,17.0,0.0,1014.0,44.0,8.0,0.0,0.0
2025-03-31 10:00:00,5.0,2.0,18.0,0.0,1014.0,39.0,10.0,0.0,0.0
2025-03-31 11:00:00,3.0,2.0,17.0,0.0,1014.0,36.0,7.0,0.0,0.0
2025-03-31 12:00:00,3.0,2.0,16.0,0.0,1014.0,47.0,17.0,0.0,0.0
2025-03-31 13:00:00,3.0,2.0,15.0,0.0,1014.0,49.0,18.0,0.0,0.0
2025-03-31 14:00:00,3.0,2.0,15.0,0.0,1014.0,45.0,23.0,0.0,0.0
2025-03-31 15:00:00,6.0,2.0,13.0,0.1,1014.0,53.0,15.0,0.0,0.0
2025-03-31 16:00:00,5.0,2.0,14.0,0.0,1014.0,53.0,11.0,0.0,0.0
2025-03-31 17:00:00,5.0,2.0,13.0,0.0,1014.0,52.0,17.0,0.0,0.0
2025-03-31 18:00:00,4.0,2.0,12.0,0.0,1015.0,52.0,16.0,0.0,0.0
2025-03-31 19:00:00,3.0,2.0,11.0,0.0,1016.0,61.0,13.0,0.0,0.0
2025-03-31 20:00:00,3.0,2.0,10.0,0.0,1016.0,68.0,10.0,0.0,0.0
2025-03-31 21:00:00,3.0,2.0,10.0,0.0,1016.0,69.0,11.0,0.0,0.0
2025-03-31 22:00:00,2.0,2.0,9.0,0.0,1017.0,75.0,12.0,0.0,0.0
2025-03-31 23:00:00,3.0,2.0,9.0,0.0,1016.0,70.0,12.0,0.0,0.0
2025-04-01 00:00:00,4.0,2.0,9.0,0.0,1016.0,66.0,12.0,0.0,0.0
2025-04-01 01:00:00,3.0,2.0,9.0,0.0,1016.0,65.0,12.0,0.0,0.0
2025-04-01 02:00:00,3.0,2.0,9.0,0.0,1015.0,64.0,15.0,0.0,0.0
2025-04-01 03:00:00,2.0,2.0,10.0,0.0,1014.0,62.0,19.0,0.0,0.0
2025-04-01 04:00:00,2.0,2.0,10.0,0.0,1014.0,60.0,19.0,0.0,0.0
2025-04-01 05:00:00,2.0,2.0,10.0,0.0,1014.0,59.0,19.0,0.0,0.0
2025-04-01 06:00:00,2.0,2.0,10.0,0.0,1014.0,58.0,21.0,0.0,0.0
2025-04-01 07:00:00,2.0,2.0,12.0,0.0,1014.0,43.0,12.0,0.0,0.0
2025-04-01 08:00:00,3.0,2.0,13.0,0.0,1014.0,43.0,10.0,0.0,0.0
2025-04-01 09:00:00,11.0,4.0,14.0,0.0,1014.0,42.0,13.0,0.0,0.0
2025-04-01 10:00:00,14.0,6.0,15.0,0.0,1014.0,45.0,15.0,0.0,0.0
2025-04-01 11:00:00,15.0,6.0,15.0,0.0,1013.0,45.0,20.0,0.0,0.0
2025-04-01 12:00:00,12.0,6.0,15.0,0.0,1013.0,47.0,27.0,0.0,0.0
2025-04-01 13:00:00,14.0,8.0,16.0,0.0,1012.0,47.0,28.0,0.0,0.0
2025-04-01 14:00:00,19.0,11.0,16.0,0.0,1012.0,47.0,27.0,0.0,0.0
2025-04-01 15:00:00,19.0,13.0,15.0,0.0,1012.0,47.0,29.0,0.0,0.0
2025-04-01 16:00:00,17.0,12.0,14.0,0.0,1012.0,50.0,29.0,0.0,0.0
2025-04-01 17:00:00,14.0,10.0,14.0,0.0,1012.0,52.0,28.0,0.0,0.0
2025-04-01 18:00:00,14.0,10.0,13.0,0.0,1013.0,58.0,15.0,0.0,0.0
2025-04-01 19:00:00,13.0,10.0,12.0,0.3,1014.0,66.0,12.0,0.0,0.0
2025-04-01 20:00:00,13.0,10.0,12.0,0.0,1015.0,63.0,20.0,0.0,0.0
2025-04-01 21:00:00,11.0,8.0,12.0,0.0,1015.0,63.0,21.0,0.0,0.0
2025-04-01 22:00:00,10.0,8.0,12.0,0.0,1015.0,63.0,21.0,0.0,0.0
2025-04-01 23:00:00,10.0,8.0,12.0,0.0,1015.0,61.0,18.0,0.0,0.0
2025-04-02 00:00:00,9.0,7.0,12.0,0.0,1015.0,60.0,21.0,0.0,0.0
2025-04-02 01:00:00,9.0,7.0,12.0,0.0,1015.0,61.0,19.0,0.0,0.0
2025-04-02 02:00:00,9.0,7.0,12.0,0.0,1015.0,63.0,18.0,0.0,0.0
2025-04-02 03:00:00,10.0,8.0,12.0,0.0,1014.0,62.0,19.0,0.0,0.0
2025-04-02 04:00:00,11.0,8.0,12.0,0.0,1015.0,62.0,19.0,0.0,0.0
2025-04-02 05:00:00,9.0,7.0,12.0,0.0,1015.0,62.0,19.0,0.0,0.0
2025-04-02 06:00:00,10.0,7.0,12.0,0.0,1016.0,63.0,18.0,0.0,0.0
2025-04-02 07:00:00,11.0,8.0,15.0,0.0,1017.0,49.0,11.0,0.0,0.0
2025-04-02 08:00:00,12.0,8.0,16.0,0.0,1017.0,48.0,13.0,0.0,0.0
2025-04-02 09:00:00,17.0,10.0,17.0,0.0,1017.0,44.0,14.0,0.0,0.0
2025-04-02 10:00:00,19.0,11.0,18.0,0.0,1017.0,42.0,14.0,0.0,0.0
2025-04-02 11:00:00,18.0,9.0,20.0,0.0,1016.0,40.0,16.0,0.0,0.0
2025-04-02 12:00:00,16.0,8.0,21.0,0.0,1016.0,36.0,20.0,0.0,0.0
2025-04-02 13:00:00,13.0,6.0,21.0,0.0,1016.0,34.0,26.0,0.0,0.0
2025-04-02 14:00:00,10.0,6.0,20.0,0.0,1016.0,35.0,28.0,0.0,0.0
2025-04-02 15:00:00,11.0,6.0,20.0,0.0,1016.0,36.0,30.0,0.0,0.0
2025-04-02 16:00:00,11.0,6.0,18.0,0.0,1016.0,38.0,28.0,0.0,0.0
2025-04-02 17:00:00,10.0,6.0,17.0,0.0,1017.0,40.0,22.0,0.0,0.0
2025-04-02 18:00:00,10.0,6.0,16.0,0.0,1018.0,43.0,15.0,0.0,0.0
2025-04-02 19:00:00,10.0,7.0,14.0,0.0,1018.0,54.0,9.0,0.0,0.0
2025-04-02 20:00:00,10.0,8.0,14.0,0.0,1019.0,56.0,10.0,0.0,0.0
2025-04-02 21:00:00,13.0,8.0,13.0,0.0,1020.0,58.0,12.0,0.0,0.0
2025-04-02 22:00:00,12.0,9.0,13.0,0.0,1021.0,63.0,13.0,0.0,0.0
2025-04-02 23:00:00,11.0,8.0,13.0,0.0,1021.0,61.0,12.0,0.0,0.0
2025-04-03 00:00:00,12.0,9.0,13.0,0.0,1021.0,61.0,9.0,0.0,0.0
2025-04-03 01:00:00,13.0,10.0,12.0,0.0,1021.0,61.0,9.0,0.0,0.0
2025-04-03 02:00:00,14.0,11.0,12.0,0.0,1021.0,63.0,8.0,0.0,0.0
2025-04-03 03:00:00,13.0,10.0,12.0,0.0,1021.0,64.0,9.0,0.0,0.0
2025-04-03 04:00:00,14.0,12.0,12.0,0.0,1021.0,65.0,10.0,0.0,0.0
2025-04-03 05:00:00,15.0,12.0,12.0,0.0,1021.0,66.0,10.0,0.0,0.0
2025-04-03 06:00:00,13.0,11.0,12.0,0.0,1021.0,64.0,10.0,0.0,0.0
2025-04-03 07:00:00,14.0,10.0,15.0,0.0,1022.0,54.0,4.0,0.0,0.0
2025-04-03 08:00:00,15.0,11.0,17.0,0.0,1022.0,49.0,5.0,0.0,0.0
2025-04-03 09:00:00,17.0,11.0,18.0,0.0,1022.0,46.0,7.0,0.0,0.0
2025-04-03 10:00:00,28.0,13.0,19.0,0.0,1022.0,43.0,7.0,0.0,0.0
2025-04-03 11:00:00,16.0,10.0,19.0,0.0,1022.0,40.0,6.0,0.0,0.0
2025-04-03 12:00:00,16.0,9.0,19.0,0.0,1022.0,42.0,6.0,0.0,0.0
2025-04-03 13:00:00,12.0,7.0,18.0,0.0,1021.0,45.0,4.0,0.0,0.0
2025-04-03 14:00:00,12.0,7.0,18.0,0.0,1021.0,49.0,9.0,0.0,0.0
2025-04-03 15:00:00,13.0,7.0,17.0,0.0,1021.0,50.0,21.0,0.0,0.0
2025-04-03 16:00:00,13.0,9.0,17.0,0.0,1021.0,50.0,19.0,0.0,0.0
2025-04-03 17:00:00,15.0,10.0,16.0,0.0,1021.0,49.0,14.0,0.0,0.0
2025-04-03 18:00:00,13.0,9.0,14.0,0.0,1021.0,62.0,5.0,0.0,0.0
2025-04-03 19:00:00,14.0,10.0,13.0,0.0,1022.0,72.0,4.0,0.0,0.0
2025-04-03 20:00:00,14.0,10.0,12.0,0.0,1022.0,72.0,3.0,0.0,0.0
2025-04-03 21:00:00,16.0,11.0,12.0,0.0,1022.0,71.0,4.0,0.0,0.0
2025-04-03 22:00:00,13.0,10.0,12.0,0.0,1023.0,72.0,4.0,0.0,0.0
2025-04-03 23:00:00,22.0,19.0,11.0,0.0,1023.0,71.0,4.0,0.0,0.0
2025-04-04 00:00:00,12.0,10.0,11.0,0.0,1022.0,71.0,4.0,0.0,0.0
2025-04-04 01:00:00,13.0,10.0,12.0,0.0,1022.0,70.0,3.0,0.0,0.0
2025-04-04 02:00:00,13.0,10.0,12.0,0.0,1022.0,66.0,5.0,0.0,0.0
2025-04-04 03:00:00,14.0,10.0,12.0,0.0,1021.0,66.0,5.0,0.0,0.0
2025-04-04 04:00:00,16.0,11.0,11.0,0.0,1021.0,66.0,5.0,0.0,0.0
2025-04-04 05:00:00,15.0,11.0,11.0,0.0,1021.0,69.0,4.0,0.0,0.0
2025-04-04 06:00:00,15.0,11.0,11.0,0.0,1021.0,68.0,3.0,0.0,0.0
2025-04-04 07:00:00,15.0,10.0,15.0,0.0,1020.0,77.0,8.0,0.0,0.0
2025-04-04 08:00:00,17.0,10.0,18.0,0.0,1020.0,58.0,14.0,0.0,0.0
2025-04-04 09:00:00,22.0,13.0,21.0,0.0,1020.0,47.0,15.0,0.0,0.0
2025-04-04 10:00:00,21.0,10.0,22.0,0.0,1020.0,42.0,13.0,0.0,0.0
2025-04-04 11:00:00,19.0,9.0,22.0,0.0,1019.0,39.0,11.0,0.0,0.0
2025-04-04 12:00:00,19.0,8.0,22.0,0.0,1019.0,36.0,10.0,0.0,0.0
2025-04-04 13:00:00,19.0,8.0,21.0,0.0,1018.0,34.0,15.0,0.0,0.0
2025-04-04 14:00:00,20.0,8.0,22.0,0.0,1017.0,31.0,22.0,0.0,0.0
2025-04-04 15:00:00,23.0,9.0,20.0,0.0,1017.0,37.0,13.0,0.0,0.0
2025-04-04 16:00:00,16.0,8.0,19.0,0.0,1016.0,43.0,16.0,0.0,0.0
2025-04-04 17:00:00,16.0,7.0,17.0,0.0,1016.0,47.0,13.0,0.0,0.0
2025-04-04 18:00:00,15.0,7.0,15.0,0.0,1017.0,56.0,3.0,0.0,0.0
2025-04-04 19:00:00,14.0,6.0,13.0,0.0,1017.0,70.0,3.0,0.0,0.0
2025-04-04 20:00:00,17.0,8.0,13.0,0.0,1017.0,70.0,3.0,0.0,0.0
2025-04-04 21:00:00,16.0,8.0,12.0,0.0,1017.0,71.0,3.0,0.0,0.0
2025-04-04 22:00:00,21.0,12.0,12.0,0.0,1016.0,70.0,3.0,0.0,0.0
2025-04-04 23:00:00,19.0,13.0,12.0,0.0,1016.0,70.0,2.0,0.0,0.0
2025-04-05 00:00:00,17.0,11.0,12.0,0.0,1016.0,68.0,4.0,0.0,0.0
2025-04-05 01:00:00,19.0,12.0,12.0,0.0,1015.0,65.0,6.0,0.0,0.0
2025-04-05 02:00:00,49.0,43.0,11.0,0.0,1014.0,61.0,6.0,0.0,0.0
2025-04-05 03:00:00,18.0,12.0,11.0,0.0,1014.0,63.0,5.0,0.0,0.0
2025-04-05 04:00:00,16.0,10.0,10.0,0.0,1014.0,66.0,5.0,0.0,0.0
2025-04-05 05:00:00,16.0,10.0,10.0,0.0,1013.0,68.0,4.0,0.0,0.0
2025-04-05 06:00:00,13.0,9.0,10.0,0.0,1013.0,71.0,4.0,0.0,0.0
2025-04-05 07:00:00,14.0,9.0,17.0,0.0,1013.0,46.0,6.0,0.0,0.0
2025-04-05 08:00:00,14.0,9.0,19.0,0.0,1013.0,44.0,5.0,0.0,0.0
2025-04-05 09:00:00,18.0,10.0,22.0,0.0,1012.0,38.0,1.0,0.0,0.0
2025-04-05 10:00:00,23.0,11.0,22.0,0.0,1012.0,35.0,3.0,0.0,0.0
2025-04-05 11:00:00,21.0,12.0,20.0,0.0,1012.0,36.0,5.0,0.0,0.0
2025-04-05 12:00:00,24.0,13.0,20.0,0.0,1011.0,39.0,6.0,0.0,0.0
2025-04-05 13:00:00,23.0,13.0,19.0,0.0,1010.0,43.0,10.0,0.0,0.0
2025-04-05 14:00:00,23.0,13.0,19.0,0.0,1009.0,48.0,12.0,0.0,0.0
2025-04-05 15:00:00,23.0,15.0,18.0,0.0,1009.0,51.0,10.0,0.0,0.0
2025-04-05 16:00:00,23.0,17.0,17.0,0.0,1008.0,55.0,6.0,0.0,0.0
2025-04-05 17:00:00,21.0,15.0,16.0,0.0,1008.0,56.0,3.0,0.0,0.0
2025-04-05 18:00:00,20.0,13.0,14.0,0.0,1008.0,78.0,3.0,0.0,0.0
2025-04-05 19:00:00,23.0,13.0,13.0,0.0,1008.0,76.0,2.0,0.0,0.0
2025-04-05 20:00:00,21.0,13.0,13.0,0.0,1008.0,75.0,3.0,0.0,0.0
2025-04-05 21:00:00,27.0,20.0,12.0,0.0,1008.0,74.0,3.0,0.0,0.0
2025-04-05 22:00:00,31.0,25.0,12.0,0.0,1008.0,74.0,3.0,0.0,0.0
2025-04-05 23:00:00,30.0,19.0,12.0,0.0,1008.0,75.0,3.0,0.0,0.0
2025-04-06 00:00:00,27.0,19.0,12.0,0.0,1009.0,70.0,6.0,0.0,0.0
2025-04-06 01:00:00,24.0,18.0,13.0,0.0,1008.0,65.0,11.0,0.0,0.0
2025-04-06 02:00:00,20.0,14.0,13.0,0.0,1009.0,61.0,20.0,0.0,0.0
2025-04-06 03:00:00,20.0,16.0,12.0,0.0,1009.0,53.0,24.0,0.0,0.0
2025-04-06 04:00:00,21.0,15.0,11.0,0.0,1009.0,49.0,26.0,0.0,0.0
2025-04-06 05:00:00,22.0,13.0,10.0,0.0,1010.0,47.0,29.0,0.0,0.0
2025-04-06 06:00:00,22.0,6.0,10.0,0.0,1011.0,45.0,31.0,0.0,0.0
2025-04-06 07:00:00,22.0,5.0,11.0,0.0,1012.0,39.0,15.0,0.0,0.0
2025-04-06 08:00:00,20.0,5.0,12.0,0.0,1012.0,34.0,23.0,0.0,0.0
2025-04-06 09:00:00,17.0,5.0,12.0,0.0,1013.0,31.0,30.0,0.0,0.0
2025-04-06 10:00:00,27.0,6.0,13.0,0.0,1014.0,31.0,33.0,0.0,0.0
2025-04-06 11:00:00,17.0,5.0,13.0,0.0,1015.0,31.0,31.0,0.0,0.0
2025-04-06 12:00:00,13.0,4.0,13.0,0.0,1015.0,30.0,28.0,0.0,0.0
2025-04-06 13:00:00,12.0,4.0,14.0,0.0,1015.0,28.0,30.0,0.0,0.0
2025-04-06 14:00:00,27.0,6.0,13.0,0.0,1015.0,26.0,27.0,0.0,0.0
2025-04-06 15:00:00,19.0,5.0,13.0,0.0,1015.0,25.0,26.0,0.0,0.0
2025-04-06 16:00:00,13.0,4.0,12.0,0.0,1015.0,24.0,23.0,0.0,0.0
2025-04-06 17:00:00,10.0,3.0,11.0,0.0,1016.0,24.0,21.0,0.0,0.0
2025-04-06 18:00:00,8.0,3.0,10.0,0.0,1017.0,23.0,21.0,0.0,0.0
2025-04-06 19:00:00,8.0,3.0,9.0,0.0,1018.0,29.0,16.0,0.0,0.0
2025-04-06 20:00:00,7.0,3.0,8.0,0.0,1019.0,30.0,18.0,0.0,0.0
2025-04-06 21:00:00,10.0,5.0,8.0,0.0,1020.0,31.0,22.0,0.0,0.0
2025-04-06 22:00:00,9.0,4.0,7.0,0.0,1020.0,31.0,22.0,0.0,0.0
2025-04-06 23:00:00,8.0,3.0,7.0,0.0,1021.0,32.0,21.0,0.0,0.0
2025-04-07 00:00:00,8.0,3.0,7.0,0.0,1021.0,33.0,19.0,0.0,0.0
2025-04-07 01:00:00,8.0,3.0,6.0,0.0,1022.0,34.0,17.0,0.0,0.0
2025-04-07 02:00:00,8.0,4.0,6.0,0.0,1022.0,34.0,14.0,0.0,0.0
2025-04-07 03:00:00,7.0,4.0,6.0,0.0,1022.0,34.0,11.0,0.0,0.0
2025-04-07 04:00:00,7.0,4.0,6.0,0.0,1022.0,35.0,9.0,0.0,0.0
2025-04-07 05:00:00,5.0,3.0,5.0,0.0,1022.0,36.0,8.0,0.0,0.0
2025-04-07 06:00:00,6.0,4.0,6.0,0.0,1023.0,38.0,8.0,0.0,0.0
2025-04-07 07:00:00,7.0,4.0,8.0,0.0,1022.0,38.0,11.0,0.0,0.0
2025-04-07 08:00:00,9.0,5.0,10.0,0.0,1022.0,35.0,10.0,0.0,0.0
2025-04-07 09:00:00,14.0,5.0,11.0,0.0,1023.0,32.0,5.0,0.0,0.0
2025-04-07 10:00:00,14.0,4.0,12.0,0.0,1023.0,36.0,7.0,0.0,0.0
2025-04-07 11:00:00,13.0,4.0,12.0,0.0,1023.0,40.0,13.0,0.0,0.0
2025-04-07 12:00:00,15.0,5.0,12.0,0.0,1022.0,42.0,19.0,0.0,0.0
2025-04-07 13:00:00,11.0,4.0,11.0,0.0,1022.0,47.0,20.0,0.0,0.0
2025-04-07 14:00:00,12.0,5.0,11.0,0.0,1022.0,45.0,19.0,0.0,0.0
2025-04-07 15:00:00,11.0,5.0,11.0,0.0,1022.0,45.0,17.0,0.0,0.0
2025-04-07 16:00:00,13.0,6.0,11.0,0.0,1022.0,47.0,15.0,0.0,0.0
2025-04-07 17:00:00,14.0,6.0,10.0,0.0,1023.0,45.0,14.0,0.0,0.0
2025-04-07 18:00:00,13.0,6.0,9.0,0.0,1024.0,45.0,11.0,0.0,0.0
2025-04-07 19:00:00,14.0,5.0,8.0,0.0,1024.0,54.0,4.0,0.0,0.0
2025-04-07 20:00:00,13.0,6.0,8.0,0.0,1025.0,54.0,6.0,0.0,0.0
2025-04-07 21:00:00,12.0,6.0,7.0,0.0,1025.0,60.0,7.0,0.0,0.0
2025-04-07 22:00:00,13.0,8.0,6.0,0.0,1026.0,59.0,6.0,0.0,0.0
2025-04-07 23:00:00,17.0,11.0,6.0,0.0,1026.0,57.0,6.0,0.0,0.0
2025-04-08 00:00:00,10.0,6.0,6.0,0.0,1026.0,56.0,6.0,0.0,0.0
2025-04-08 01:00:00,13.0,8.0,7.0,0.0,1026.0,56.0,6.0,0.0,0.0
2025-04-08 02:00:00,21.0,16.0,7.0,0.0,1026.0,55.0,7.0,0.0,0.0
2025-04-08 03:00:00,13.0,9.0,7.0,0.0,1026.0,55.0,6.0,0.0,0.0
2025-04-08 04:00:00,11.0,7.0,7.0,0.0,1025.0,56.0,5.0,0.0,0.0
2025-04-08 05:00:00,14.0,11.0,7.0,0.0,1026.0,59.0,5.0,0.0,0.0
2025-04-08 06:00:00,22.0,18.0,7.0,0.0,1026.0,62.0,4.0,0.0,0.0
2025-04-08 07:00:00,16.0,12.0,9.0,0.0,1026.0,64.0,3.0,0.0,0.0
2025-04-08 08:00:00,12.0,7.0,10.0,0.0,1027.0,60.0,1.0,0.0,0.0
2025-04-08 09:00:00,24.0,12.0,12.0,0.0,1026.0,57.0,1.0,0.0,0.0
2025-04-08 10:00:00,16.0,7.0,12.0,0.0,1026.0,56.0,5.0,0.0,0.0
2025-04-08 11:00:00,13.0,6.0,12.0,0.0,1026.0,51.0,10.0,0.0,0.0
2025-04-08 12:00:00,16.0,7.0,13.0,0.0,1026.0,49.0,14.0,0.0,0.0
2025-04-08 13:00:00,16.0,8.0,13.0,0.0,1025.0,49.0,15.0,0.0,0.0
2025-04-08 14:00:00,15.0,8.0,13.0,0.0,1025.0,54.0,13.0,0.0,0.0
2025-04-08 15:00:00,14.0,8.0,13.0,0.0,1024.0,57.0,14.0,0.0,0.0
2025-04-08 16:00:00,24.0,14.0,12.0,0.0,1024.0,58.0,12.0,0.0,0.0
2025-04-08 17:00:00,21.0,13.0,12.0,0.0,1024.0,58.0,10.0,0.0,0.0
2025-04-08 18:00:00,15.0,8.0,10.0,0.0,1024.0,74.0,6.0,0.0,0.0
2025-04-08 19:00:00,10.0,5.0,10.0,0.0,1025.0,64.0,5.0,0.0,0.0
2025-04-08 20:00:00,12.0,6.0,9.0,0.0,1025.0,69.0,8.0,0.0,0.0
2025-04-08 21:00:00,13.0,7.0,8.0,0.0,1025.0,70.0,8.0,0.0,0.0
2025-04-08 22:00:00,16.0,10.0,8.0,0.0,1026.0,69.0,7.0,0.0,0.0
2025-04-08 23:00:00,19.0,14.0,8.0,0.0,1025.0,68.0,7.0,0.0,0.0
2025-04-09 00:00:00,18.0,14.0,7.0,0.0,1025.0,68.0,6.0,0.0,0.0
2025-04-09 01:00:00,18.0,15.0,7.0,0.0,1025.0,69.0,6.0,0.0,0.0
2025-04-09 02:00:00,8.0,5.0,7.0,0.0,1025.0,72.0,7.0,0.0,0.0
2025-04-09 03:00:00,8.0,5.0,7.0,0.0,1024.0,70.0,8.0,0.0,0.0
2025-04-09 04:00:00,8.0,5.0,7.0,0.0,1023.0,70.0,6.0,0.0,0.0
2025-04-09 05:00:00,9.0,6.0,7.0,0.0,1023.0,70.0,6.0,0.0,0.0
2025-04-09 06:00:00,7.0,5.0,8.0,0.0,1023.0,70.0,5.0,0.0,0.0
2025-04-09 07:00:00,7.0,5.0,10.0,0.0,1023.0,62.0,7.0,0.0,0.0
2025-04-09 08:00:00,12.0,7.0,13.0,0.0,1023.0,53.0,6.0,0.0,0.0
2025-04-09 09:00:00,22.0,16.0,15.0,0.0,1023.0,50.0,1.0,0.0,0.0
2025-04-09 10:00:00,16.0,7.0,15.0,0.0,1023.0,48.0,3.0,0.0,0.0
2025-04-09 11:00:00,12.0,6.0,15.0,0.0,1022.0,46.0,8.0,0.0,0.0
2025-04-09 12:00:00,8.0,4.0,14.0,0.0,1022.0,50.0,12.0,0.0,0.0
2025-04-09 13:00:00,14.0,6.0,15.0,0.0,1022.0,48.0,11.0,0.0,0.0
2025-04-09 14:00:00,13.0,6.0,15.0,0.0,1021.0,46.0,11.0,0.0,0.0
2025-04-09 15:00:00,12.0,7.0,16.0,0.0,1020.0,43.0,12.0,0.0,0.0
2025-04-09 16:00:00,12.0,5.0,15.0,0.0,1020.0,41.0,12.0,0.0,0.0
2025-04-09 17:00:00,5.0,3.0,14.0,0.0,1020.0,48.0,8.0,0.0,0.0
2025-04-09 18:00:00,6.0,3.0,13.0,0.0,1021.0,57.0,4.0,0.0,0.0
2025-04-09 19:00:00,7.0,3.0,12.0,0.0,1022.0,62.0,6.0,0.0,0.0
2025-04-09 20:00:00,10.0,7.0,12.0,0.0,1022.0,62.0,5.0,0.0,0.0
2025-04-09 21:00:00,10.0,6.0,11.0,0.0,1022.0,62.0,4.0,0.0,0.0
2025-04-09 22:00:00,12.0,8.0,10.0,0.0,1022.0,66.0,3.0,0.0,0.0
2025-04-09 23:00:00,12.0,8.0,10.0,0.0,1022.0,67.0,3.0,0.0,0.0
2025-04-10 00:00:00,13.0,7.0,10.0,0.0,1022.0,65.0,5.0,0.0,0.0
2025-04-10 01:00:00,7.0,4.0,8.0,0.0,1022.0,70.0,7.0,0.0,0.0
2025-04-10 02:00:00,9.0,6.0,8.0,0.0,1022.0,70.0,6.0,0.0,0.0
2025-04-10 03:00:00,8.0,5.0,8.0,0.0,1021.0,70.0,5.0,0.0,0.0
2025-04-10 04:00:00,6.0,4.0,8.0,0.0,1021.0,72.0,5.0,0.0,0.0
2025-04-10 05:00:00,6.0,4.0,8.0,0.0,1021.0,72.0,6.0,0.0,0.0
2025-04-10 06:00:00,5.0,3.0,8.0,0.0,1022.0,72.0,6.0,0.0,0.0
2025-04-10 07:00:00,6.0,3.0,10.0,0.0,1022.0,55.0,5.0,0.0,0.0
2025-04-10 08:00:00,7.0,4.0,11.0,0.0,1022.0,53.0,3.0,0.0,0.0
2025-04-10 09:00:00,13.0,7.0,12.0,0.0,1022.0,56.0,1.0,0.0,0.0
2025-04-10 10:00:00,16.0,6.0,12.0,0.0,1022.0,56.0,5.0,0.0,0.0
2025-04-10 11:00:00,16.0,7.0,13.0,0.0,1022.0,54.0,9.0,0.0,0.0
2025-04-10 12:00:00,13.0,5.0,14.0,0.0,1022.0,52.0,13.0,0.0,0.0
2025-04-10 13:00:00,10.0,4.0,15.0,0.0,1021.0,57.0,16.0,0.0,0.0
2025-04-10 14:00:00,10.0,4.0,15.0,0.0,1021.0,55.0,14.0,0.0,0.0
2025-04-10 15:00:00,19.0,5.0,15.0,0.0,1021.0,58.0,12.0,0.0,0.0
2025-04-10 16:00:00,10.0,5.0,14.0,0.0,1021.0,56.0,9.0,0.0,0.0
2025-04-10 17:00:00,19.0,12.0,14.0,0.0,1021.0,55.0,5.0,0.0,0.0
2025-04-10 18:00:00,29.0,17.0,12.0,0.0,1022.0,63.0,4.0,0.0,0.0
2025-04-10 19:00:00,29.0,15.0,12.0,0.0,1022.0,68.0,5.0,0.0,0.0
2025-04-10 20:00:00,19.0,11.0,11.0,0.0,1022.0,64.0,6.0,0.0,0.0
2025-04-10 21:00:00,25.0,16.0,10.0,0.0,1023.0,64.0,6.0,0.0,0.0
2025-04-10 22:00:00,29.0,20.0,10.0,0.0,1023.0,63.0,6.0,0.0,0.0
2025-04-10 23:00:00,27.0,18.0,10.0,0.0,1023.0,62.0,6.0,0.0,0.0
2025-04-11 00:00:00,19.0,12.0,10.0,0.0,1022.0,61.0,5.0,0.0,0.0
2025-04-11 01:00:00,26.0,17.0,10.0,0.0,1022.0,62.0,6.0,0.0,0.0
2025-04-11 02:00:00,23.0,15.0,9.0,0.0,1022.0,64.0,5.0,0.0,0.0
2025-04-11 03:00:00,25.0,15.0,9.0,0.0,1022.0,65.0,6.0,0.0,0.0
2025-04-11 04:00:00,24.0,16.0,9.0,0.0,1021.0,65.0,5.0,0.0,0.0
2025-04-11 05:00:00,26.0,17.0,9.0,0.0,1021.0,67.0,7.0,0.0,0.0
2025-04-11 06:00:00,25.0,17.0,10.0,0.0,1021.0,71.0,6.0,0.0,0.0
2025-04-11 07:00:00,26.0,18.0,14.0,0.0,1020.0,59.0,13.0,0.0,0.0
2025-04-11 08:00:00,30.0,20.0,16.0,0.0,1020.0,54.0,10.0,0.0,0.0
2025-04-11 09:00:00,36.0,21.0,18.0,0.0,1020.0,53.0,6.0,0.0,0.0
2025-04-11 10:00:00,39.0,20.0,18.0,0.0,1020.0,54.0,1.0,0.0,0.0
2025-04-11 11:00:00,45.0,26.0,18.0,0.0,1019.0,56.0,8.0,0.0,0.0
2025-04-11 12:00:00,42.0,29.0,18.0,0.0,1019.0,57.0,11.0,0.0,0.0
2025-04-11 13:00:00,49.0,31.0,18.0,0.0,1018.0,58.0,10.0,0.0,0.0
2025-04-11 14:00:00,37.0,26.0,18.0,0.0,1017.0,57.0,12.0,0.0,0.0
2025-04-11 15:00:00,34.0,21.0,17.0,0.0,1016.0,58.0,9.0,0.0,0.0
2025-04-11 16:00:00,30.0,21.0,16.0,0.0,1016.0,61.0,5.0,0.0,0.0
2025-04-11 17:00:00,28.0,20.0,16.0,0.0,1016.0,62.0,2.0,0.0,0.0
2025-04-11 18:00:00,34.0,20.0,14.0,0.0,1016.0,80.0,4.0,0.0,0.0
2025-04-11 19:00:00,36.0,22.0,13.0,0.0,1016.0,80.0,1.0,0.0,0.0
2025-04-11 20:00:00,43.0,32.0,12.0,0.0,1016.0,81.0,3.0,0.0,0.0
2025-04-11 21:00:00,55.0,30.0,12.0,0.0,1016.0,78.0,5.0,0.0,0.0
2025-04-11 22:00:00,38.0,28.0,11.0,0.0,1016.0,77.0,4.0,0.0,0.0
2025-04-11 23:00:00,38.0,30.0,11.0,0.0,1016.0,77.0,5.0,0.0,0.0
2025-04-12 00:00:00,46.0,38.0,10.0,0.0,1016.0,76.0,5.0,0.0,0.0
2025-04-12 01:00:00,41.0,33.0,11.0,0.0,1016.0,76.0,4.0,0.0,0.0
2025-04-12 02:00:00,41.0,33.0,11.0,0.0,1016.0,75.0,3.0,0.0,0.0
2025-04-12 03:00:00,37.0,31.0,11.0,0.0,1016.0,76.0,3.0,0.0,0.0
2025-04-12 04:00:00,40.0,33.0,10.0,0.0,1016.0,75.0,3.0,0.0,0.0
2025-04-12 05:00:00,40.0,33.0,10.0,0.0,1017.0,75.0,3.0,0.0,0.0
2025-04-12 06:00:00,31.0,24.0,11.0,0.0,1017.0,73.0,6.0,0.0,0.0
2025-04-12 07:00:00,34.0,26.0,14.0,0.0,1017.0,79.0,8.0,0.0,0.0
2025-04-12 08:00:00,39.0,30.0,16.0,0.0,1018.0,82.0,8.0,0.0,0.0
2025-04-12 09:00:00,43.0,31.0,18.0,0.0,1018.0,71.0,5.0,0.0,0.0
2025-04-12 10:00:00,42.0,29.0,19.0,0.0,1018.0,68.0,2.0,0.0,0.0
2025-04-12 11:00:00,24.0,13.0,19.0,0.0,1018.0,65.0,4.0,0.0,0.0
2025-04-12 12:00:00,33.0,14.0,19.0,0.0,1017.0,60.0,7.0,0.0,0.0
2025-04-12 13:00:00,29.0,15.0,19.0,0.0,1017.0,58.0,10.0,0.0,0.0
2025-04-12 14:00:00,29.0,14.0,19.0,0.0,1017.0,60.0,23.0,0.0,0.0
2025-04-12 15:00:00,25.0,13.0,20.0,0.0,1016.0,47.0,20.0,0.0,0.0
2025-04-12 16:00:00,22.0,11.0,19.0,0.0,1016.0,49.0,9.0,0.0,0.0
2025-04-12 17:00:00,23.0,12.0,18.0,0.0,1015.0,60.0,0.0,0.0,0.0
2025-04-12 18:00:00,24.0,14.0,15.0,0.0,1016.0,72.0,3.0,0.0,0.0
2025-04-12 19:00:00,37.0,17.0,14.0,0.0,1015.0,75.0,2.0,0.0,0.0
2025-04-12 20:00:00,34.0,17.0,13.0,0.0,1016.0,76.0,3.0,0.0,0.0
2025-04-12 21:00:00,32.0,21.0,13.0,0.0,1016.0,77.0,2.0,0.0,0.0
2025-04-12 22:00:00,36.0,26.0,12.0,0.0,1016.0,77.0,3.0,0.0,0.0
2025-04-12 23:00:00,32.0,23.0,12.0,0.0,1015.0,77.0,2.0,0.0,0.0
2025-04-13 00:00:00,27.0,18.0,12.0,0.0,1015.0,76.0,3.0,0.0,0.0
2025-04-13 01:00:00,26.0,19.0,12.0,0.0,1015.0,68.0,4.0,0.0,0.0
2025-04-13 02:00:00,20.0,12.0,12.0,0.0,1014.0,66.0,3.0,0.0,0.0
2025-04-13 03:00:00,18.0,10.0,12.0,0.0,1014.0,66.0,4.0,0.0,0.0
2025-04-13 04:00:00,17.0,10.0,12.0,0.0,1014.0,75.0,2.0,0.0,0.0
2025-04-13 05:00:00,13.0,8.0,12.0,0.0,1014.0,70.0,4.0,0.0,0.0
2025-04-13 06:00:00,13.0,8.0,13.0,0.0,1015.0,72.0,4.0,0.0,0.0
2025-04-13 07:00:00,15.0,8.0,17.0,0.0,1015.0,49.0,3.0,0.0,0.0
2025-04-13 08:00:00,16.0,9.0,18.0,0.0,1015.0,52.0,8.0,0.0,0.0
2025-04-13 09:00:00,17.0,10.0,20.0,0.0,1015.0,57.0,15.0,0.0,0.0
2025-04-13 10:00:00,22.0,12.0,20.0,0.0,1016.0,57.0,24.0,0.0,0.0
2025-04-13 11:00:00,22.0,14.0,18.0,0.0,1016.0,66.0,16.0,0.0,0.0
2025-04-13 12:00:00,20.0,14.0,16.0,0.5,1016.0,79.0,5.0,0.0,0.0
2025-04-13 13:00:00,21.0,16.0,14.0,1.3,1016.0,90.0,5.0,0.0,0.0
2025-04-13 14:00:00,20.0,16.0,14.0,1.2,1015.0,94.0,5.0,0.0,0.0
2025-04-13 15:00:00,20.0,15.0,13.0,1.2,1014.0,97.0,5.0,0.0,0.0
2025-04-13 16:00:00,20.0,15.0,13.0,1.3,1014.0,98.0,4.0,0.0,0.0
2025-04-13 17:00:00,16.0,12.0,13.0,1.9,1014.0,98.0,4.0,0.0,0.0
2025-04-13 18:00:00,9.0,6.0,13.0,1.7,1014.0,98.0,3.0,0.0,0.0
2025-04-13 19:00:00,13.0,9.0,12.0,1.2,1014.0,98.0,3.0,0.0,0.0
2025-04-13 20:00:00,14.0,10.0,12.0,0.8,1014.0,97.0,4.0,0.0,0.0
2025-04-13 21:00:00,14.0,11.0,13.0,0.7,1014.0,97.0,4.0,0.0,0.0
2025-04-13 22:00:00,16.0,14.0,13.0,0.9,1014.0,97.0,4.0,0.0,0.0
2025-04-13 23:00:00,15.0,13.0,13.0,1.2,1014.0,97.0,4.0,0.0,0.0
2025-04-14 00:00:00,17.0,14.0,13.0,1.0,1014.0,96.0,4.0,0.0,0.0
2025-04-14 01:00:00,17.0,15.0,13.0,0.6,1013.0,96.0,2.0,0.0,0.0
2025-04-14 02:00:00,14.0,12.0,13.0,0.3,1013.0,94.0,7.0,0.0,0.0
2025-04-14 03:00:00,18.0,15.0,14.0,0.1,1013.0,92.0,13.0,0.0,0.0
2025-04-14 04:00:00,19.0,17.0,14.0,0.0,1013.0,91.0,13.0,0.0,0.0
2025-04-14 05:00:00,16.0,14.0,14.0,0.0,1013.0,92.0,10.0,0.0,0.0
2025-04-14 06:00:00,14.0,12.0,14.0,0.0,1014.0,93.0,7.0,0.0,0.0
2025-04-14 07:00:00,16.0,14.0,13.0,0.4,1015.0,92.0,2.0,0.0,0.0
2025-04-14 08:00:00,18.0,16.0,14.0,1.1,1015.0,90.0,6.0,0.0,0.0
2025-04-14 09:00:00,21.0,17.0,14.0,0.0,1015.0,91.0,3.0,0.0,0.0
2025-04-14 10:00:00,16.0,13.0,14.0,0.1,1015.0,93.0,6.0,0.0,0.0
2025-04-14 11:00:00,13.0,11.0,14.0,0.2,1014.0,93.0,6.0,0.0,0.0
2025-04-14 12:00:00,14.0,11.0,14.0,0.4,1014.0,94.0,8.0,0.0,0.0
2025-04-14 13:00:00,13.0,9.0,14.0,0.4,1013.0,94.0,7.0,0.0,0.0
2025-04-14 14:00:00,16.0,10.0,14.0,1.4,1012.0,96.0,5.0,0.0,0.0
2025-04-14 15:00:00,17.0,11.0,14.0,2.0,1012.0,95.0,1.0,0.0,0.0
2025-04-14 16:00:00,16.0,10.0,14.0,2.8,1011.0,95.0,3.0,0.0,0.0
2025-04-14 17:00:00,16.0,11.0,14.0,1.8,1011.0,96.0,0.0,0.0,0.0
2025-04-14 18:00:00,13.0,8.0,15.0,2.2,1011.0,95.0,6.0,0.0,0.0
2025-04-14 19:00:00,10.0,5.0,14.0,2.0,1011.0,93.0,10.0,0.0,0.0
2025-04-14 20:00:00,11.0,7.0,15.0,1.3,1010.0,90.0,13.0,0.0,0.0
2025-04-14 21:00:00,11.0,7.0,15.0,1.9,1009.0,89.0,15.0,0.0,0.0
2025-04-14 22:00:00,7.0,5.0,15.0,1.6,1008.0,88.0,19.0,0.0,0.0
2025-04-14 23:00:00,9.0,6.0,15.0,2.0,1008.0,88.0,21.0,0.0,0.0
2025-04-15 00:00:00,11.0,7.0,15.0,2.5,1007.0,90.0,17.0,0.0,0.0
2025-04-15 01:00:00,8.0,5.0,16.0,3.4,1006.0,90.0,15.0,0.0,0.0
2025-04-15 02:00:00,6.0,4.0,16.0,4.1,1006.0,87.0,29.0,0.0,0.0
2025-04-15 03:00:00,5.0,3.0,15.0,1.9,1005.0,86.0,32.0,0.0,0.0
2025-04-15 04:00:00,3.0,2.0,15.0,1.1,1004.0,87.0,36.0,0.0,0.0
2025-04-15 05:00:00,2.0,2.0,15.0,1.1,1004.0,86.0,36.0,0.0,0.0
2025-04-15 06:00:00,2.0,2.0,15.0,0.4,1004.0,87.0,33.0,0.0,0.0
2025-04-15 07:00:00,4.0,2.0,15.0,2.1,1005.0,86.0,27.0,0.0,0.0
2025-04-15 08:00:00,5.0,3.0,16.0,0.0,1005.0,86.0,27.0,0.0,0.0
2025-04-15 09:00:00,6.0,3.0,16.0,0.2,1005.0,86.0,25.0,0.0,0.0
2025-04-15 10:00:00,10.0,6.0,16.0,0.8,1006.0,88.0,21.0,0.0,0.0
2025-04-15 11:00:00,14.0,8.0,16.0,0.6,1007.0,90.0,23.0,0.0,0.0
2025-04-15 12:00:00,13.0,7.0,17.0,0.0,1008.0,87.0,20.0,0.0,0.0
2025-04-15 13:00:00,6.0,3.0,17.0,0.2,1008.0,88.0,17.0,0.0,0.0
2025-04-15 14:00:00,3.0,2.0,18.0,0.0,1008.0,84.0,15.0,0.0,0.0
2025-04-15 15:00:00,7.0,4.0,19.0,0.0,1008.0,83.0,21.0,0.0,0.0
2025-04-15 16:00:00,14.0,8.0,18.0,0.1,1008.0,82.0,24.0,0.0,0.0
2025-04-15 17:00:00,18.0,10.0,18.0,0.0,1009.0,83.0,23.0,0.0,0.0
2025-04-15 18:00:00,16.0,9.0,17.0,0.0,1009.0,85.0,23.0,0.0,0.0
2025-04-15 19:00:00,12.0,7.0,16.0,0.0,1010.0,87.0,19.0,0.0,0.0
2025-04-15 20:00:00,12.0,6.0,16.0,0.0,1011.0,87.0,17.0,0.0,0.0
2025-04-15 21:00:00,17.0,9.0,16.0,0.0,1012.0,88.0,18.0,0.0,0.0
2025-04-15 22:00:00,29.0,15.0,16.0,0.0,1012.0,87.0,21.0,0.0,0.0
2025-04-15 23:00:00,32.0,17.0,16.0,0.0,1013.0,88.0,21.0,0.0,0.0
2025-04-16 00:00:00,33.0,17.0,16.0,0.0,1013.0,88.0,21.0,0.0,0.0
2025-04-16 01:00:00,31.0,16.0,16.0,0.0,1013.0,87.0,22.0,0.0,0.0
2025-04-16 02:00:00,27.0,14.0,15.0,0.0,1013.0,87.0,23.0,0.0,0.0
2025-04-16 03:00:00,25.0,13.0,15.0,0.0,1013.0,84.0,23.0,0.0,0.0
2025-04-16 04:00:00,23.0,12.0,15.0,0.0,1013.0,83.0,26.0,0.0,0.0
2025-04-16 05:00:00,20.0,11.0,15.0,0.0,1013.0,81.0,26.0,0.0,0.0
2025-04-16 06:00:00,19.0,11.0,15.0,0.0,1014.0,80.0,26.0,0.0,0.0
2025-04-16 07:00:00,19.0,11.0,18.0,0.0,1014.0,64.0,28.0,0.0,0.0
2025-04-16 08:00:00,17.0,11.0,19.0,0.0,1013.0,63.0,28.0,0.0,0.0
2025-04-16 09:00:00,18.0,11.0,20.0,0.0,1013.0,62.0,30.0,0.0,0.0
2025-04-16 10:00:00,18.0,10.0,20.0,0.0,1013.0,64.0,30.0,0.0,0.0
2025-04-16 11:00:00,23.0,12.0,20.0,0.0,1013.0,66.0,26.0,0.0,0.0
2025-04-16 12:00:00,23.0,11.0,20.0,0.0,1013.0,69.0,26.0,0.0,0.0
2025-04-16 13:00:00,27.0,11.0,20.0,0.0,1012.0,70.0,26.0,0.0,0.0
2025-04-16 14:00:00,28.0,11.0,20.0,0.0,1012.0,73.0,25.0,0.0,0.0
2025-04-16 15:00:00,27.0,14.0,19.0,0.0,1011.0,74.0,24.0,0.0,0.0
2025-04-16 16:00:00,30.0,15.0,19.0,0.0,1011.0,72.0,22.0,0.0,0.0
2025-04-16 17:00:00,29.0,15.0,18.0,0.0,1010.0,74.0,18.0,0.0,0.0
2025-04-16 18:00:00,30.0,15.0,17.0,0.0,1010.0,72.0,19.0,0.0,0.0
2025-04-16 19:00:00,32.0,16.0,17.0,0.0,1010.0,76.0,11.0,0.0,0.0
2025-04-16 20:00:00,31.0,16.0,18.0,0.0,1010.0,72.0,25.0,0.0,0.0
2025-04-16 21:00:00,35.0,19.0,17.0,0.0,1010.0,68.0,32.0,0.0,0.0
2025-04-16 22:00:00,35.0,21.0,17.0,0.0,1010.0,65.0,38.0,0.0,0.0
2025-04-16 23:00:00,32.0,19.0,17.0,0.0,1009.0,62.0,41.0,0.0,0.0
2025-04-17 00:00:00,31.0,18.0,18.0,0.0,1009.0,59.0,45.0,0.0,0.0
2025-04-17 01:00:00,28.0,18.0,18.0,0.0,1008.0,56.0,47.0,0.0,0.0
2025-04-17 02:00:00,26.0,15.0,18.0,0.0,1008.0,52.0,44.0,0.0,0.0
2025-04-17 03:00:00,20.0,9.0,18.0,0.0,1008.0,56.0,32.0,0.0,0.0
2025-04-17 04:00:00,20.0,8.0,18.0,0.0,1007.0,59.0,14.0,0.0,0.0
2025-04-17 05:00:00,18.0,7.0,17.0,0.0,1008.0,64.0,10.0,0.0,0.0
2025-04-17 06:00:00,17.0,7.0,17.0,0.0,1008.0,62.0,12.0,0.0,0.0
2025-04-17 07:00:00,20.0,8.0,23.0,0.0,1007.0,32.0,19.0,0.0,0.0
2025-04-17 08:00:00,25.0,8.0,24.0,0.0,1007.0,33.0,30.0,0.0,0.0
2025-04-17 09:00:00,20.0,7.0,24.0,0.0,1007.0,34.0,31.0,0.0,0.0
2025-04-17 10:00:00,21.0,7.0,23.0,0.0,1007.0,40.0,33.0,0.0,0.0
2025-04-17 11:00:00,23.0,10.0,20.0,0.3,1008.0,59.0,32.0,0.0,0.0
2025-04-17 12:00:00,25.0,11.0,19.0,0.2,1008.0,67.0,30.0,0.0,0.0
2025-04-17 13:00:00,30.0,13.0,19.0,0.0,1008.0,66.0,27.0,0.0,0.0
2025-04-17 14:00:00,25.0,13.0,17.0,0.0,1009.0,66.0,30.0,0.0,0.0
2025-04-17 15:00:00,28.0,15.0,17.0,0.0,1009.0,66.0,28.0,0.0,0.0
2025-04-17 16:00:00,33.0,16.0,16.0,0.4,1009.0,76.0,19.0,0.0,0.0
2025-04-17 17:00:00,34.0,17.0,15.0,0.4,1009.0,82.0,19.0,0.0,0.0
2025-04-17 18:00:00,29.0,14.0,14.0,0.0,1010.0,82.0,15.0,0.0,0.0
2025-04-17 19:00:00,22.0,12.0,14.0,0.0,1011.0,81.0,14.0,0.0,0.0
2025-04-17 20:00:00,18.0,10.0,14.0,0.0,1011.0,80.0,12.0,0.0,0.0
2025-04-17 21:00:00,18.0,11.0,14.0,0.0,1011.0,81.0,12.0,0.0,0.0
2025-04-17 22:00:00,16.0,9.0,14.0,0.0,1012.0,81.0,14.0,0.0,0.0
2025-04-17 23:00:00,13.0,8.0,13.0,0.0,1012.0,82.0,12.0,0.0,0.0
2025-04-18 00:00:00,12.0,8.0,13.0,0.0,1012.0,83.0,10.0,0.0,0.0
2025-04-18 01:00:00,12.0,8.0,13.0,0.0,1012.0,81.0,10.0,0.0,0.0
2025-04-18 02:00:00,13.0,8.0,13.0,0.0,1012.0,80.0,10.0,0.0,0.0
2025-04-18 03:00:00,12.0,7.0,13.0,0.0,1012.0,79.0,9.0,0.0,0.0
2025-04-18 04:00:00,11.0,7.0,12.0,0.0,1012.0,77.0,7.0,0.0,0.0
2025-04-18 05:00:00,12.0,7.0,12.0,0.0,1012.0,76.0,6.0,0.0,0.0
2025-04-18 06:00:00,12.0,7.0,13.0,0.0,1012.0,74.0,5.0,0.0,0.0
2025-04-18 07:00:00,12.0,7.0,14.0,0.1,1012.0,83.0,13.0,0.0,0.0
2025-04-18 08:00:00,14.0,8.0,15.0,0.0,1012.0,78.0,14.0,0.0,0.0
2025-04-18 09:00:00,14.0,7.0,16.0,0.0,1012.0,72.0,13.0,0.0,0.0
2025-04-18 10:00:00,17.0,8.0,17.0,0.0,1013.0,70.0,13.0,0.0,0.0
2025-04-18 11:00:00,15.0,7.0,17.0,0.0,1013.0,67.0,14.0,0.0,0.0
2025-04-18 12:00:00,14.0,7.0,18.0,0.0,1013.0,64.0,17.0,0.0,0.0
2025-04-18 13:00:00,15.0,7.0,17.0,0.0,1013.0,63.0,20.0,0.0,0.0
2025-04-18 14:00:00,12.0,6.0,17.0,0.0,1013.0,63.0,21.0,0.0,0.0
2025-04-18 15:00:00,10.0,5.0,17.0,0.0,1013.0,61.0,19.0,0.0,0.0
2025-04-18 16:00:00,7.0,4.0,17.0,0.0,1013.0,63.0,17.0,0.0,0.0
2025-04-18 17:00:00,5.0,3.0,16.0,0.0,1013.0,67.0,16.0,0.0,0.0
2025-04-18 18:00:00,6.0,4.0,14.0,0.0,1014.0,70.0,14.0,0.0,0.0
2025-04-18 19:00:00,8.0,4.0,13.0,0.0,1014.0,81.0,5.0,0.0,0.0
2025-04-18 20:00:00,6.0,3.0,13.0,0.0,1014.0,82.0,5.0,0.0,0.0
2025-04-18 21:00:00,5.0,3.0,12.0,0.0,1015.0,82.0,4.0,0.0,0.0
2025-04-18 22:00:00,5.0,3.0,12.0,0.0,1015.0,82.0,6.0,0.0,0.0
2025-04-18 23:00:00,6.0,4.0,11.0,0.0,1015.0,83.0,7.0,0.0,0.0
2025-04-19 00:00:00,8.0,4.0,11.0,0.0,1015.0,83.0,7.0,0.0,0.0
2025-04-19 01:00:00,7.0,4.0,11.0,0.0,1015.0,80.0,7.0,0.0,0.0
2025-04-19 02:00:00,8.0,4.0,11.0,0.0,1015.0,80.0,7.0,0.0,0.0
2025-04-19 03:00:00,7.0,4.0,11.0,0.0,1015.0,81.0,7.0,0.0,0.0
2025-04-19 04:00:00,8.0,4.0,11.0,0.0,1014.0,82.0,7.0,0.0,0.0
2025-04-19 05:00:00,8.0,4.0,12.0,0.0,1015.0,82.0,6.0,0.0,0.0
2025-04-19 06:00:00,8.0,4.0,12.0,0.0,1015.0,80.0,5.0,0.0,0.0
2025-04-19 07:00:00,8.0,4.0,16.0,0.0,1015.0,67.0,1.0,0.0,0.0
2025-04-19 08:00:00,9.0,5.0,18.0,0.0,1015.0,63.0,2.0,0.0,0.0
2025-04-19 09:00:00,9.0,5.0,19.0,0.0,1015.0,58.0,6.0,0.0,0.0
2025-04-19 10:00:00,8.0,4.0,20.0,0.0,1015.0,54.0,15.0,0.0,0.0
2025-04-19 11:00:00,8.0,4.0,20.0,0.0,1015.0,50.0,19.0,0.0,0.0
2025-04-19 12:00:00,8.0,4.0,20.0,0.0,1015.0,51.0,23.0,0.0,0.0
2025-04-19 13:00:00,8.0,4.0,19.0,0.0,1014.0,51.0,21.0,0.0,0.0
2025-04-19 14:00:00,9.0,4.0,19.0,0.0,1014.0,49.0,21.0,0.0,0.0
2025-04-19 15:00:00,7.0,4.0,18.0,0.0,1014.0,50.0,18.0,0.0,0.0
2025-04-19 16:00:00,6.0,3.0,18.0,0.0,1014.0,55.0,14.0,0.0,0.0
2025-04-19 17:00:00,6.0,3.0,18.0,0.0,1014.0,56.0,14.0,0.0,0.0
2025-04-19 18:00:00,7.0,3.0,16.0,0.0,1014.0,58.0,14.0,0.0,0.0
2025-04-19 19:00:00,6.0,3.0,14.0,0.0,1014.0,73.0,4.0,0.0,0.0
2025-04-19 20:00:00,8.0,4.0,14.0,0.0,1014.0,75.0,4.0,0.0,0.0
2025-04-19 21:00:00,8.0,5.0,14.0,0.0,1014.0,75.0,4.0,0.0,0.0
2025-04-19 22:00:00,8.0,5.0,13.0,0.0,1014.0,73.0,5.0,0.0,0.0
2025-04-19 23:00:00,8.0,5.0,13.0,0.0,1014.0,72.0,7.0,0.0,0.0
2025-04-20 00:00:00,7.0,5.0,12.0,0.0,1014.0,73.0,6.0,0.0,0.0
2025-04-20 01:00:00,7.0,4.0,12.0,0.0,1014.0,73.0,5.0,0.0,0.0
2025-04-20 02:00:00,6.0,4.0,12.0,0.0,1013.0,73.0,4.0,0.0,0.0
2025-04-20 03:00:00,6.0,4.0,12.0,0.0,1013.0,73.0,3.0,0.0,0.0
2025-04-20 04:00:00,6.0,4.0,12.0,0.0,1013.0,73.0,2.0,0.0,0.0
2025-04-20 05:00:00,6.0,3.0,12.0,0.0,1013.0,73.0,4.0,0.0,0.0
2025-04-20 06:00:00,6.0,3.0,13.0,0.0,1013.0,72.0,3.0,0.0,0.0
2025-04-20 07:00:00,5.0,3.0,18.0,0.0,1013.0,66.0,6.0,0.0,0.0
2025-04-20 08:00:00,5.0,3.0,21.0,0.0,1013.0,61.0,6.0,0.0,0.0
2025-04-20 09:00:00,6.0,3.0,23.0,0.0,1013.0,56.0,6.0,0.0,0.0
2025-04-20 10:00:00,7.0,3.0,23.0,0.0,1013.0,55.0,8.0,0.0,0.0
2025-04-20 11:00:00,6.0,3.0,23.0,0.0,1013.0,51.0,14.0,0.0,0.0
2025-04-20 12:00:00,7.0,3.0,22.0,0.0,1013.0,49.0,20.0,0.0,0.0
2025-04-20 13:00:00,5.0,3.0,22.0,0.0,1012.0,50.0,19.0,0.0,0.0
2025-04-20 14:00:00,7.0,4.0,21.0,0.0,1012.0,52.0,21.0,0.0,0.0
2025-04-20 15:00:00,8.0,4.0,20.0,0.0,1012.0,50.0,14.0,0.0,0.0
2025-04-20 16:00:00,8.0,4.0,20.0,0.0,1012.0,53.0,13.0,0.0,0.0
2025-04-20 17:00:00,7.0,4.0,19.0,0.0,1012.0,56.0,11.0,0.0,0.0
2025-04-20 18:00:00,8.0,4.0,17.0,0.0,1012.0,66.0,8.0,0.0,0.0
2025-04-20 19:00:00,8.0,4.0,15.0,0.0,1012.0,79.0,0.0,0.0,0.0
2025-04-20 20:00:00,8.0,4.0,15.0,0.0,1013.0,80.0,3.0,0.0,0.0
2025-04-20 21:00:00,9.0,4.0,14.0,0.0,1013.0,78.0,6.0,0.0,0.0
2025-04-20 22:00:00,11.0,7.0,14.0,0.0,1013.0,81.0,4.0,0.0,0.0
2025-04-20 23:00:00,12.0,8.0,14.0,0.0,1013.0,83.0,3.0,0.0,0.0
2025-04-21 00:00:00,11.0,6.0,14.0,0.0,1012.0,86.0,1.0,0.0,0.0
2025-04-21 01:00:00,9.0,6.0,14.0,0.0,1012.0,81.0,3.0,0.0,0.0
2025-04-21 02:00:00,7.0,5.0,13.0,0.0,1012.0,83.0,3.0,0.0,0.0
2025-04-21 03:00:00,8.0,5.0,13.0,0.0,1012.0,86.0,0.0,0.0,0.0
2025-04-21 04:00:00,8.0,5.0,13.0,0.0,1012.0,86.0,4.0,0.0,0.0
2025-04-21 05:00:00,8.0,5.0,13.0,0.0,1012.0,85.0,4.0,0.0,0.0
2025-04-21 06:00:00,7.0,4.0,14.0,0.0,1012.0,82.0,2.0,0.0,0.0
2025-04-21 07:00:00,8.0,5.0,16.0,0.0,1012.0,68.0,1.0,0.0,0.0
2025-04-21 08:00:00,8.0,5.0,17.0,0.0,1013.0,65.0,4.0,0.0,0.0
2025-04-21 09:00:00,10.0,5.0,18.0,0.0,1013.0,63.0,7.0,0.0,0.0
2025-04-21 10:00:00,9.0,6.0,18.0,0.0,1013.0,63.0,4.0,0.0,0.0
2025-04-21 11:00:00,10.0,5.0,18.0,0.0,1013.0,61.0,5.0,0.0,0.0
2025-04-21 12:00:00,8.0,5.0,18.0,0.0,1013.0,62.0,8.0,0.0,0.0
2025-04-21 13:00:00,8.0,5.0,18.0,0.0,1013.0,64.0,8.0,0.0,0.0
2025-04-21 14:00:00,7.0,4.0,18.0,0.0,1012.0,65.0,5.0,0.0,0.0
2025-04-21 15:00:00,7.0,4.0,18.0,0.0,1012.0,66.0,5.0,0.0,0.0
2025-04-21 16:00:00,7.0,4.0,18.0,0.0,1012.0,67.0,7.0,0.0,0.0
2025-04-21 17:00:00,8.0,4.0,17.0,0.0,1012.0,69.0,1.0,0.0,0.0
2025-04-21 18:00:00,11.0,6.0,16.0,0.0,1012.0,82.0,1.0,0.0,0.0
2025-04-21 19:00:00,12.0,6.0,15.0,0.0,1012.0,85.0,1.0,0.0,0.0
2025-04-21 20:00:00,10.0,6.0,15.0,0.0,1012.0,86.0,1.0,0.0,0.0
2025-04-21 21:00:00,11.0,7.0,14.0,0.0,1013.0,86.0,3.0,0.0,0.0
2025-04-21 22:00:00,15.0,9.0,14.0,0.0,1013.0,87.0,3.0,0.0,0.0
2025-04-21 23:00:00,14.0,9.0,14.0,0.0,1014.0,87.0,2.0,0.0,0.0
2025-04-22 00:00:00,13.0,10.0,14.0,0.0,1013.0,88.0,1.0,0.0,0.0
2025-04-22 01:00:00,13.0,10.0,14.0,0.0,1013.0,88.0,3.0,0.0,0.0
2025-04-22 02:00:00,11.0,7.0,14.0,0.0,1013.0,89.0,1.0,0.0,0.0
2025-04-22 03:00:00,13.0,9.0,14.0,0.0,1013.0,87.0,2.0,0.0,0.0
2025-04-22 04:00:00,12.0,7.0,13.0,0.0,1013.0,88.0,2.0,0.0,0.0
2025-04-22 05:00:00,12.0,8.0,13.0,0.0,1013.0,89.0,3.0,0.0,0.0
2025-04-22 06:00:00,12.0,8.0,14.0,0.0,1014.0,88.0,1.0,0.0,0.0
2025-04-22 07:00:00,14.0,9.0,18.0,0.0,1014.0,90.0,4.0,0.0,0.0
2025-04-22 08:00:00,17.0,10.0,20.0,0.0,1014.0,81.0,1.0,0.0,0.0
2025-04-22 09:00:00,19.0,11.0,21.0,0.0,1014.0,78.0,6.0,0.0,0.0
2025-04-22 10:00:00,17.0,10.0,21.0,0.0,1015.0,77.0,9.0,0.0,0.0
2025-04-22 11:00:00,16.0,10.0,22.0,0.0,1015.0,65.0,10.0,0.0,0.0
2025-04-22 12:00:00,17.0,10.0,22.0,0.0,1015.0,62.0,8.0,0.0,0.0
2025-04-22 13:00:00,15.0,9.0,23.0,0.0,1015.0,58.0,8.0,0.0,0.0
2025-04-22 14:00:00,18.0,8.0,22.0,0.0,1015.0,62.0,6.0,0.0,0.0
2025-04-22 15:00:00,20.0,9.0,22.0,0.2,1014.0,65.0,11.0,0.0,0.0
2025-04-22 16:00:00,41.0,27.0,22.0,0.0,1014.0,65.0,14.0,0.0,0.0
2025-04-22 17:00:00,29.0,11.0,21.0,0.0,1014.0,66.0,15.0,0.0,0.0
2025-04-22 18:00:00,30.0,10.0,19.0,0.0,1014.0,75.0,8.0,0.0,0.0
2025-04-22 19:00:00,26.0,9.0,17.0,0.0,1015.0,82.0,3.0,0.0,0.0
2025-04-22 20:00:00,20.0,8.0,16.0,0.0,1015.0,83.0,4.0,0.0,0.0
2025-04-22 21:00:00,21.0,10.0,16.0,0.0,1016.0,84.0,4.0,0.0,0.0
2025-04-22 22:00:00,23.0,11.0,16.0,0.0,1016.0,83.0,5.0,0.0,0.0
2025-04-22 23:00:00,25.0,11.0,15.0,0.0,1016.0,84.0,4.0,0.0,0.0
2025-04-23 00:00:00,27.0,11.0,15.0,0.0,1015.0,85.0,4.0,0.0,0.0
2025-04-23 01:00:00,25.0,11.0,15.0,0.0,1015.0,85.0,3.0,0.0,0.0
2025-04-23 02:00:00,25.0,11.0,15.0,0.0,1015.0,84.0,3.0,0.0,0.0
2025-04-23 03:00:00,24.0,10.0,14.0,0.0,1015.0,84.0,4.0,0.0,0.0
2025-04-23 04:00:00,23.0,10.0,14.0,0.0,1014.0,83.0,3.0,0.0,0.0
2025-04-23 05:00:00,22.0,10.0,15.0,0.0,1015.0,82.0,3.0,0.0,0.0
2025-04-23 06:00:00,22.0,11.0,15.0,0.0,1015.0,82.0,3.0,0.0,0.0
2025-04-23 07:00:00,22.0,11.0,19.0,0.0,1014.0,76.0,13.0,0.0,0.0
2025-04-23 08:00:00,23.0,10.0,20.0,2.2,1015.0,73.0,14.0,0.0,0.0
2025-04-23 09:00:00,20.0,9.0,20.0,0.7,1015.0,74.0,13.0,0.0,0.0
2025-04-23 10:00:00,21.0,8.0,20.0,0.0,1015.0,72.0,10.0,0.0,0.0
2025-04-23 11:00:00,19.0,7.0,20.0,0.2,1015.0,75.0,11.0,0.0,0.0
2025-04-23 12:00:00,11.0,5.0,21.0,0.0,1014.0,73.0,13.0,0.0,0.0
2025-04-23 13:00:00,17.0,6.0,22.0,0.0,1013.0,70.0,11.0,0.0,0.0
2025-04-23 14:00:00,15.0,6.0,22.0,0.0,1012.0,67.0,8.0,0.0,0.0
2025-04-23 15:00:00,19.0,7.0,21.0,0.0,1012.0,66.0,13.0,0.0,0.0
2025-04-23 16:00:00,16.0,7.0,21.0,0.0,1012.0,66.0,8.0,0.0,0.0
2025-04-23 17:00:00,14.0,6.0,20.0,0.0,1011.0,68.0,6.0,0.0,0.0
2025-04-23 18:00:00,19.0,8.0,19.0,0.0,1012.0,79.0,3.0,0.0,0.0
2025-04-23 19:00:00,16.0,7.0,17.0,0.0,1012.0,86.0,1.0,0.0,0.0
2025-04-23 20:00:00,16.0,6.0,16.0,0.0,1012.0,88.0,1.0,0.0,0.0
2025-04-23 21:00:00,14.0,7.0,16.0,0.0,1012.0,90.0,1.0,0.0,0.0
2025-04-23 22:00:00,16.0,9.0,15.0,0.0,1012.0,92.0,1.0,0.0,0.0
2025-04-23 23:00:00,15.0,8.0,15.0,0.0,1011.0,93.0,2.0,0.0,0.0
2025-04-24 00:00:00,17.0,9.0,15.0,0.0,1011.0,93.0,2.0,0.0,0.0
2025-04-24 01:00:00,12.0,7.0,14.0,0.0,1010.0,92.0,1.0,0.0,0.0
2025-04-24 02:00:00,12.0,7.0,14.0,0.0,1010.0,91.0,1.0,0.0,0.0
2025-04-24 03:00:00,13.0,8.0,14.0,0.0,1010.0,92.0,2.0,0.0,0.0
2025-04-24 04:00:00,13.0,6.0,14.0,0.0,1010.0,92.0,1.0,0.0,0.0
2025-04-24 05:00:00,13.0,7.0,14.0,0.0,1010.0,92.0,1.0,0.0,0.0
2025-04-24 06:00:00,13.0,7.0,14.0,0.0,1011.0,94.0,9.0,0.0,0.0
2025-04-24 07:00:00,16.0,8.0,17.0,0.0,1010.0,70.0,3.0,0.0,0.0
2025-04-24 08:00:00,17.0,9.0,19.0,0.0,1010.0,68.0,12.0,0.0,0.0
2025-04-24 09:00:00,21.0,10.0,20.0,0.0,1010.0,64.0,11.0,0.0,0.0
2025-04-24 10:00:00,21.0,10.0,19.0,0.0,1010.0,68.0,9.0,0.0,0.0
2025-04-24 11:00:00,18.0,8.0,18.0,0.7,1011.0,82.0,6.0,0.0,0.0
2025-04-24 12:00:00,18.0,9.0,18.0,2.0,1010.0,85.0,3.0,0.0,0.0
2025-04-24 13:00:00,18.0,9.0,18.0,0.0,1010.0,84.0,8.0,0.0,0.0
2025-04-24 14:00:00,17.0,10.0,18.0,0.0,1010.0,81.0,12.0,0.0,0.0
2025-04-24 15:00:00,17.0,9.0,18.0,0.0,1010.0,83.0,1.0,0.0,0.0
2025-04-24 16:00:00,17.0,9.0,17.0,0.2,1010.0,88.0,5.0,0.0,0.0
2025-04-24 17:00:00,16.0,9.0,18.0,0.0,1010.0,88.0,3.0,0.0,0.0
2025-04-24 18:00:00,18.0,8.0,17.0,0.0,1010.0,83.0,8.0,0.0,0.0
2025-04-24 19:00:00,12.0,4.0,17.0,0.0,1010.0,80.0,11.0,0.0,0.0
2025-04-24 20:00:00,12.0,5.0,16.0,0.0,1011.0,81.0,10.0,0.0,0.0
2025-04-24 21:00:00,13.0,6.0,16.0,0.0,1011.0,83.0,8.0,0.0,0.0
2025-04-24 22:00:00,14.0,7.0,16.0,0.2,1011.0,82.0,12.0,0.0,0.0
2025-04-24 23:00:00,10.0,5.0,15.0,0.5,1011.0,86.0,13.0,0.0,0.0
2025-04-25 00:00:00,8.0,4.0,14.0,1.3,1011.0,90.0,10.0,0.0,0.0
2025-04-25 01:00:00,7.0,4.0,14.0,1.5,1011.0,92.0,7.0,0.0,0.0
2025-04-25 02:00:00,7.0,4.0,14.0,0.3,1011.0,91.0,7.0,0.0,0.0
2025-04-25 03:00:00,5.0,3.0,14.0,0.0,1011.0,87.0,10.0,0.0,0.0
2025-04-25 04:00:00,5.0,3.0,14.0,0.0,1011.0,85.0,11.0,0.0,0.0
2025-04-25 05:00:00,6.0,3.0,14.0,0.0,1011.0,82.0,12.0,0.0,0.0
2025-04-25 06:00:00,5.0,2.0,14.0,0.0,1011.0,80.0,12.0,0.0,0.0
2025-04-25 07:00:00,4.0,2.0,16.0,1.4,1011.0,63.0,12.0,0.0,0.0
2025-04-25 08:00:00,4.0,2.0,16.0,0.0,1011.0,64.0,11.0,0.0,0.0
2025-04-25 09:00:00,5.0,2.0,18.0,0.0,1011.0,59.0,16.0,0.0,0.0
2025-04-25 10:00:00,9.0,3.0,18.0,0.5,1011.0,58.0,17.0,0.0,0.0
2025-04-25 11:00:00,9.0,2.0,17.0,0.4,1011.0,65.0,11.0,0.0,0.0
2025-04-25 12:00:00,7.0,2.0,17.0,0.7,1011.0,72.0,9.0,0.0,0.0
2025-04-25 13:00:00,4.0,2.0,18.0,0.0,1010.0,66.0,14.0,0.0,0.0
2025-04-25 14:00:00,4.0,2.0,18.0,0.0,1010.0,62.0,20.0,0.0,0.0
2025-04-25 15:00:00,5.0,2.0,18.0,0.0,1010.0,62.0,18.0,0.0,0.0
2025-04-25 16:00:00,6.0,2.0,17.0,0.0,1010.0,61.0,15.0,0.0,0.0
2025-04-25 17:00:00,4.0,2.0,17.0,0.0,1011.0,61.0,13.0,0.0,0.0
2025-04-25 18:00:00,5.0,2.0,16.0,0.0,1011.0,60.0,10.0,0.0,0.0
2025-04-25 19:00:00,4.0,2.0,15.0,0.0,1011.0,65.0,10.0,0.0,0.0
2025-04-25 20:00:00,4.0,2.0,15.0,0.0,1011.0,66.0,11.0,0.0,0.0
2025-04-25 21:00:00,2.0,2.0,15.0,0.0,1012.0,68.0,11.0,0.0,0.0
2025-04-25 22:00:00,2.0,2.0,15.0,0.0,1012.0,69.0,11.0,0.0,0.0
2025-04-25 23:00:00,2.0,2.0,14.0,0.0,1013.0,70.0,10.0,0.0,0.0
2025-04-26 00:00:00,2.0,2.0,14.0,0.0,1013.0,72.0,13.0,0.0,0.0
2025-04-26 01:00:00,2.0,2.0,14.0,0.0,1013.0,74.0,12.0,0.0,0.0
2025-04-26 02:00:00,2.0,2.0,14.0,0.0,1013.0,76.0,13.0,0.0,0.0
2025-04-26 03:00:00,2.0,2.0,13.0,0.0,1013.0,80.0,10.0,0.0,0.0
2025-04-26 04:00:00,3.0,2.0,13.0,0.1,1014.0,84.0,10.0,0.0,0.0
2025-04-26 05:00:00,3.0,2.0,13.0,0.0,1014.0,84.0,5.0,0.0,0.0
2025-04-26 06:00:00,4.0,2.0,13.0,0.0,1014.0,81.0,9.0,0.0,0.0
2025-04-26 07:00:00,4.0,2.0,13.0,0.0,1015.0,84.0,4.0,0.0,0.0
2025-04-26 08:00:00,3.0,2.0,14.0,0.0,1015.0,80.0,5.0,0.0,0.0
2025-04-26 09:00:00,3.0,2.0,16.0,0.0,1015.0,73.0,8.0,0.0,0.0
2025-04-26 10:00:00,5.0,3.0,17.0,0.1,1015.0,69.0,15.0,0.0,0.0
2025-04-26 11:00:00,5.0,2.0,18.0,0.1,1015.0,66.0,18.0,0.0,0.0
2025-04-26 12:00:00,4.0,2.0,18.0,0.0,1015.0,64.0,20.0,0.0,0.0
2025-04-26 13:00:00,4.0,2.0,19.0,0.0,1015.0,63.0,20.0,0.0,0.0
2025-04-26 14:00:00,5.0,2.0,19.0,0.0,1015.0,61.0,20.0,0.0,0.0
2025-04-26 15:00:00,4.0,2.0,18.0,0.0,1015.0,61.0,21.0,0.0,0.0
2025-04-26 16:00:00,3.0,2.0,18.0,0.0,1015.0,64.0,18.0,0.0,0.0
2025-04-26 17:00:00,3.0,2.0,17.0,0.0,1016.0,66.0,16.0,0.0,0.0
2025-04-26 18:00:00,3.0,2.0,16.0,0.0,1016.0,69.0,13.0,0.0,0.0
2025-04-26 19:00:00,3.0,2.0,16.0,0.0,1016.0,71.0,11.0,0.0,0.0
2025-04-26 20:00:00,4.0,2.0,16.0,0.0,1017.0,71.0,13.0,0.0,0.0
2025-04-26 21:00:00,3.0,2.0,16.0,0.0,1018.0,70.0,15.0,0.0,0.0
2025-04-26 22:00:00,4.0,3.0,16.0,0.0,1018.0,69.0,15.0,0.0,0.0
2025-04-26 23:00:00,3.0,2.0,15.0,0.0,1018.0,69.0,13.0,0.0,0.0
2025-04-27 00:00:00,2.0,2.0,15.0,0.0,1018.0,70.0,12.0,0.0,0.0
2025-04-27 01:00:00,3.0,2.0,15.0,0.0,1018.0,71.0,9.0,0.0,0.0
2025-04-27 02:00:00,5.0,3.0,15.0,0.0,1018.0,70.0,13.0,0.0,0.0
2025-04-27 03:00:00,7.0,4.0,15.0,0.0,1018.0,69.0,15.0,0.0,0.0
2025-04-27 04:00:00,8.0,5.0,14.0,0.0,1018.0,68.0,16.0,0.0,0.0
2025-04-27 05:00:00,9.0,5.0,14.0,0.0,1018.0,68.0,16.0,0.0,0.0
2025-04-27 06:00:00,11.0,5.0,15.0,0.0,1019.0,67.0,16.0,0.0,0.0
2025-04-27 07:00:00,10.0,5.0,17.0,0.0,1019.0,53.0,11.0,0.0,0.0
2025-04-27 08:00:00,10.0,5.0,19.0,0.0,1020.0,50.0,10.0,0.0,0.0
2025-04-27 09:00:00,11.0,6.0,20.0,0.0,1020.0,48.0,15.0,0.0,0.0
2025-04-27 10:00:00,12.0,6.0,21.0,0.0,1021.0,46.0,17.0,0.0,0.0
2025-04-27 11:00:00,12.0,6.0,23.0,0.0,1021.0,44.0,17.0,0.0,0.0
2025-04-27 12:00:00,13.0,6.0,23.0,0.0,1021.0,42.0,17.0,0.0,0.0
2025-04-27 13:00:00,12.0,6.0,23.0,0.0,1020.0,41.0,17.0,0.0,0.0
2025-04-27 14:00:00,14.0,5.0,23.0,0.0,1020.0,39.0,18.0,0.0,0.0
2025-04-27 15:00:00,11.0,5.0,22.0,0.0,1020.0,41.0,21.0,0.0,0.0
2025-04-27 16:00:00,11.0,5.0,21.0,0.0,1021.0,43.0,22.0,0.0,0.0
2025-04-27 17:00:00,11.0,5.0,20.0,0.0,1021.0,46.0,25.0,0.0,0.0
2025-04-27 18:00:00,12.0,6.0,18.0,0.0,1022.0,46.0,25.0,0.0,0.0
2025-04-27 19:00:00,13.0,6.0,17.0,0.0,1022.0,51.0,15.0,0.0,0.0
2025-04-27 20:00:00,12.0,5.0,16.0,0.0,1023.0,54.0,10.0,0.0,0.0
2025-04-27 21:00:00,12.0,5.0,16.0,0.0,1023.0,58.0,9.0,0.0,0.0
2025-04-27 22:00:00,11.0,5.0,15.0,0.0,1024.0,60.0,9.0,0.0,0.0
2025-04-27 23:00:00,11.0,5.0,15.0,0.0,1024.0,62.0,8.0,0.0,0.0
2025-04-28 00:00:00,12.0,5.0,15.0,0.0,1024.0,64.0,8.0,0.0,0.0
2025-04-28 01:00:00,11.0,6.0,14.0,0.0,1023.0,65.0,7.0,0.0,0.0
2025-04-28 02:00:00,10.0,5.0,14.0,0.0,1023.0,66.0,6.0,0.0,0.0
2025-04-28 03:00:00,12.0,5.0,14.0,0.0,1023.0,66.0,5.0,0.0,0.0
2025-04-28 04:00:00,10.0,6.0,14.0,0.0,1023.0,66.0,5.0,0.0,0.0
2025-04-28 05:00:00,10.0,5.0,14.0,0.0,1024.0,67.0,5.0,0.0,0.0
2025-04-28 06:00:00,10.0,5.0,15.0,0.0,1024.0,66.0,5.0,0.0,0.0
2025-04-28 07:00:00,10.0,5.0,19.0,0.0,1024.0,50.0,4.0,0.0,0.0
2025-04-28 08:00:00,10.0,6.0,22.0,0.0,1024.0,47.0,3.0,0.0,0.0
2025-04-28 09:00:00,12.0,6.0,23.0,0.0,1024.0,43.0,4.0,0.0,0.0
2025-04-28 10:00:00,13.0,7.0,24.0,0.0,1024.0,42.0,4.0,0.0,0.0
2025-04-28 11:00:00,13.0,7.0,24.0,0.0,1024.0,43.0,8.0,0.0,0.0
2025-04-28 12:00:00,12.0,7.0,22.0,0.0,1024.0,51.0,14.0,0.0,0.0
2025-04-28 13:00:00,13.0,8.0,21.0,0.0,1023.0,55.0,8.0,0.0,0.0
2025-04-28 14:00:00,15.0,9.0,22.0,0.0,1023.0,53.0,8.0,0.0,0.0
2025-04-28 15:00:00,14.0,8.0,21.0,0.0,1023.0,52.0,8.0,0.0,0.0
2025-04-28 16:00:00,13.0,7.0,21.0,0.0,1023.0,53.0,8.0,0.0,0.0
2025-04-28 17:00:00,14.0,7.0,20.0,0.0,1023.0,55.0,5.0,0.0,0.0
2025-04-28 18:00:00,15.0,8.0,19.0,0.0,1023.0,71.0,3.0,0.0,0.0
2025-04-28 19:00:00,19.0,8.0,17.0,0.0,1024.0,76.0,1.0,0.0,0.0
2025-04-28 20:00:00,16.0,8.0,16.0,0.0,1024.0,77.0,1.0,0.0,0.0
2025-04-28 21:00:00,18.0,9.0,16.0,0.0,1024.0,78.0,1.0,0.0,0.0
2025-04-28 22:00:00,18.0,10.0,16.0,0.0,1025.0,77.0,4.0,0.0,0.0
2025-04-28 23:00:00,17.0,9.0,15.0,0.0,1024.0,76.0,4.0,0.0,0.0
2025-04-29 00:00:00,18.0,10.0,15.0,0.0,1024.0,71.0,5.0,0.0,0.0
2025-04-29 01:00:00,15.0,10.0,15.0,0.0,1024.0,69.0,5.0,0.0,0.0
2025-04-29 02:00:00,14.0,9.0,15.0,0.0,1024.0,69.0,5.0,0.0,0.0
2025-04-29 03:00:00,12.0,8.0,14.0,0.0,1024.0,70.0,5.0,0.0,0.0
2025-04-29 04:00:00,12.0,9.0,14.0,0.0,1023.0,70.0,6.0,0.0,0.0
2025-04-29 05:00:00,13.0,10.0,14.0,0.0,1024.0,72.0,5.0,0.0,0.0
2025-04-29 06:00:00,13.0,10.0,16.0,0.0,1024.0,72.0,3.0,0.0,0.0
2025-04-29 07:00:00,15.0,11.0,20.0,0.0,1024.0,58.0,6.0,0.0,0.0
2025-04-29 08:00:00,16.0,12.0,22.0,0.0,1024.0,54.0,4.0,0.0,0.0
2025-04-29 09:00:00,17.0,12.0,23.0,0.0,1023.0,48.0,5.0,0.0,0.0
2025-04-29 10:00:00,18.0,11.0,24.0,0.0,1023.0,44.0,3.0,0.0,0.0
2025-04-29 11:00:00,17.0,11.0,24.0,0.0,1022.0,45.0,4.0,0.0,0.0
2025-04-29 12:00:00,18.0,12.0,23.0,0.0,1022.0,51.0,9.0,0.0,0.0
2025-04-29 13:00:00,18.0,12.0,22.0,0.0,1022.0,54.0,15.0,0.0,0.0
2025-04-29 14:00:00,14.0,10.0,22.0,0.0,1021.0,53.0,13.0,0.0,0.0
2025-04-29 15:00:00,13.0,8.0,21.0,0.0,1021.0,52.0,12.0,0.0,0.0
2025-04-29 16:00:00,12.0,7.0,20.0,0.0,1021.0,53.0,10.0,0.0,0.0
2025-04-29 17:00:00,12.0,7.0,20.0,0.0,1021.0,54.0,5.0,0.0,0.0
2025-04-29 18:00:00,14.0,9.0,18.0,0.0,1022.0,71.0,2.0,0.0,0.0
2025-04-29 19:00:00,17.0,11.0,17.0,0.0,1022.0,72.0,1.0,0.0,0.0
2025-04-29 20:00:00,16.0,10.0,16.0,0.0,1022.0,72.0,3.0,0.0,0.0
2025-04-29 21:00:00,16.0,11.0,16.0,0.0,1022.0,71.0,4.0,0.0,0.0
2025-04-29 22:00:00,20.0,14.0,16.0,0.0,1023.0,70.0,5.0,0.0,0.0
2025-04-29 23:00:00,19.0,13.0,15.0,0.0,1022.0,70.0,4.0,0.0,0.0
2025-04-30 00:00:00,18.0,11.0,15.0,0.0,1022.0,70.0,4.0,0.0,0.0
2025-04-30 01:00:00,14.0,9.0,15.0,0.0,1022.0,69.0,5.0,0.0,0.0
2025-04-30 02:00:00,12.0,8.0,15.0,0.0,1022.0,66.0,6.0,0.0,0.0
2025-04-30 03:00:00,12.0,8.0,15.0,0.0,1022.0,68.0,6.0,0.0,0.0
2025-04-30 04:00:00,14.0,8.0,15.0,0.0,1022.0,69.0,5.0,0.0,0.0
2025-04-30 05:00:00,13.0,8.0,15.0,0.0,1022.0,70.0,5.0,0.0,0.0
2025-04-30 06:00:00,13.0,8.0,16.0,0.0,1022.0,70.0,4.0,0.0,0.0
2025-04-30 07:00:00,13.0,8.0,20.0,0.0,1022.0,50.0,3.0,0.0,0.0
2025-04-30 08:00:00,12.0,7.0,21.0,0.0,1022.0,51.0,1.0,0.0,0.0
2025-04-30 09:00:00,16.0,7.0,22.0,0.0,1021.0,49.0,2.0,0.0,0.0
2025-04-30 10:00:00,28.0,9.0,23.0,0.0,1021.0,47.0,10.0,0.0,0.0
2025-04-30 11:00:00,12.0,6.0,23.0,0.0,1021.0,47.0,16.0,0.0,0.0
2025-04-30 12:00:00,16.0,7.0,24.0,0.0,1021.0,46.0,14.0,0.0,0.0
2025-04-30 13:00:00,15.0,7.0,23.0,0.0,1020.0,48.0,13.0,0.0,0.0
2025-04-30 14:00:00,14.0,6.0,22.0,0.0,1020.0,48.0,13.0,0.0,0.0
2025-04-30 15:00:00,16.0,7.0,22.0,0.0,1020.0,48.0,12.0,0.0,0.0
2025-04-30 16:00:00,15.0,7.0,22.0,0.0,1020.0,50.0,9.0,0.0,0.0
2025-04-30 17:00:00,12.0,6.0,20.0,0.0,1020.0,52.0,6.0,0.0,0.0
2025-04-30 18:00:00,21.0,13.0,19.0,0.0,1020.0,68.0,2.0,0.0,0.0
2025-04-30 19:00:00,14.0,8.0,17.0,0.0,1020.0,70.0,4.0,0.0,0.0
2025-04-30 20:00:00,16.0,10.0,16.0,0.0,1021.0,69.0,4.0,0.0,0.0
2025-04-30 21:00:00,29.0,22.0,16.0,0.0,1021.0,66.0,3.0,0.0,0.0
2025-04-30 22:00:00,121.0,113.0,16.0,0.0,1021.0,67.0,2.0,0.0,0.0
2025-04-30 23:00:00,123.0,115.0,16.0,0.0,1021.0,65.0,4.0,0.0,0.0
2025-05-01 00:00:00,46.0,40.0,16.0,0.0,1021.0,65.0,5.0,0.0,0.0
2025-05-01 01:00:00,34.0,30.0,15.0,0.0,1021.0,66.0,4.0,0.0,0.0
2025-05-01 02:00:00,36.0,32.0,15.0,0.0,1020.0,69.0,3.0,0.0,0.0
2025-05-01 03:00:00,27.0,23.0,15.0,0.0,1020.0,71.0,3.0,0.0,0.0
2025-05-01 04:00:00,20.0,16.0,14.0,0.0,1020.0,72.0,2.0,0.0,0.0
2025-05-01 05:00:00,18.0,13.0,15.0,0.0,1021.0,72.0,3.0,0.0,0.0
2025-05-01 06:00:00,18.0,12.0,16.0,0.0,1021.0,73.0,3.0,0.0,0.0
2025-05-01 07:00:00,18.0,12.0,20.0,0.0,1020.0,60.0,2.0,0.0,0.0
2025-05-01 08:00:00,19.0,13.0,22.0,0.0,1020.0,53.0,4.0,0.0,0.0
2025-05-01 09:00:00,21.0,15.0,23.0,0.0,1020.0,50.0,4.0,0.0,0.0
2025-05-01 10:00:00,28.0,13.0,22.0,0.0,1021.0,57.0,6.0,0.0,0.0
2025-05-01 11:00:00,20.0,12.0,22.0,0.0,1020.0,53.0,12.0,0.0,0.0
2025-05-01 12:00:00,16.0,10.0,23.0,0.0,1020.0,52.0,14.0,0.0,0.0
2025-05-01 13:00:00,19.0,11.0,23.0,0.0,1020.0,51.0,16.0,0.0,0.0
2025-05-01 14:00:00,16.0,9.0,22.0,0.0,1020.0,53.0,14.0,0.0,0.0
2025-05-01 15:00:00,14.0,8.0,22.0,0.0,1020.0,52.0,12.0,0.0,0.0
2025-05-01 16:00:00,14.0,8.0,21.0,0.0,1020.0,53.0,7.0,0.0,0.0
2025-05-01 17:00:00,13.0,8.0,20.0,0.0,1020.0,61.0,1.0,0.0,0.0
2025-05-01 18:00:00,14.0,8.0,19.0,0.0,1020.0,74.0,3.0,0.0,0.0
2025-05-01 19:00:00,13.0,8.0,17.0,0.0,1020.0,71.0,3.0,0.0,0.0
2025-05-01 20:00:00,13.0,8.0,17.0,0.0,1020.0,68.0,3.0,0.0,0.0
2025-05-01 21:00:00,14.0,9.0,16.0,0.0,1020.0,67.0,2.0,0.0,0.0
2025-05-01 22:00:00,20.0,14.0,16.0,0.0,1021.0,71.0,3.0,0.0,0.0
2025-05-01 23:00:00,18.0,13.0,16.0,0.0,1021.0,70.0,3.0,0.0,0.0
2025-05-02 00:00:00,17.0,12.0,16.0,0.0,1020.0,70.0,3.0,0.0,0.0
2025-05-02 01:00:00,20.0,13.0,16.0,0.0,1020.0,70.0,4.0,0.0,0.0
2025-05-02 02:00:00,20.0,13.0,15.0,0.0,1020.0,75.0,2.0,0.0,0.0
2025-05-02 03:00:00,16.0,11.0,15.0,0.0,1020.0,77.0,2.0,0.0,0.0
2025-05-02 04:00:00,15.0,10.0,15.0,0.0,1020.0,75.0,5.0,0.0,0.0
2025-05-02 05:00:00,16.0,11.0,15.0,0.0,1020.0,76.0,5.0,0.0,0.0
2025-05-02 06:00:00,16.0,11.0,16.0,0.0,1020.0,80.0,4.0,0.0,0.0
2025-05-02 07:00:00,16.0,10.0,20.0,0.0,1020.0,55.0,6.0,0.0,0.0
2025-05-02 08:00:00,17.0,10.0,23.0,0.0,1020.0,50.0,8.0,0.0,0.0
2025-05-02 09:00:00,19.0,12.0,24.0,0.0,1020.0,45.0,5.0,0.0,0.0
2025-05-02 10:00:00,19.0,10.0,25.0,0.0,1020.0,43.0,3.0,0.0,0.0
2025-05-02 11:00:00,15.0,8.0,26.0,0.0,1020.0,42.0,5.0,0.0,0.0
2025-05-02 12:00:00,18.0,10.0,25.0,0.0,1020.0,46.0,10.0,0.0,0.0
2025-05-02 13:00:00,20.0,13.0,25.0,0.0,1019.0,51.0,14.0,0.0,0.0
2025-05-02 14:00:00,19.0,14.0,25.0,0.0,1019.0,49.0,15.0,0.0,0.0
2025-05-02 15:00:00,20.0,14.0,24.0,0.0,1018.0,50.0,15.0,0.0,0.0
2025-05-02 16:00:00,17.0,12.0,23.0,0.0,1018.0,54.0,10.0,0.0,0.0
2025-05-02 17:00:00,15.0,10.0,22.0,0.0,1018.0,66.0,3.0,0.0,0.0
2025-05-02 18:00:00,15.0,10.0,20.0,0.0,1018.0,77.0,3.0,0.0,0.0
2025-05-02 19:00:00,15.0,10.0,18.0,0.0,1018.0,76.0,2.0,0.0,0.0
2025-05-02 20:00:00,20.0,12.0,18.0,0.0,1018.0,75.0,4.0,0.0,0.0
2025-05-02 21:00:00,21.0,14.0,17.0,0.0,1019.0,72.0,5.0,0.0,0.0
2025-05-02 22:00:00,20.0,12.0,16.0,0.0,1019.0,71.0,5.0,0.0,0.0
2025-05-02 23:00:00,18.0,12.0,16.0,0.0,1019.0,71.0,5.0,0.0,0.0
2025-05-03 00:00:00,21.0,10.0,16.0,0.0,1019.0,72.0,4.0,0.0,0.0
2025-05-03 01:00:00,14.0,9.0,15.0,0.0,1018.0,69.0,4.0,0.0,0.0
2025-05-03 02:00:00,18.0,12.0,15.0,0.0,1018.0,67.0,5.0,0.0,0.0
2025-05-03 03:00:00,18.0,11.0,15.0,0.0,1018.0,68.0,5.0,0.0,0.0
2025-05-03 04:00:00,16.0,12.0,15.0,0.0,1017.0,69.0,5.0,0.0,0.0
2025-05-03 05:00:00,17.0,11.0,15.0,0.0,1017.0,72.0,4.0,0.0,0.0
2025-05-03 06:00:00,15.0,10.0,16.0,0.0,1017.0,75.0,3.0,0.0,0.0
2025-05-03 07:00:00,16.0,10.0,21.0,0.0,1016.0,56.0,7.0,0.0,0.0
2025-05-03 08:00:00,16.0,10.0,23.0,0.0,1016.0,53.0,11.0,0.0,0.0
2025-05-03 09:00:00,17.0,10.0,25.0,0.0,1016.0,50.0,8.0,0.0,0.0
2025-05-03 10:00:00,15.0,9.0,26.0,0.0,1016.0,56.0,14.0,0.0,0.0
2025-05-03 11:00:00,23.0,10.0,26.0,0.0,1015.0,57.0,20.0,0.0,0.0
2025-05-03 12:00:00,23.0,12.0,25.0,0.0,1015.0,56.0,20.0,0.0,0.0
2025-05-03 13:00:00,18.0,11.0,24.0,0.0,1014.0,55.0,21.0,0.0,0.0
2025-05-03 14:00:00,21.0,12.0,23.0,0.0,1014.0,56.0,22.0,0.0,0.0
2025-05-03 15:00:00,20.0,12.0,22.0,0.0,1014.0,57.0,21.0,0.0,0.0
2025-05-03 16:00:00,19.0,12.0,22.0,0.0,1013.0,58.0,18.0,0.0,0.0
2025-05-03 17:00:00,20.0,13.0,21.0,0.0,1013.0,61.0,14.0,0.0,0.0
2025-05-03 18:00:00,20.0,11.0,20.0,0.0,1012.0,57.0,15.0,0.0,0.0
2025-05-03 19:00:00,20.0,11.0,19.0,0.0,1012.0,60.0,8.0,0.0,0.0
2025-05-03 20:00:00,17.0,8.0,19.0,0.0,1012.0,61.0,8.0,0.0,0.0
2025-05-03 21:00:00,15.0,7.0,19.0,0.0,1012.0,61.0,9.0,0.0,0.0
2025-05-03 22:00:00,15.0,7.0,19.0,0.0,1012.0,58.0,14.0,0.0,0.0
2025-05-03 23:00:00,14.0,7.0,19.0,0.0,1012.0,61.0,11.0,0.0,0.0
2025-05-04 00:00:00,15.0,8.0,18.0,0.0,1011.0,64.0,8.0,0.0,0.0
2025-05-04 01:00:00,15.0,8.0,18.0,0.0,1011.0,66.0,6.0,0.0,0.0
2025-05-04 02:00:00,14.0,8.0,18.0,0.0,1011.0,64.0,9.0,0.0,0.0
2025-05-04 03:00:00,14.0,7.0,18.0,0.0,1010.0,61.0,14.0,0.0,0.0
2025-05-04 04:00:00,13.0,7.0,18.0,0.0,1010.0,72.0,18.0,0.0,0.0
2025-05-04 05:00:00,14.0,6.0,19.0,0.0,1010.0,72.0,18.0,0.0,0.0
2025-05-04 06:00:00,14.0,6.0,19.0,0.0,1010.0,70.0,19.0,0.0,0.0
2025-05-04 07:00:00,14.0,6.0,22.0,0.0,1010.0,53.0,5.0,0.0,0.0
2025-05-04 08:00:00,15.0,7.0,24.0,0.0,1010.0,52.0,5.0,0.0,0.0
2025-05-04 09:00:00,15.0,7.0,25.0,0.0,1009.0,46.0,9.0,0.0,0.0
2025-05-04 10:00:00,17.0,8.0,25.0,0.0,1009.0,45.0,13.0,0.0,0.0
2025-05-04 11:00:00,17.0,8.0,24.0,0.0,1009.0,44.0,17.0,0.0,0.0
2025-05-04 12:00:00,17.0,7.0,22.0,0.0,1008.0,55.0,18.0,0.0,0.0
2025-05-04 13:00:00,15.0,6.0,22.0,0.0,1008.0,54.0,18.0,0.0,0.0
2025-05-04 14:00:00,15.0,6.0,22.0,0.0,1008.0,56.0,18.0,0.0,0.0
2025-05-04 15:00:00,15.0,6.0,22.0,0.0,1007.0,58.0,16.0,0.0,0.0
2025-05-04 16:00:00,15.0,6.0,21.0,0.0,1006.0,61.0,13.0,0.0,0.0
2025-05-04 17:00:00,14.0,6.0,21.0,0.0,1006.0,63.0,12.0,0.0,0.0
2025-05-04 18:00:00,13.0,6.0,20.0,0.0,1006.0,68.0,19.0,0.0,0.0
2025-05-04 19:00:00,13.0,7.0,20.0,0.0,1006.0,63.0,17.0,0.0,0.0
2025-05-04 20:00:00,15.0,9.0,20.0,0.0,1007.0,62.0,19.0,0.0,0.0
2025-05-04 21:00:00,13.0,8.0,17.0,1.2,1007.0,92.0,4.0,0.0,0.0
2025-05-04 22:00:00,13.0,7.0,17.0,0.3,1007.0,93.0,9.0,0.0,0.0
2025-05-04 23:00:00,15.0,8.0,17.0,0.5,1006.0,93.0,4.0,0.0,0.0
2025-05-05 00:00:00,16.0,10.0,17.0,0.0,1005.0,87.0,8.0,0.0,0.0
2025-05-05 01:00:00,14.0,10.0,17.0,0.0,1005.0,87.0,20.0,0.0,0.0
2025-05-05 02:00:00,16.0,10.0,17.0,0.0,1004.0,87.0,22.0,0.0,0.0
2025-05-05 03:00:00,16.0,11.0,17.0,0.0,1004.0,86.0,24.0,0.0,0.0
2025-05-05 04:00:00,17.0,11.0,17.0,0.0,1003.0,86.0,24.0,0.0,0.0
2025-05-05 05:00:00,17.0,10.0,17.0,0.0,1003.0,85.0,27.0,0.0,0.0
2025-05-05 06:00:00,17.0,11.0,18.0,0.0,1004.0,83.0,26.0,0.0,0.0
2025-05-05 07:00:00,16.0,10.0,20.0,0.0,1005.0,68.0,19.0,0.0,0.0
2025-05-05 08:00:00,15.0,10.0,21.0,0.1,1005.0,65.0,21.0,0.0,0.0
2025-05-05 09:00:00,14.0,8.0,22.0,0.4,1005.0,64.0,20.0,0.0,0.0
2025-05-05 10:00:00,13.0,7.0,23.0,0.0,1005.0,62.0,14.0,0.0,0.0
2025-05-05 11:00:00,11.0,6.0,22.0,0.4,1005.0,72.0,15.0,0.0,0.0
2025-05-05 12:00:00,15.0,8.0,21.0,0.1,1005.0,74.0,16.0,0.0,0.0
2025-05-05 13:00:00,15.0,9.0,20.0,0.2,1005.0,82.0,12.0,0.0,0.0
2025-05-05 14:00:00,15.0,8.0,21.0,0.5,1004.0,82.0,17.0,0.0,0.0
2025-05-05 15:00:00,15.0,8.0,18.0,8.6,1005.0,88.0,2.0,0.0,0.0
2025-05-05 16:00:00,14.0,7.0,18.0,1.6,1005.0,86.0,10.0,0.0,0.0
2025-05-05 17:00:00,17.0,8.0,18.0,0.0,1005.0,84.0,10.0,0.0,0.0
2025-05-05 18:00:00,16.0,8.0,17.0,0.0,1006.0,91.0,8.0,0.0,0.0
2025-05-05 19:00:00,17.0,9.0,16.0,0.0,1006.0,91.0,1.0,0.0,0.0
2025-05-05 20:00:00,11.0,4.0,16.0,0.0,1006.0,94.0,6.0,0.0,0.0
2025-05-05 21:00:00,11.0,3.0,16.0,0.0,1006.0,94.0,2.0,0.0,0.0
2025-05-05 22:00:00,10.0,4.0,16.0,0.0,1007.0,94.0,3.0,0.0,0.0
2025-05-05 23:00:00,8.0,4.0,18.080566026572114,0.14734359209063808,1015.5364363114824,65.68579623674509,10.02936796006611,0.0,0.0
2025-05-06 00:00:00,6.0,2.0,18.422303444274974,0.15209227326386188,1015.1731377388193,65.01923636865763,10.245502610739209,0.0,0.0
2025-05-06 01:00:00,4.0,2.0,17.070010276696735,0.16084682543534434,1015.5811874995132,66.07060388362379,10.1521418341365,0.0,0.0
2025-05-06 02:00:00,5.0,2.0,17.746156860485826,0.15646954934960622,1015.3771626191663,65.54492012614082,10.198822222437855,0.0,0.0
2025-05-06 03:00:00,5.0,2.0,17.746156860485826,0.15646954934960622,1015.3771626191663,65.54492012614082,10.198822222437855,0.0,0.0
2025-05-06 04:00:00,6.0,3.0,17.57528815163448,0.15409520876299077,1015.5588119054978,65.87820006018433,10.090754897101306,0.0,0.0
2025-05-06 05:00:00,7.0,3.0,18.251434735423572,0.14971793267725086,1015.3547870251508,65.35251630270159,10.137435285402603,0.0,0.0
2025-05-06 06:00:00,6.0,4.0,16.728272858993876,0.15609814426212232,1015.9444860721763,66.73716375171102,9.936007183463403,0.0,0.0
2025-05-06 07:00:00,6.0,3.0,17.0,0.0,1009.0,73.0,9.0,0.0,0.0
2025-05-06 08:00:00,7.0,3.0,19.0,0.0,1009.0,70.0,8.0,0.0,0.0
2025-05-06 09:00:00,5.0,2.0,20.0,0.0,1009.0,67.0,7.0,0.0,0.0
2025-05-06 10:00:00,6.0,2.0,19.0,0.9,1009.0,71.0,12.0,0.0,0.0
2025-05-06 11:00:00,6.0,2.0,17.0,5.5,1009.0,80.0,7.0,0.0,0.0
2025-05-06 12:00:00,9.0,3.0,17.0,7.7,1010.0,84.0,10.0,0.0,0.0
2025-05-06 13:00:00,6.0,2.0,15.0,6.5,1010.0,91.0,11.0,0.0,0.0
2025-05-06 14:00:00,5.0,2.0,16.0,1.0,1010.0,88.0,14.0,0.0,0.0
2025-05-06 15:00:00,9.0,3.0,17.0,0.0,1009.0,80.0,9.0,0.0,0.0
2025-05-06 16:00:00,8.0,2.0,18.0,0.0,1009.0,76.0,6.0,0.0,0.0
2025-05-06 17:00:00,8.0,2.0,17.0,0.0,1010.0,76.0,8.0,0.0,0.0
2025-05-06 18:00:00,7.0,2.0,16.0,0.0,1010.0,83.0,2.0,0.0,0.0
2025-05-06 19:00:00,6.0,2.0,16.0,0.0,1010.0,81.0,4.0,0.0,0.0
2025-05-06 20:00:00,4.0,2.0,15.0,0.0,1011.0,83.0,4.0,0.0,0.0
2025-05-06 21:00:00,6.0,2.0,15.0,0.0,1011.0,83.0,5.0,0.0,0.0
2025-05-06 22:00:00,6.0,3.0,15.0,0.0,1012.0,82.0,9.0,0.0,0.0
2025-05-06 23:00:00,7.0,3.0,14.0,0.0,1012.0,80.0,12.0,0.0,0.0
2025-05-07 00:00:00,4.0,2.0,14.0,0.0,1012.0,80.0,13.0,0.0,0.0
2025-05-07 01:00:00,4.0,2.0,13.0,0.0,1012.0,86.0,12.0,0.0,0.0
2025-05-07 02:00:00,4.0,2.0,13.0,0.0,1012.0,86.0,13.0,0.0,0.0
2025-05-07 03:00:00,3.0,2.0,13.0,0.0,1012.0,84.0,13.0,0.0,0.0
2025-05-07 04:00:00,3.0,2.0,13.0,0.0,1012.0,82.0,11.0,0.0,0.0
2025-05-07 05:00:00,3.0,2.0,13.0,0.0,1012.0,81.0,9.0,0.0,0.0
2025-05-07 06:00:00,3.0,2.0,13.0,0.0,1013.0,81.0,13.0,0.0,0.0
2025-05-07 07:00:00,3.0,2.0,15.0,0.0,1013.0,70.0,7.0,0.0,0.0
2025-05-07 08:00:00,4.0,2.0,17.0,0.0,1013.0,64.0,6.0,0.0,0.0
2025-05-07 09:00:00,4.0,2.0,17.0,0.0,1013.0,64.0,3.0,0.0,0.0
2025-05-07 10:00:00,5.0,2.0,16.0,0.0,1013.0,71.0,3.0,0.0,0.0
2025-05-07 11:00:00,6.0,3.0,15.0,0.2,1013.0,81.0,6.0,0.0,0.0
2025-05-07 12:00:00,6.0,3.0,15.0,1.0,1013.0,89.0,3.0,0.0,0.0
2025-05-07 13:00:00,10.0,4.0,15.0,2.7,1012.0,91.0,4.0,0.0,0.0
2025-05-07 14:00:00,7.0,4.0,15.0,1.0,1012.0,91.0,8.0,0.0,0.0
2025-05-07 15:00:00,7.0,4.0,16.0,0.0,1011.0,85.0,7.0,0.0,0.0
2025-05-07 16:00:00,10.0,6.0,16.0,0.0,1011.0,87.0,10.0,0.0,0.0
2025-05-07 17:00:00,12.0,6.0,16.0,0.0,1010.0,86.0,11.0,0.0,0.0
2025-05-07 18:00:00,8.0,5.0,15.0,0.0,1010.0,85.0,9.0,0.0,0.0
2025-05-07 19:00:00,8.0,5.0,15.0,0.0,1011.0,90.0,3.0,0.0,0.0
2025-05-07 20:00:00,7.0,4.0,14.0,1.1,1010.0,93.0,6.0,0.0,0.0
2025-05-07 21:00:00,6.0,3.0,14.0,0.2,1010.0,95.0,6.0,0.0,0.0
2025-05-07 22:00:00,7.0,4.0,14.0,1.3,1010.0,94.0,3.0,0.0,0.0
2025-05-07 23:00:00,11.0,7.0,14.0,8.0,1010.0,93.0,6.0,0.0,0.0
2025-05-08 00:00:00,9.0,6.0,13.0,2.4,1010.0,95.0,8.0,0.0,0.0
2025-05-08 01:00:00,10.0,6.0,13.0,0.0,1009.0,92.0,7.0,0.0,0.0
2025-05-08 02:00:00,10.0,6.0,13.0,0.0,1009.0,92.0,7.0,0.0,0.0
2025-05-08 03:00:00,11.0,7.0,13.0,0.0,1009.0,90.0,3.0,0.0,0.0
2025-05-08 04:00:00,11.0,8.0,13.0,0.2,1009.0,90.0,8.0,0.0,0.0
2025-05-08 05:00:00,10.0,6.0,13.0,0.0,1009.0,87.0,11.0,0.0,0.0
2025-05-08 06:00:00,8.0,5.0,13.0,0.0,1010.0,84.0,8.0,0.0,0.0
2025-05-08 07:00:00,5.0,3.0,14.0,0.0,1010.0,75.0,4.0,0.0,0.0
2025-05-08 08:00:00,6.0,3.0,14.0,0.0,1010.0,74.0,12.0,0.0,0.0
2025-05-08 09:00:00,7.0,4.0,14.0,0.0,1011.0,73.0,15.0,0.0,0.0
2025-05-08 10:00:00,9.0,5.0,16.0,0.0,1011.0,68.0,18.0,0.0,0.0
2025-05-08 11:00:00,9.0,5.0,16.0,0.0,1011.0,65.0,18.0,0.0,0.0
2025-05-08 12:00:00,8.0,4.0,17.0,0.0,1011.0,64.0,11.0,0.0,0.0
2025-05-08 13:00:00,9.0,4.0,16.0,0.1,1011.0,74.0,9.0,0.0,0.0
2025-05-08 14:00:00,8.0,3.0,16.0,0.0,1011.0,78.0,10.0,0.0,0.0
2025-05-08 15:00:00,6.0,2.0,17.0,0.0,1011.0,74.0,6.0,0.0,0.0
2025-05-08 16:00:00,5.0,2.0,17.0,0.0,1011.0,73.0,6.0,0.0,0.0
2025-05-08 17:00:00,4.0,2.0,16.0,0.0,1011.0,72.0,6.0,0.0,0.0
2025-05-08 18:00:00,4.0,2.0,15.0,0.0,1012.0,78.0,6.0,0.0,0.0
2025-05-08 19:00:00,5.0,2.0,15.0,0.0,1012.0,80.0,4.0,0.0,0.0
2025-05-08 20:00:00,7.0,3.0,14.0,0.0,1013.0,79.0,3.0,0.0,0.0
2025-05-08 21:00:00,5.0,2.0,14.0,0.0,1013.0,79.0,5.0,0.0,0.0
2025-05-08 22:00:00,7.0,3.0,13.0,0.0,1014.0,83.0,7.0,0.0,0.0
2025-05-08 23:00:00,7.0,4.0,12.0,0.0,1014.0,87.0,8.0,0.0,0.0
2025-05-09 00:00:00,7.0,4.0,12.0,0.0,1014.0,85.0,7.0,0.0,0.0
2025-05-09 01:00:00,5.0,3.0,12.0,0.0,1014.0,82.0,7.0,0.0,0.0
2025-05-09 02:00:00,4.0,2.0,12.0,0.0,1014.0,81.0,5.0,0.0,0.0
2025-05-09 03:00:00,4.0,2.0,12.0,0.0,1014.0,80.0,6.0,0.0,0.0
2025-05-09 04:00:00,4.0,2.0,12.0,0.0,1014.0,79.0,6.0,0.0,0.0
2025-05-09 05:00:00,4.0,2.0,12.0,0.0,1014.0,79.0,6.0,0.0,0.0
2025-05-09 06:00:00,4.0,2.0,13.0,0.0,1015.0,76.0,6.0,0.0,0.0
2025-05-09 07:00:00,4.0,3.0,15.0,0.0,1015.0,70.0,5.0,0.0,0.0
2025-05-09 08:00:00,6.0,3.0,16.0,0.0,1015.0,66.0,5.0,0.0,0.0
2025-05-09 09:00:00,5.0,3.0,17.0,0.0,1015.0,62.0,5.0,0.0,0.0
2025-05-09 10:00:00,11.0,4.0,18.0,0.0,1015.0,58.0,4.0,0.0,0.0
2025-05-09 11:00:00,9.0,4.0,18.0,0.0,1015.0,59.0,2.0,0.0,0.0
2025-05-09 12:00:00,6.0,2.0,18.0,0.0,1015.0,69.0,8.0,0.0,0.0
2025-05-09 13:00:00,6.0,3.0,18.0,0.1,1015.0,73.0,9.0,0.0,0.0
2025-05-09 14:00:00,5.0,3.0,18.0,0.1,1015.0,73.0,7.0,0.0,0.0
2025-05-09 15:00:00,6.0,3.0,18.0,0.1,1015.0,71.0,12.0,0.0,0.0
2025-05-09 16:00:00,9.0,4.0,18.0,0.0,1015.0,72.0,19.0,0.0,0.0
2025-05-09 17:00:00,5.0,3.0,18.0,0.0,1015.0,70.0,15.0,0.0,0.0
2025-05-09 18:00:00,5.0,3.0,17.0,0.0,1016.0,68.0,13.0,0.0,0.0
2025-05-09 19:00:00,9.0,5.0,16.0,0.0,1016.0,70.0,13.0,0.0,0.0
2025-05-09 20:00:00,12.0,6.0,15.0,0.0,1017.0,70.0,11.0,0.0,0.0
2025-05-09 21:00:00,12.0,7.0,14.0,0.0,1018.0,70.0,9.0,0.0,0.0
2025-05-09 22:00:00,17.0,8.0,14.0,0.0,1018.0,70.0,9.0,0.0,0.0
2025-05-09 23:00:00,17.0,8.0,13.0,0.0,1018.0,70.0,9.0,0.0,0.0
2025-05-10 00:00:00,12.0,8.0,13.0,0.0,1018.0,70.0,10.0,0.0,0.0
2025-05-10 01:00:00,12.0,7.0,13.0,0.0,1018.0,69.0,10.0,0.0,0.0
2025-05-10 02:00:00,11.0,7.0,12.0,0.0,1018.0,69.0,9.0,0.0,0.0
2025-05-10 03:00:00,12.0,8.0,12.0,0.0,1018.0,68.0,9.0,0.0,0.0
2025-05-10 04:00:00,12.0,7.0,12.0,0.0,1019.0,67.0,8.0,0.0,0.0
2025-05-10 05:00:00,12.0,8.0,12.0,0.0,1019.0,68.0,7.0,0.0,0.0
2025-05-10 06:00:00,11.0,7.0,13.0,0.0,1020.0,65.0,6.0,0.0,0.0
2025-05-10 07:00:00,11.0,7.0,17.0,0.0,1019.0,53.0,7.0,0.0,0.0
2025-05-10 08:00:00,11.0,7.0,19.0,0.0,1019.0,48.0,7.0,0.0,0.0
2025-05-10 09:00:00,11.0,6.0,20.0,0.0,1019.0,44.0,5.0,0.0,0.0
2025-05-10 10:00:00,11.0,6.0,20.0,0.0,1019.0,42.0,4.0,0.0,0.0
2025-05-10 11:00:00,9.0,5.0,20.0,0.0,1019.0,46.0,7.0,0.0,0.0
2025-05-10 12:00:00,9.0,5.0,20.0,0.0,1018.0,50.0,12.0,0.0,0.0
2025-05-10 13:00:00,9.0,5.0,19.0,0.0,1018.0,51.0,14.0,0.0,0.0
2025-05-10 14:00:00,9.0,5.0,19.0,0.0,1017.0,52.0,15.0,0.0,0.0
2025-05-10 15:00:00,10.0,5.0,19.0,0.0,1017.0,56.0,15.0,0.0,0.0
2025-05-10 16:00:00,12.0,5.0,18.0,0.0,1017.0,61.0,12.0,0.0,0.0
2025-05-10 17:00:00,9.0,5.0,17.0,0.0,1017.0,64.0,8.0,0.0,0.0
2025-05-10 18:00:00,11.0,6.0,16.0,0.0,1017.0,77.0,1.0,0.0,0.0
2025-05-10 19:00:00,11.0,5.0,16.0,0.0,1018.0,72.0,4.0,0.0,0.0
2025-05-10 20:00:00,11.0,6.0,15.0,0.0,1018.0,75.0,5.0,0.0,0.0
2025-05-10 21:00:00,10.0,6.0,14.0,0.0,1018.0,74.0,6.0,0.0,0.0
2025-05-10 22:00:00,13.0,6.0,14.0,0.0,1018.0,70.0,4.0,0.0,0.0
2025-05-10 23:00:00,10.0,6.0,14.0,0.0,1018.0,69.0,3.0,0.0,0.0
2025-05-11 00:00:00,10.0,7.0,14.0,0.0,1018.0,68.0,4.0,0.0,0.0
2025-05-11 01:00:00,12.0,8.0,13.0,0.0,1017.0,70.0,7.0,0.0,0.0
2025-05-11 02:00:00,10.0,7.0,13.0,0.0,1017.0,71.0,7.0,0.0,0.0
2025-05-11 03:00:00,10.0,6.0,12.0,0.0,1016.0,73.0,5.0,0.0,0.0
2025-05-11 04:00:00,10.0,6.0,12.0,0.0,1016.0,74.0,4.0,0.0,0.0
2025-05-11 05:00:00,9.0,6.0,13.0,0.0,1016.0,74.0,4.0,0.0,0.0
2025-05-11 06:00:00,7.0,5.0,14.0,0.0,1016.0,70.0,4.0,0.0,0.0
2025-05-11 07:00:00,8.0,5.0,18.0,0.0,1015.0,57.0,2.0,0.0,0.0
2025-05-11 08:00:00,9.0,5.0,20.0,0.0,1015.0,56.0,1.0,0.0,0.0
2025-05-11 09:00:00,8.0,5.0,20.0,0.0,1015.0,54.0,2.0,0.0,0.0
2025-05-11 10:00:00,8.0,5.0,21.0,0.0,1015.0,52.0,7.0,0.0,0.0
2025-05-11 11:00:00,10.0,6.0,20.0,0.0,1014.0,57.0,10.0,0.0,0.0
2025-05-11 12:00:00,10.0,6.0,21.0,0.0,1014.0,51.0,13.0,0.0,0.0
2025-05-11 13:00:00,9.0,5.0,20.0,0.0,1013.0,54.0,14.0,0.0,0.0
2025-05-11 14:00:00,10.0,6.0,20.0,0.0,1013.0,54.0,13.0,0.0,0.0
2025-05-11 15:00:00,10.0,6.0,20.0,0.0,1012.0,54.0,12.0,0.0,0.0
2025-05-11 16:00:00,8.0,5.0,20.0,0.0,1012.0,52.0,9.0,0.0,0.0
2025-05-11 17:00:00,8.0,5.0,19.0,0.0,1012.0,51.0,1.0,0.0,0.0
2025-05-11 18:00:00,10.0,5.0,18.0,0.0,1012.0,72.0,1.0,0.0,0.0
2025-05-11 19:00:00,9.0,5.0,17.0,0.0,1012.0,82.0,1.0,0.0,0.0
2025-05-11 20:00:00,9.0,5.0,16.0,0.0,1013.0,78.0,2.0,0.0,0.0
2025-05-11 21:00:00,9.0,5.0,16.0,0.0,1013.0,63.0,1.0,0.0,0.0
2025-05-11 22:00:00,9.0,6.0,16.0,0.0,1013.0,64.0,3.0,0.0,0.0
2025-05-11 23:00:00,11.0,6.0,16.0,0.0,1013.0,62.0,3.0,0.0,0.0
2025-05-12 00:00:00,7.0,5.0,15.0,0.0,1012.0,68.0,5.0,0.0,0.0
2025-05-12 01:00:00,8.0,6.0,14.0,0.0,1012.0,74.0,6.0,0.0,0.0
2025-05-12 02:00:00,7.0,5.0,14.0,0.0,1012.0,73.0,5.0,0.0,0.0
2025-05-12 03:00:00,7.0,5.0,14.0,0.0,1011.0,73.0,5.0,0.0,0.0
2025-05-12 04:00:00,7.0,5.0,14.0,0.0,1011.0,73.0,6.0,0.0,0.0
2025-05-12 05:00:00,8.0,6.0,14.0,0.0,1011.0,75.0,5.0,0.0,0.0
2025-05-12 06:00:00,7.0,5.0,15.0,0.0,1011.0,74.0,4.0,0.0,0.0
2025-05-12 07:00:00,9.0,6.0,20.0,0.0,1011.0,58.0,3.0,0.0,0.0
2025-05-12 08:00:00,13.0,7.0,22.0,0.0,1011.0,51.0,1.0,0.0,0.0
2025-05-12 09:00:00,15.0,7.0,22.0,0.0,1011.0,50.0,5.0,0.0,0.0
2025-05-12 10:00:00,23.0,9.0,22.0,0.0,1011.0,48.0,6.0,0.0,0.0
2025-05-12 11:00:00,10.0,6.0,22.0,0.0,1011.0,49.0,7.0,0.0,0.0
2025-05-12 12:00:00,10.0,6.0,21.0,0.0,1011.0,53.0,10.0,0.0,0.0
2025-05-12 13:00:00,10.0,6.0,20.0,0.0,1010.0,56.0,10.0,0.0,0.0
2025-05-12 14:00:00,10.0,6.0,20.0,0.0,1011.0,56.0,4.0,0.0,0.0
2025-05-12 15:00:00,10.0,6.0,20.0,0.0,1010.0,58.0,3.0,0.0,0.0
2025-05-12 16:00:00,8.0,5.0,20.0,0.0,1011.0,59.0,15.0,0.0,0.0
2025-05-12 17:00:00,9.0,5.0,19.0,0.0,1011.0,69.0,19.0,0.0,0.0
2025-05-12 18:00:00,10.0,5.0,18.0,0.0,1011.0,64.0,15.0,0.0,0.0
2025-05-12 19:00:00,10.0,5.0,17.0,0.0,1012.0,76.0,16.0,0.0,0.0
2025-05-12 20:00:00,10.0,5.0,17.0,0.0,1012.0,74.0,11.0,0.0,0.0
2025-05-12 21:00:00,13.0,7.0,16.0,0.0,1013.0,75.0,5.0,0.0,0.0
2025-05-12 22:00:00,13.0,7.0,16.0,0.1,1013.0,75.0,8.0,0.0,0.0
2025-05-12 23:00:00,10.0,6.0,16.0,0.0,1013.0,68.0,16.0,0.0,0.0
2025-05-13 00:00:00,8.0,6.0,16.0,0.0,1014.0,58.0,10.0,0.0,0.0
2025-05-13 01:00:00,9.0,6.0,16.0,0.0,1014.0,55.0,13.0,0.0,0.0
2025-05-13 02:00:00,9.0,6.0,16.0,0.0,1014.0,52.0,17.0,0.0,0.0
2025-05-13 03:00:00,9.0,6.0,16.0,0.0,1014.0,54.0,17.0,0.0,0.0
2025-05-13 04:00:00,9.0,6.0,15.0,0.0,1014.0,54.0,10.0,0.0,0.0
2025-05-13 05:00:00,8.0,6.0,15.0,0.0,1014.0,59.0,8.0,0.0,0.0
2025-05-13 06:00:00,8.0,6.0,16.0,0.0,1014.0,59.0,10.0,0.0,0.0
2025-05-13 07:00:00,9.0,6.0,16.0,0.0,1015.0,59.0,5.0,0.0,0.0
2025-05-13 08:00:00,16.0,7.0,17.0,0.0,1015.0,56.0,3.0,0.0,0.0
2025-05-13 09:00:00,16.0,7.0,18.0,0.0,1015.0,56.0,5.0,0.0,0.0
2025-05-13 10:00:00,15.0,6.0,18.0,0.0,1016.0,61.0,13.0,0.0,0.0
2025-05-13 11:00:00,10.0,5.0,18.0,0.0,1016.0,60.0,15.0,0.0,0.0
2025-05-13 12:00:00,10.0,5.0,19.0,0.0,1015.0,59.0,13.0,0.0,0.0
2025-05-13 13:00:00,11.0,5.0,19.0,0.0,1015.0,62.0,13.0,0.0,0.0
2025-05-13 14:00:00,10.0,5.0,18.0,0.0,1015.0,66.0,11.0,0.0,0.0
2025-05-13 15:00:00,9.0,5.0,18.0,0.0,1015.0,67.0,12.0,0.0,0.0
2025-05-13 16:00:00,9.0,5.0,18.0,0.0,1015.0,69.0,9.0,0.0,0.0
2025-05-13 17:00:00,9.0,5.0,18.0,0.0,1015.0,72.0,4.0,0.0,0.0
2025-05-13 18:00:00,10.0,5.0,17.0,0.0,1015.0,78.0,0.0,0.0,0.0
2025-05-13 19:00:00,14.0,6.0,17.0,0.0,1016.0,77.0,1.0,0.0,0.0
2025-05-13 20:00:00,11.0,6.0,16.0,0.0,1016.0,75.0,1.0,0.0,0.0
2025-05-13 21:00:00,9.0,6.0,16.0,0.0,1016.0,68.0,5.0,0.0,0.0
2025-05-13 22:00:00,10.0,7.0,15.0,0.0,1017.0,68.0,6.0,0.0,0.0
2025-05-13 23:00:00,13.0,9.0,14.0,0.0,1017.0,69.0,7.0,0.0,0.0
2025-05-14 00:00:00,12.0,8.0,14.0,0.0,1017.0,68.0,6.0,0.0,0.0
2025-05-14 01:00:00,12.0,9.0,16.550075898525847,0.13984916524332291,1016.6487076234871,67.87787966444625,9.442350945081955,0.0,0.0
2025-05-14 02:00:00,11.0,8.0,16.72094460737725,0.14222350582993304,1016.4670583371555,67.54459973040252,9.550418270418561,0.0,0.0
2025-05-14 03:00:00,10.0,6.0,17.738828608869312,0.14259491091741605,1015.8997348841455,66.35235610483255,9.8132333093929,0.0,0.0
2025-05-14 04:00:00,7.0,5.0,16.55740415014236,0.15372380367551308,1016.126135358508,67.07044368575453,9.82793985812691,0.0,0.0
2025-05-14 05:00:00,7.0,5.0,16.55740415014236,0.15372380367551308,1016.126135358508,67.07044368575453,9.82793985812691,0.0,0.0
2025-05-14 06:00:00,7.0,5.0,16.55740415014236,0.15372380367551308,1016.126135358508,67.07044368575453,9.82793985812691,0.0,0.0
2025-05-14 07:00:00,8.0,4.0,20.0,0.0,1017.0,39.0,6.0,0.0,0.0
2025-05-14 08:00:00,9.0,5.0,21.0,0.0,1017.0,37.0,3.0,0.0,0.0
2025-05-14 09:00:00,14.0,6.0,22.0,0.0,1017.0,36.0,5.0,0.0,0.0
2025-05-14 10:00:00,17.0,6.0,22.0,0.0,1017.0,37.0,9.0,0.0,0.0
2025-05-14 11:00:00,15.0,6.0,21.0,0.0,1017.0,41.0,12.0,0.0,0.0
2025-05-14 12:00:00,14.0,6.0,21.0,0.0,1016.0,42.0,15.0,0.0,0.0
2025-05-14 13:00:00,14.0,6.0,21.0,0.0,1016.0,49.0,15.0,0.0,0.0
2025-05-14 14:00:00,13.0,5.0,21.0,0.0,1015.0,50.0,14.0,0.0,0.0
2025-05-14 15:00:00,10.0,5.0,21.0,0.0,1015.0,51.0,10.0,0.0,0.0
2025-05-14 16:00:00,8.0,5.0,20.0,0.0,1014.0,51.0,6.0,0.0,0.0
2025-05-14 17:00:00,11.0,6.0,20.0,0.0,1014.0,53.0,3.0,0.0,0.0
2025-05-14 18:00:00,11.0,6.0,19.0,0.0,1014.0,72.0,1.0,0.0,0.0
2025-05-14 19:00:00,10.0,6.0,18.0,0.0,1014.0,70.0,1.0,0.0,0.0
2025-05-14 20:00:00,12.0,7.0,17.0,0.0,1014.0,71.0,1.0,0.0,0.0
2025-05-14 21:00:00,12.0,7.0,17.0,0.0,1015.0,69.0,2.0,0.0,0.0
2025-05-14 22:00:00,12.0,7.0,16.0,0.0,1015.0,69.0,5.0,0.0,0.0
2025-05-14 23:00:00,12.0,7.0,15.0,0.0,1015.0,67.0,6.0,0.0,0.0
2025-05-15 00:00:00,12.0,9.0,15.0,0.0,1014.0,63.0,6.0,0.0,0.0
2025-05-15 01:00:00,10.0,7.0,15.0,0.0,1013.0,62.0,5.0,0.0,0.0
2025-05-15 02:00:00,9.0,6.0,15.0,0.0,1012.0,62.0,4.0,0.0,0.0
2025-05-15 03:00:00,9.0,6.0,14.0,0.0,1012.0,63.0,4.0,0.0,0.0
2025-05-15 04:00:00,8.0,6.0,14.0,0.0,1011.0,66.0,6.0,0.0,0.0
2025-05-15 05:00:00,10.0,7.0,14.0,0.0,1011.0,71.0,8.0,0.0,0.0
2025-05-15 06:00:00,8.0,5.0,15.0,0.0,1011.0,71.0,4.0,0.0,0.0
2025-05-15 07:00:00,10.0,6.0,21.0,0.0,1011.0,36.0,3.0,0.0,0.0
2025-05-15 08:00:00,10.0,6.0,23.0,0.0,1011.0,33.0,1.0,0.0,0.0
2025-05-15 09:00:00,22.0,7.0,24.0,0.0,1011.0,25.0,7.0,0.0,0.0
2025-05-15 10:00:00,8.0,4.0,25.0,0.0,1010.0,27.0,13.0,0.0,0.0
2025-05-15 11:00:00,9.0,5.0,24.0,0.0,1010.0,33.0,17.0,0.0,0.0
2025-05-15 12:00:00,12.0,6.0,24.0,0.0,1010.0,35.0,18.0,0.0,0.0
2025-05-15 13:00:00,12.0,6.0,23.0,0.0,1009.0,40.0,18.0,0.0,0.0
2025-05-15 14:00:00,11.0,6.0,23.0,0.0,1008.0,42.0,17.0,0.0,0.0
2025-05-15 15:00:00,10.0,6.0,22.0,0.0,1008.0,44.0,14.0,0.0,0.0
2025-05-15 16:00:00,10.0,6.0,22.0,0.0,1008.0,47.0,9.0,0.0,0.0
2025-05-15 17:00:00,11.0,7.0,20.0,0.0,1008.0,51.0,23.0,0.0,0.0
2025-05-15 18:00:00,13.0,7.0,18.0,0.0,1009.0,60.0,24.0,0.0,0.0
2025-05-15 19:00:00,13.0,8.0,15.0,1.6,1011.0,90.0,17.0,0.0,0.0
2025-05-15 20:00:00,13.0,8.0,14.0,2.7,1012.0,90.0,15.0,0.0,0.0
2025-05-15 21:00:00,21.0,9.0,13.0,0.2,1012.0,83.0,27.0,0.0,0.0
2025-05-15 22:00:00,10.0,5.0,13.0,0.0,1013.0,73.0,15.0,0.0,0.0
2025-05-15 23:00:00,5.0,2.0,13.0,0.0,1013.0,66.0,12.0,0.0,0.0
2025-05-16 00:00:00,4.0,2.0,13.0,0.0,1013.0,62.0,14.0,0.0,0.0
2025-05-16 01:00:00,8.0,4.0,13.0,0.0,1013.0,60.0,13.0,0.0,0.0
2025-05-16 02:00:00,10.0,4.0,12.0,0.0,1013.0,59.0,13.0,0.0,0.0
2025-05-16 03:00:00,9.0,4.0,12.0,0.0,1014.0,61.0,14.0,0.0,0.0
2025-05-16 04:00:00,9.0,4.0,12.0,0.0,1014.0,63.0,14.0,0.0,0.0
2025-05-16 05:00:00,8.0,3.0,12.0,0.0,1014.0,64.0,14.0,0.0,0.0
2025-05-16 06:00:00,8.0,4.0,13.0,0.0,1014.0,63.0,15.0,0.0,0.0
2025-05-16 07:00:00,8.0,4.0,16.0,0.0,1013.0,43.0,6.0,0.0,0.0
2025-05-16 08:00:00,9.0,4.0,17.0,0.0,1013.0,39.0,5.0,0.0,0.0
2025-05-16 09:00:00,10.0,4.0,18.0,0.0,1013.0,36.0,8.0,0.0,0.0
2025-05-16 10:00:00,10.0,4.0,18.0,0.0,1013.0,35.0,11.0,0.0,0.0
2025-05-16 11:00:00,9.0,3.0,19.0,0.0,1013.0,34.0,13.0,0.0,0.0
2025-05-16 12:00:00,8.0,3.0,19.0,0.0,1012.0,36.0,17.0,0.0,0.0
2025-05-16 13:00:00,8.0,2.0,20.0,0.0,1012.0,37.0,17.0,0.0,0.0
2025-05-16 14:00:00,7.0,2.0,20.0,0.0,1012.0,37.0,15.0,0.0,0.0
2025-05-16 15:00:00,7.0,2.0,20.0,0.0,1012.0,36.0,17.0,0.0,0.0
2025-05-16 16:00:00,8.0,3.0,19.0,0.0,1012.0,41.0,13.0,0.0,0.0
2025-05-16 17:00:00,7.0,2.0,18.0,0.0,1012.0,45.0,18.0,0.0,0.0
2025-05-16 18:00:00,5.0,2.0,17.0,0.0,1012.0,53.0,8.0,0.0,0.0
2025-05-16 19:00:00,5.0,2.0,16.0,0.0,1012.0,55.0,5.0,0.0,0.0
2025-05-16 20:00:00,5.0,2.0,15.0,0.0,1013.0,54.0,5.0,0.0,0.0
2025-05-16 21:00:00,5.0,2.0,15.0,0.0,1013.0,53.0,9.0,0.0,0.0
2025-05-16 22:00:00,5.0,2.0,13.0,0.3,1014.0,73.0,7.0,0.0,0.0
2025-05-16 23:00:00,7.0,3.0,13.0,0.0,1014.0,78.0,9.0,0.0,0.0
2025-05-17 00:00:00,6.0,3.0,12.0,0.0,1014.0,79.0,6.0,0.0,0.0
2025-05-17 01:00:00,5.0,3.0,12.0,0.0,1014.0,78.0,5.0,0.0,0.0
2025-05-17 02:00:00,5.0,3.0,12.0,0.0,1014.0,74.0,5.0,0.0,0.0
2025-05-17 03:00:00,3.0,2.0,12.0,0.0,1014.0,72.0,6.0,0.0,0.0
2025-05-17 04:00:00,4.0,2.0,12.0,0.0,1014.0,71.0,6.0,0.0,0.0
2025-05-17 05:00:00,4.0,2.0,12.0,0.0,1014.0,71.0,6.0,0.0,0.0
2025-05-17 06:00:00,3.0,2.0,14.0,0.0,1014.0,70.0,5.0,0.0,0.0
2025-05-17 07:00:00,3.0,2.0,16.0,0.0,1015.0,52.0,2.0,0.0,0.0
2025-05-17 08:00:00,5.0,3.0,17.0,0.0,1015.0,49.0,1.0,0.0,0.0
2025-05-17 09:00:00,4.0,2.0,18.0,0.0,1015.0,45.0,3.0,0.0,0.0
2025-05-17 10:00:00,5.0,2.0,19.0,0.0,1015.0,46.0,4.0,0.0,0.0
2025-05-17 11:00:00,6.0,3.0,19.0,0.0,1015.0,50.0,5.0,0.0,0.0
2025-05-17 12:00:00,5.0,3.0,19.0,0.0,1015.0,56.0,10.0,0.0,0.0
2025-05-17 13:00:00,10.0,3.0,18.0,0.0,1015.0,64.0,14.0,0.0,0.0
2025-05-17 14:00:00,6.0,2.0,18.0,0.0,1015.0,62.0,9.0,0.0,0.0
2025-05-17 15:00:00,6.0,2.0,18.0,0.0,1014.0,61.0,6.0,0.0,0.0
2025-05-17 16:00:00,5.0,2.0,18.0,0.0,1014.0,61.0,10.0,0.0,0.0
2025-05-17 17:00:00,5.0,2.0,18.0,0.0,1014.0,54.0,5.0,0.0,0.0
2025-05-17 18:00:00,4.0,2.0,18.0,0.0,1014.0,51.0,8.0,0.0,0.0
2025-05-17 19:00:00,5.0,2.0,17.0,0.0,1014.0,59.0,3.0,0.0,0.0
2025-05-17 20:00:00,4.0,2.0,16.0,0.0,1015.0,64.0,2.0,0.0,0.0
2025-05-17 21:00:00,7.0,3.0,15.0,0.0,1016.0,71.0,6.0,0.0,0.0
2025-05-17 22:00:00,6.0,3.0,15.0,0.0,1016.0,72.0,6.0,0.0,0.0
2025-05-17 23:00:00,7.0,4.0,14.0,0.0,1016.0,75.0,5.0,0.0,0.0
2025-05-18 00:00:00,6.0,4.0,14.0,0.0,1015.0,77.0,7.0,0.0,0.0
2025-05-18 01:00:00,6.0,3.0,14.0,0.0,1015.0,74.0,7.0,0.0,0.0
2025-05-18 02:00:00,4.0,3.0,14.0,0.0,1015.0,68.0,6.0,0.0,0.0
2025-05-18 03:00:00,4.0,2.0,15.0,0.0,1015.0,62.0,8.0,0.0,0.0
2025-05-18 04:00:00,4.0,2.0,15.0,0.0,1014.0,65.0,8.0,0.0,0.0
2025-05-18 05:00:00,4.0,2.0,15.0,0.0,1014.0,67.0,10.0,0.0,0.0
2025-05-18 06:00:00,3.0,2.0,16.0,0.0,1014.0,67.0,18.0,0.0,0.0
2025-05-18 07:00:00,3.0,2.0,19.0,0.0,1016.0,56.0,8.0,0.0,0.0
2025-05-18 08:00:00,4.0,2.0,21.0,0.0,1016.0,52.0,5.0,0.0,0.0
2025-05-18 09:00:00,4.0,2.0,22.0,0.0,1016.0,49.0,7.0,0.0,0.0
2025-05-18 10:00:00,6.0,3.0,22.0,0.0,1016.0,53.0,13.0,0.0,0.0
2025-05-18 11:00:00,6.0,3.0,22.0,0.0,1016.0,55.0,14.0,0.0,0.0
2025-05-18 12:00:00,6.0,3.0,22.0,0.0,1015.0,51.0,23.0,0.0,0.0
2025-05-18 13:00:00,10.0,5.0,22.0,0.0,1015.0,53.0,23.0,0.0,0.0
2025-05-18 14:00:00,14.0,9.0,22.0,0.0,1015.0,54.0,22.0,0.0,0.0
2025-05-18 15:00:00,14.0,10.0,22.0,0.0,1015.0,55.0,19.0,0.0,0.0
2025-05-18 16:00:00,12.0,8.0,21.0,0.0,1015.0,52.0,16.0,0.0,0.0
2025-05-18 17:00:00,10.0,6.0,21.0,0.0,1015.0,47.0,15.0,0.0,0.0
2025-05-18 18:00:00,11.0,6.0,20.0,0.0,1015.0,48.0,19.0,0.0,0.0
2025-05-18 19:00:00,11.0,6.0,18.0,0.0,1015.0,56.0,15.0,0.0,0.0
2025-05-18 20:00:00,8.0,4.0,18.0,0.0,1015.0,61.0,15.0,0.0,0.0
2025-05-18 21:00:00,7.0,4.0,18.0,0.0,1016.0,64.0,19.0,0.0,0.0
2025-05-18 22:00:00,8.0,4.0,18.0,0.0,1016.0,65.0,15.0,0.0,0.0
2025-05-18 23:00:00,9.0,4.0,18.0,0.0,1016.0,68.0,14.0,0.0,0.0
2025-05-19 00:00:00,8.0,4.0,18.0,0.0,1016.0,69.0,14.0,0.0,0.0
2025-05-19 01:00:00,9.0,5.0,17.0,0.0,1016.0,70.0,15.0,0.0,0.0
2025-05-19 02:00:00,7.0,4.0,17.0,0.0,1016.0,71.0,15.0,0.0,0.0
2025-05-19 03:00:00,7.0,4.0,17.0,0.0,1016.0,72.0,14.0,0.0,0.0
2025-05-19 04:00:00,9.0,5.0,17.0,0.0,1016.0,70.0,14.0,0.0,0.0
2025-05-19 05:00:00,9.0,6.0,18.0,0.0,1016.0,71.0,16.0,0.0,0.0
2025-05-19 06:00:00,10.0,6.0,18.0,0.0,1016.0,70.0,17.0,0.0,0.0
2025-05-19 07:00:00,11.0,6.0,21.0,0.0,1017.0,61.0,8.0,0.0,0.0
2025-05-19 08:00:00,11.0,7.0,23.0,0.0,1017.0,55.0,7.0,0.0,0.0
2025-05-19 09:00:00,12.0,7.0,24.0,0.0,1017.0,50.0,10.0,0.0,0.0
2025-05-19 10:00:00,12.0,7.0,24.0,0.0,1017.0,50.0,17.0,0.0,0.0
2025-05-19 11:00:00,14.0,8.0,24.0,0.0,1017.0,55.0,18.0,0.0,0.0
2025-05-19 12:00:00,18.0,11.0,24.0,0.0,1017.0,58.0,19.0,0.0,0.0
2025-05-19 13:00:00,17.0,10.0,23.0,0.0,1016.0,60.0,17.0,0.0,0.0
2025-05-19 14:00:00,16.0,9.0,23.0,0.0,1016.0,61.0,17.0,0.0,0.0
2025-05-19 15:00:00,14.0,8.0,22.0,0.0,1016.0,62.0,14.0,0.0,0.0
2025-05-19 16:00:00,14.0,8.0,22.0,0.0,1016.0,61.0,12.0,0.0,0.0
2025-05-19 17:00:00,16.0,9.0,22.0,0.0,1016.0,62.0,9.0,0.0,0.0
2025-05-19 18:00:00,22.0,10.0,20.0,0.0,1016.0,72.0,3.0,0.0,0.0
2025-05-19 19:00:00,19.0,10.0,18.0,0.0,1017.0,83.0,3.0,0.0,0.0
2025-05-19 20:00:00,15.0,9.0,18.0,0.0,1017.0,86.0,3.0,0.0,0.0
2025-05-19 21:00:00,16.0,10.0,17.0,0.0,1018.0,83.0,4.0,0.0,0.0
2025-05-19 22:00:00,19.0,11.0,16.0,0.0,1018.0,84.0,7.0,0.0,0.0
2025-05-19 23:00:00,20.0,12.0,16.0,0.0,1018.0,85.0,6.0,0.0,0.0
2025-05-20 00:00:00,16.0,11.0,16.0,0.0,1018.0,86.0,4.0,0.0,0.0
2025-05-20 01:00:00,12.0,8.0,16.0,0.0,1017.0,85.0,7.0,0.0,0.0
2025-05-20 02:00:00,12.0,8.0,16.0,0.0,1017.0,83.0,6.0,0.0,0.0
2025-05-20 03:00:00,10.0,7.0,16.0,0.0,1017.0,82.0,5.0,0.0,0.0
2025-05-20 04:00:00,10.0,7.0,16.0,0.0,1017.0,81.0,5.0,0.0,0.0
2025-05-20 05:00:00,9.0,6.0,17.0,0.0,1017.0,81.0,8.0,0.0,0.0
2025-05-20 06:00:00,10.0,7.0,17.0,0.0,1018.0,77.0,4.0,0.0,0.0
2025-05-20 07:00:00,11.0,6.0,23.0,0.0,1017.0,45.0,12.0,0.0,0.0
2025-05-20 08:00:00,9.0,5.0,24.0,0.0,1017.0,45.0,11.0,0.0,0.0
2025-05-20 09:00:00,10.0,5.0,25.0,0.0,1017.0,44.0,11.0,0.0,0.0
2025-05-20 10:00:00,11.0,6.0,26.0,0.0,1017.0,42.0,15.0,0.0,0.0
2025-05-20 11:00:00,14.0,6.0,25.0,0.5,1016.0,44.0,16.0,0.0,0.0
2025-05-20 12:00:00,16.0,7.0,25.0,0.0,1016.0,48.0,18.0,0.0,0.0
2025-05-20 13:00:00,15.0,7.0,25.0,0.0,1016.0,51.0,16.0,0.0,0.0
2025-05-20 14:00:00,13.0,7.0,24.0,0.0,1015.0,54.0,20.0,0.0,0.0
2025-05-20 15:00:00,15.0,8.0,23.0,0.0,1015.0,52.0,22.0,0.0,0.0
2025-05-20 16:00:00,16.0,9.0,22.0,0.0,1014.0,55.0,21.0,0.0,0.0
2025-05-20 17:00:00,11.0,6.0,22.0,0.0,1014.0,61.0,18.0,0.0,0.0
2025-05-20 18:00:00,11.0,6.0,21.0,0.0,1014.0,65.0,16.0,0.0,0.0
2025-05-20 19:00:00,16.0,7.0,19.0,0.0,1014.0,73.0,8.0,0.0,0.0
2025-05-20 20:00:00,18.0,7.0,19.0,0.0,1014.0,79.0,4.0,0.0,0.0
2025-05-20 21:00:00,12.0,7.0,18.0,0.0,1014.0,80.0,1.0,0.0,0.0
2025-05-20 22:00:00,12.0,7.0,18.0,0.0,1015.0,85.0,4.0,0.0,0.0
2025-05-20 23:00:00,13.0,8.0,17.0,0.8,1015.0,92.0,1.0,0.0,0.0
2025-05-21 00:00:00,13.0,9.0,17.0,6.4,1014.0,94.0,4.0,0.0,0.0
2025-05-21 01:00:00,12.0,8.0,16.0,1.5,1014.0,90.0,5.0,0.0,0.0
2025-05-21 02:00:00,12.0,9.0,16.0,0.6,1013.0,89.0,6.0,0.0,0.0
2025-05-21 03:00:00,10.0,7.0,16.0,0.2,1013.0,88.0,5.0,0.0,0.0
2025-05-21 04:00:00,10.0,7.0,16.0,0.1,1012.0,93.0,7.0,0.0,0.0
2025-05-21 05:00:00,10.0,7.0,16.0,0.1,1012.0,94.0,3.0,0.0,0.0
2025-05-21 06:00:00,12.0,8.0,16.0,0.0,1012.0,92.0,3.0,0.0,0.0
2025-05-21 07:00:00,11.0,7.0,19.0,0.0,1012.0,65.0,4.0,0.0,0.0
2025-05-21 08:00:00,12.0,7.0,20.0,0.0,1012.0,64.0,4.0,0.0,0.0
2025-05-21 09:00:00,12.0,7.0,20.0,0.5,1012.0,66.0,5.0,0.0,0.0
2025-05-21 10:00:00,12.0,7.0,20.0,0.4,1011.0,68.0,12.0,0.0,0.0
2025-05-21 11:00:00,9.0,6.0,20.0,0.1,1011.0,70.0,11.0,0.0,0.0
2025-05-21 12:00:00,9.0,6.0,20.0,0.0,1010.0,73.0,14.0,0.0,0.0
2025-05-21 13:00:00,12.0,7.0,20.0,0.0,1010.0,74.0,14.0,0.0,0.0
2025-05-21 14:00:00,14.0,8.0,20.0,0.0,1010.0,72.0,13.0,0.0,0.0
2025-05-21 15:00:00,10.0,7.0,21.0,0.0,1010.0,66.0,9.0,0.0,0.0
2025-05-21 16:00:00,13.0,8.0,21.0,0.0,1010.0,73.0,10.0,0.0,0.0
2025-05-21 17:00:00,13.0,7.0,20.0,0.0,1010.0,74.0,11.0,0.0,0.0
2025-05-21 18:00:00,8.0,5.0,19.0,0.0,1010.0,74.0,7.0,0.0,0.0
2025-05-21 19:00:00,8.0,5.0,18.0,0.0,1010.0,85.0,3.0,0.0,0.0
2025-05-21 20:00:00,8.0,5.0,17.0,0.0,1010.0,92.0,9.0,0.0,0.0
2025-05-21 21:00:00,23.0,7.0,17.0,0.2,1011.0,94.0,5.0,0.0,0.0
2025-05-21 22:00:00,9.0,5.0,16.0,0.3,1011.0,95.0,5.0,0.0,0.0
2025-05-21 23:00:00,9.0,5.0,16.0,0.0,1010.0,93.0,4.0,0.0,0.0
2025-05-22 00:00:00,8.0,6.0,16.0,0.0,1010.0,93.0,3.0,0.0,0.0
2025-05-22 01:00:00,9.0,7.0,16.0,0.0,1010.0,93.0,1.0,0.0,0.0
2025-05-22 02:00:00,9.0,6.0,16.0,0.0,1010.0,94.0,5.0,0.0,0.0
2025-05-22 03:00:00,10.0,8.0,16.0,0.0,1009.0,93.0,5.0,0.0,0.0
2025-05-22 04:00:00,9.0,7.0,16.0,0.0,1009.0,90.0,6.0,0.0,0.0
2025-05-22 05:00:00,10.0,7.0,17.0,0.0,1008.0,86.0,8.0,0.0,0.0
2025-05-22 06:00:00,7.0,5.0,18.0,0.0,1008.0,82.0,12.0,0.0,0.0
2025-05-22 07:00:00,7.0,5.0,20.0,0.0,1009.0,64.0,10.0,0.0,0.0
2025-05-22 08:00:00,9.0,6.0,20.0,0.0,1009.0,66.0,6.0,0.0,0.0
2025-05-22 09:00:00,10.0,6.0,21.0,0.0,1009.0,69.0,7.0,0.0,0.0
2025-05-22 10:00:00,10.0,6.0,22.0,0.2,1008.0,70.0,13.0,0.0,0.0
2025-05-22 11:00:00,9.0,5.0,22.0,0.0,1008.0,69.0,14.0,0.0,0.0
2025-05-22 12:00:00,10.0,6.0,22.0,0.0,1008.0,61.0,20.0,0.0,0.0
2025-05-22 13:00:00,15.0,7.0,22.0,0.0,1008.0,60.0,14.0,0.0,0.0
2025-05-22 14:00:00,13.0,7.0,21.0,0.0,1008.0,67.0,18.0,0.0,0.0
2025-05-22 15:00:00,13.0,7.0,22.0,0.0,1006.0,61.0,12.0,0.0,0.0
2025-05-22 16:00:00,12.0,6.0,22.0,0.0,1006.0,64.0,18.0,0.0,0.0
2025-05-22 17:00:00,10.0,6.0,18.0,0.5,1008.0,84.0,24.0,0.0,0.0
2025-05-22 18:00:00,10.0,6.0,16.0,2.5,1008.0,94.0,13.0,0.0,0.0
2025-05-22 19:00:00,12.0,7.0,16.0,0.0,1008.0,88.0,18.0,0.0,0.0
2025-05-22 20:00:00,9.0,6.0,15.0,0.7,1008.0,91.0,11.0,0.0,0.0
2025-05-22 21:00:00,7.0,4.0,15.0,0.0,1008.0,92.0,7.0,0.0,0.0
2025-05-22 22:00:00,6.0,2.0,15.0,0.1,1009.0,92.0,10.0,0.0,0.0
2025-05-22 23:00:00,7.0,3.0,15.0,0.7,1009.0,94.0,6.0,0.0,0.0
2025-05-23 00:00:00,5.0,2.0,15.0,2.0,1008.0,95.0,4.0,0.0,0.0
2025-05-23 01:00:00,6.0,3.0,15.0,3.0,1008.0,94.0,3.0,0.0,0.0
2025-05-23 02:00:00,5.0,3.0,15.0,3.5,1008.0,95.0,7.0,0.0,0.0
2025-05-23 03:00:00,6.0,3.0,14.0,3.9,1008.0,91.0,14.0,0.0,0.0
2025-05-23 04:00:00,4.0,2.0,14.0,1.4,1008.0,88.0,24.0,0.0,0.0
2025-05-23 05:00:00,2.0,2.0,14.0,0.5,1008.0,83.0,27.0,0.0,0.0
2025-05-23 06:00:00,2.0,2.0,14.0,0.1,1008.0,80.0,28.0,0.0,0.0
2025-05-23 07:00:00,2.0,2.0,14.0,0.0,1010.0,58.0,13.0,0.0,0.0
2025-05-23 08:00:00,3.0,2.0,14.0,0.3,1011.0,61.0,13.0,0.0,0.0
2025-05-23 09:00:00,3.0,2.0,14.0,0.1,1012.0,69.0,17.0,0.0,0.0
2025-05-23 10:00:00,3.0,2.0,15.0,0.1,1012.0,69.0,17.0,0.0,0.0
2025-05-23 11:00:00,4.0,2.0,16.0,0.0,1013.0,67.0,18.0,0.0,0.0
2025-05-23 12:00:00,3.0,2.0,16.0,0.0,1013.0,65.0,19.0,0.0,0.0
2025-05-23 13:00:00,4.0,2.0,16.0,0.0,1013.0,62.0,14.0,0.0,0.0
2025-05-23 14:00:00,6.0,2.0,17.0,0.0,1013.0,60.0,13.0,0.0,0.0
2025-05-23 15:00:00,6.0,2.0,17.0,0.0,1013.0,61.0,14.0,0.0,0.0
2025-05-23 16:00:00,6.0,2.0,16.0,0.0,1013.0,62.0,14.0,0.0,0.0
2025-05-23 17:00:00,7.0,3.0,16.0,0.0,1013.0,66.0,13.0,0.0,0.0
2025-05-23 18:00:00,8.0,3.0,15.0,0.0,1014.0,67.0,11.0,0.0,0.0
2025-05-23 19:00:00,8.0,3.0,14.0,0.0,1015.0,67.0,12.0,0.0,0.0
2025-05-23 20:00:00,6.0,3.0,14.0,0.0,1015.0,68.0,10.0,0.0,0.0
2025-05-23 21:00:00,6.0,4.0,13.0,0.0,1016.0,70.0,9.0,0.0,0.0
2025-05-23 22:00:00,6.0,4.0,12.0,0.0,1016.0,71.0,8.0,0.0,0.0
2025-05-23 23:00:00,7.0,4.0,12.0,0.0,1016.0,73.0,6.0,0.0,0.0
2025-05-24 00:00:00,7.0,4.0,12.0,0.0,1016.0,74.0,5.0,0.0,0.0
2025-05-24 01:00:00,6.0,4.0,11.0,0.0,1016.0,74.0,5.0,0.0,0.0
2025-05-24 02:00:00,6.0,4.0,11.0,0.0,1016.0,74.0,4.0,0.0,0.0
2025-05-24 03:00:00,6.0,4.0,11.0,0.0,1016.0,73.0,5.0,0.0,0.0
2025-05-24 04:00:00,7.0,4.0,11.0,0.0,1016.0,72.0,5.0,0.0,0.0
2025-05-24 05:00:00,6.0,4.0,12.0,0.0,1016.0,70.0,8.0,0.0,0.0
2025-05-24 06:00:00,7.0,4.0,14.0,0.0,1017.0,64.0,8.0,0.0,0.0
2025-05-24 07:00:00,7.0,4.0,17.0,0.0,1017.0,52.0,1.0,0.0,0.0
2025-05-24 08:00:00,10.0,5.0,18.0,0.0,1017.0,47.0,3.0,0.0,0.0
2025-05-24 09:00:00,9.0,5.0,19.0,0.0,1017.0,46.0,5.0,0.0,0.0
2025-05-24 10:00:00,8.0,4.0,20.0,0.0,1017.0,44.0,9.0,0.0,0.0
2025-05-24 11:00:00,8.0,4.0,20.0,0.0,1017.0,45.0,13.0,0.0,0.0
2025-05-24 12:00:00,8.0,4.0,20.0,0.0,1016.0,45.0,16.0,0.0,0.0
2025-05-24 13:00:00,7.0,4.0,20.0,0.0,1016.0,44.0,12.0,0.0,0.0
2025-05-24 14:00:00,7.0,4.0,20.0,0.0,1016.0,43.0,8.0,0.0,0.0
2025-05-24 15:00:00,7.0,4.0,20.0,0.0,1016.0,44.0,9.0,0.0,0.0
2025-05-24 16:00:00,7.0,4.0,19.0,0.0,1016.0,45.0,8.0,0.0,0.0
2025-05-24 17:00:00,8.0,4.0,18.0,0.0,1016.0,53.0,15.0,0.0,0.0
2025-05-24 18:00:00,7.0,3.0,17.0,0.0,1017.0,61.0,12.0,0.0,0.0
2025-05-24 19:00:00,7.0,3.0,16.0,0.0,1017.0,59.0,11.0,0.0,0.0
2025-05-24 20:00:00,7.0,4.0,16.0,0.0,1017.0,58.0,6.0,0.0,0.0
2025-05-24 21:00:00,8.0,4.0,15.0,0.0,1018.0,60.0,6.0,0.0,0.0
2025-05-24 22:00:00,6.0,4.0,15.0,0.0,1018.0,61.0,5.0,0.0,0.0
2025-05-24 23:00:00,8.0,4.0,14.0,0.0,1018.0,63.0,4.0,0.0,0.0
2025-05-25 00:00:00,7.0,5.0,14.0,0.0,1018.0,65.0,4.0,0.0,0.0
2025-05-25 01:00:00,7.0,5.0,13.0,0.0,1018.0,67.0,3.0,0.0,0.0
2025-05-25 02:00:00,8.0,5.0,13.0,0.0,1018.0,68.0,4.0,0.0,0.0
2025-05-25 03:00:00,8.0,5.0,12.0,0.0,1018.0,69.0,4.0,0.0,0.0
2025-05-25 04:00:00,8.0,4.0,12.0,0.0,1018.0,69.0,4.0,0.0,0.0
2025-05-25 05:00:00,8.0,5.0,13.0,0.0,1018.0,68.0,4.0,0.0,0.0
2025-05-25 06:00:00,8.0,5.0,14.0,0.0,1018.0,64.0,4.0,0.0,0.0
2025-05-25 07:00:00,7.0,5.0,17.0,0.0,1018.0,51.0,1.0,0.0,0.0
2025-05-25 08:00:00,7.0,4.0,19.0,0.0,1018.0,45.0,3.0,0.0,0.0
2025-05-25 09:00:00,8.0,4.0,20.0,0.0,1018.0,46.0,13.0,0.0,0.0
2025-05-25 10:00:00,7.0,4.0,20.0,0.0,1018.0,45.0,17.0,0.0,0.0
2025-05-25 11:00:00,8.0,4.0,20.0,0.0,1017.0,47.0,20.0,0.0,0.0
2025-05-25 12:00:00,9.0,4.0,20.0,0.0,1017.0,52.0,19.0,0.0,0.0
2025-05-25 13:00:00,8.0,4.0,20.0,0.0,1016.0,52.0,17.0,0.0,0.0
2025-05-25 14:00:00,8.0,4.0,20.0,0.0,1016.0,51.0,16.0,0.0,0.0
2025-05-25 15:00:00,6.0,3.0,20.0,0.0,1016.0,46.0,13.0,0.0,0.0
2025-05-25 16:00:00,6.0,4.0,19.0,0.0,1016.0,46.0,10.0,0.0,0.0
2025-05-25 17:00:00,8.0,4.0,19.0,0.0,1016.0,46.0,7.0,0.0,0.0
2025-05-25 18:00:00,8.0,4.0,18.0,0.0,1016.0,54.0,2.0,0.0,0.0
2025-05-25 19:00:00,9.0,4.0,18.0,0.0,1016.0,55.0,3.0,0.0,0.0
2025-05-25 20:00:00,9.0,4.0,17.0,0.0,1016.0,57.0,5.0,0.0,0.0
2025-05-25 21:00:00,8.0,4.0,16.0,0.0,1016.0,58.0,5.0,0.0,0.0
2025-05-25 22:00:00,8.0,4.0,16.0,0.0,1016.0,58.0,4.0,0.0,0.0
2025-05-25 23:00:00,8.0,5.0,16.0,0.0,1016.0,60.0,4.0,0.0,0.0
2025-05-26 00:00:00,8.0,5.0,16.0,0.0,1016.0,60.0,4.0,0.0,0.0
2025-05-26 01:00:00,9.0,6.0,16.0,0.0,1016.0,60.0,4.0,0.0,0.0
2025-05-26 02:00:00,8.0,5.0,15.0,0.0,1016.0,58.0,5.0,0.0,0.0
2025-05-26 03:00:00,9.0,6.0,15.0,0.0,1016.0,58.0,5.0,0.0,0.0
2025-05-26 04:00:00,9.0,6.0,16.0,0.0,1016.0,60.0,5.0,0.0,0.0
2025-05-26 05:00:00,9.0,7.0,16.0,0.0,1016.0,62.0,6.0,0.0,0.0
2025-05-26 06:00:00,10.0,7.0,17.0,0.0,1016.0,64.0,4.0,0.0,0.0
2025-05-26 07:00:00,10.0,7.0,20.0,0.0,1016.0,58.0,4.0,0.0,0.0
2025-05-26 08:00:00,13.0,8.0,21.0,0.0,1016.0,57.0,1.0,0.0,0.0
2025-05-26 09:00:00,13.0,9.0,22.0,0.0,1017.0,58.0,6.0,0.0,0.0
2025-05-26 10:00:00,18.0,11.0,22.0,0.1,1017.0,58.0,9.0,0.0,0.0
2025-05-26 11:00:00,20.0,11.0,21.0,0.1,1017.0,59.0,9.0,0.0,0.0
2025-05-26 12:00:00,15.0,11.0,22.0,0.0,1016.0,61.0,10.0,0.0,0.0
2025-05-26 13:00:00,16.0,11.0,21.0,0.0,1016.0,64.0,14.0,0.0,0.0
2025-05-26 14:00:00,14.0,10.0,21.0,0.0,1016.0,64.0,12.0,0.0,0.0
2025-05-26 15:00:00,15.0,10.0,21.0,0.0,1016.0,64.0,9.0,0.0,0.0
2025-05-26 16:00:00,14.0,10.0,21.0,0.0,1016.0,60.0,3.0,0.0,0.0
2025-05-26 17:00:00,16.0,11.0,21.0,0.0,1016.0,53.0,2.0,0.0,0.0
2025-05-26 18:00:00,16.0,10.0,20.0,0.0,1016.0,76.0,5.0,0.0,0.0
2025-05-26 19:00:00,12.0,7.0,19.0,0.0,1016.0,81.0,1.0,0.0,0.0
2025-05-26 20:00:00,12.0,6.0,19.0,0.0,1017.0,81.0,1.0,0.0,0.0
2025-05-26 21:00:00,14.0,8.0,18.0,0.0,1017.0,72.0,1.0,0.0,0.0
2025-05-26 22:00:00,15.0,10.0,18.0,0.0,1018.0,75.0,3.0,0.0,0.0
2025-05-26 23:00:00,15.0,10.0,18.0,0.0,1018.0,77.0,4.0,0.0,0.0
2025-05-27 00:00:00,15.0,11.0,17.0,0.0,1017.0,78.0,4.0,0.0,0.0
2025-05-27 01:00:00,15.0,11.0,17.0,0.0,1017.0,81.0,4.0,0.0,0.0
2025-05-27 02:00:00,14.0,11.0,17.0,0.0,1017.0,80.0,4.0,0.0,0.0
2025-05-27 03:00:00,13.0,9.0,17.0,0.0,1017.0,81.0,5.0,0.0,0.0
2025-05-27 04:00:00,10.0,8.0,16.0,0.0,1017.0,82.0,4.0,0.0,0.0
2025-05-27 05:00:00,8.0,6.0,17.0,0.0,1017.0,80.0,4.0,0.0,0.0
2025-05-27 06:00:00,4.0,3.0,18.0,0.0,1017.0,74.0,5.0,0.0,0.0
2025-05-27 07:00:00,4.0,2.0,21.0,0.0,1018.0,50.0,6.0,0.0,0.0
2025-05-27 08:00:00,7.0,3.0,22.0,0.0,1018.0,46.0,5.0,0.0,0.0
2025-05-27 09:00:00,14.0,4.0,23.0,0.0,1018.0,46.0,8.0,0.0,0.0
2025-05-27 10:00:00,9.0,3.0,24.0,0.0,1018.0,46.0,15.0,0.0,0.0
2025-05-27 11:00:00,7.0,3.0,24.0,0.0,1018.0,46.0,23.0,0.0,0.0
2025-05-27 12:00:00,6.0,3.0,24.0,0.0,1018.0,47.0,26.0,0.0,0.0
2025-05-27 13:00:00,5.0,3.0,23.0,0.0,1018.0,47.0,24.0,0.0,0.0
2025-05-27 14:00:00,8.0,3.0,22.0,0.0,1018.0,49.0,24.0,0.0,0.0
2025-05-27 15:00:00,11.0,4.0,21.0,0.0,1019.0,57.0,29.0,0.0,0.0
2025-05-27 16:00:00,9.0,4.0,20.0,0.0,1019.0,64.0,24.0,0.0,0.0
2025-05-27 17:00:00,11.0,4.0,20.0,0.0,1019.0,66.0,19.0,0.0,0.0
2025-05-27 18:00:00,13.0,4.0,20.0,0.0,1019.0,67.0,17.0,0.0,0.0
2025-05-27 19:00:00,10.0,4.0,19.0,0.0,1018.0,60.0,10.0,0.0,0.0
2025-05-27 20:00:00,13.0,5.0,19.0,0.0,1019.0,63.0,2.0,0.0,0.0
2025-05-27 21:00:00,11.0,4.0,18.0,0.0,1019.0,71.0,9.0,0.0,0.0
2025-05-27 22:00:00,10.0,4.0,18.0,0.0,1020.0,78.0,5.0,0.0,0.0
2025-05-27 23:00:00,10.0,5.0,17.0,0.0,1019.0,76.0,3.0,0.0,0.0
2025-05-28 00:00:00,9.0,5.0,17.0,0.0,1019.0,74.0,3.0,0.0,0.0
2025-05-28 01:00:00,9.0,5.0,16.0,0.0,1019.0,72.0,3.0,0.0,0.0
2025-05-28 02:00:00,8.0,5.0,16.0,0.0,1019.0,70.0,3.0,0.0,0.0
2025-05-28 03:00:00,7.0,4.0,16.0,0.0,1019.0,70.0,4.0,0.0,0.0
2025-05-28 04:00:00,5.0,3.0,16.0,0.0,1019.0,71.0,5.0,0.0,0.0
2025-05-28 05:00:00,6.0,4.0,16.0,0.0,1019.0,71.0,5.0,0.0,0.0
2025-05-28 06:00:00,7.0,4.0,18.0,0.0,1019.0,82.0,3.0,0.0,0.0
2025-05-28 07:00:00,10.0,5.0,21.0,0.0,1019.0,60.0,1.0,0.0,0.0
2025-05-28 08:00:00,14.0,6.0,23.0,0.0,1019.0,57.0,4.0,0.0,0.0
2025-05-28 09:00:00,16.0,6.0,22.0,0.0,1019.0,64.0,15.0,0.0,0.0
2025-05-28 10:00:00,15.0,5.0,22.0,0.0,1019.0,63.0,17.0,0.0,0.0
2025-05-28 11:00:00,13.0,5.0,23.0,0.0,1018.0,62.0,17.0,0.0,0.0
2025-05-28 12:00:00,9.0,5.0,23.0,0.0,1018.0,62.0,18.0,0.0,0.0
2025-05-28 13:00:00,11.0,5.0,23.0,0.0,1017.0,59.0,17.0,0.0,0.0
2025-05-28 14:00:00,9.0,5.0,24.0,0.0,1017.0,52.0,17.0,0.0,0.0
2025-05-28 15:00:00,11.0,5.0,24.0,0.0,1016.0,51.0,15.0,0.0,0.0
2025-05-28 16:00:00,8.0,3.0,23.0,0.0,1016.0,55.0,13.0,0.0,0.0
2025-05-28 17:00:00,10.0,4.0,23.0,0.0,1016.0,55.0,11.0,0.0,0.0
2025-05-28 18:00:00,11.0,4.0,22.0,0.0,1015.0,62.0,4.0,0.0,0.0
2025-05-28 19:00:00,9.0,4.0,20.0,0.0,1015.0,74.0,4.0,0.0,0.0
2025-05-28 20:00:00,8.0,5.0,19.0,0.0,1015.0,77.0,22.0,0.0,0.0
2025-05-28 21:00:00,9.0,5.0,18.0,0.0,1015.0,81.0,15.0,0.0,0.0
2025-05-28 22:00:00,9.0,5.0,18.0,0.0,1016.0,81.0,5.0,0.0,0.0
2025-05-28 23:00:00,11.0,6.0,18.0,0.0,1016.0,79.0,1.0,0.0,0.0
2025-05-29 00:00:00,7.0,4.0,18.0,0.0,1015.0,81.0,1.0,0.0,0.0
2025-05-29 01:00:00,7.0,5.0,18.0,0.0,1015.0,78.0,4.0,0.0,0.0
2025-05-29 02:00:00,7.0,5.0,17.0,0.0,1015.0,77.0,3.0,0.0,0.0
2025-05-29 03:00:00,7.0,6.0,17.0,0.0,1015.0,82.0,4.0,0.0,0.0
2025-05-29 04:00:00,7.0,5.0,17.0,0.0,1016.0,84.0,2.0,0.0,0.0
2025-05-29 05:00:00,5.0,4.0,17.0,0.0,1016.0,83.0,2.0,0.0,0.0
2025-05-29 06:00:00,7.0,5.0,18.0,0.0,1017.0,74.0,3.0,0.0,0.0
2025-05-29 07:00:00,6.0,4.0,21.0,0.0,1018.0,66.0,4.0,0.0,0.0
2025-05-29 08:00:00,10.0,6.0,22.0,0.0,1018.0,61.0,2.0,0.0,0.0
2025-05-29 09:00:00,13.0,6.0,23.0,0.0,1018.0,57.0,0.0,0.0,0.0
2025-05-29 10:00:00,8.0,4.0,23.0,0.0,1018.0,53.0,4.0,0.0,0.0
2025-05-29 11:00:00,17.0,6.0,23.0,0.0,1018.0,56.0,7.0,0.0,0.0
2025-05-29 12:00:00,10.0,6.0,23.0,0.0,1018.0,57.0,13.0,0.0,0.0
2025-05-29 13:00:00,8.0,5.0,22.0,0.0,1019.0,60.0,14.0,0.0,0.0
2025-05-29 14:00:00,8.0,5.0,22.0,0.0,1019.0,64.0,13.0,0.0,0.0
2025-05-29 15:00:00,12.0,8.0,22.0,0.0,1019.0,64.0,13.0,0.0,0.0
2025-05-29 16:00:00,13.0,10.0,22.0,0.0,1019.0,63.0,12.0,0.0,0.0
2025-05-29 17:00:00,18.0,14.0,21.0,0.0,1019.0,63.0,7.0,0.0,0.0
2025-05-29 18:00:00,15.0,11.0,21.0,0.0,1019.0,65.0,3.0,0.0,0.0
2025-05-29 19:00:00,13.0,9.0,20.0,0.0,1019.0,67.0,5.0,0.0,0.0
2025-05-29 20:00:00,11.0,5.0,20.0,0.0,1020.0,65.0,4.0,0.0,0.0
2025-05-29 21:00:00,9.0,4.0,20.0,0.0,1020.0,45.0,10.0,0.0,0.0
2025-05-29 22:00:00,11.0,6.0,20.0,0.0,1021.0,43.0,13.0,0.0,0.0
2025-05-29 23:00:00,11.0,7.0,20.0,0.0,1021.0,43.0,16.0,0.0,0.0
2025-05-30 00:00:00,7.0,4.0,20.0,0.0,1021.0,43.0,13.0,0.0,0.0
2025-05-30 01:00:00,7.0,4.0,20.0,0.0,1021.0,43.0,10.0,0.0,0.0
2025-05-30 02:00:00,5.0,3.0,19.0,0.0,1022.0,46.0,5.0,0.0,0.0
2025-05-30 03:00:00,5.0,2.0,19.0,0.0,1022.0,50.0,1.0,0.0,0.0
2025-05-30 04:00:00,5.0,2.0,19.0,0.0,1022.0,55.0,4.0,0.0,0.0
2025-05-30 05:00:00,8.0,6.0,19.0,0.0,1022.0,58.0,4.0,0.0,0.0
2025-05-30 06:00:00,7.0,4.0,19.0,0.0,1023.0,52.0,4.0,0.0,0.0
2025-05-30 07:00:00,6.0,3.0,20.0,0.0,1023.0,56.0,4.0,0.0,0.0
2025-05-30 08:00:00,12.0,5.0,21.0,0.0,1023.0,54.0,3.0,0.0,0.0
2025-05-30 09:00:00,18.0,5.0,21.0,0.0,1023.0,55.0,12.0,0.0,0.0
2025-05-30 10:00:00,16.0,4.0,21.0,0.0,1023.0,53.0,13.0,0.0,0.0
2025-05-30 11:00:00,11.0,4.0,22.0,0.0,1023.0,52.0,12.0,0.0,0.0
2025-05-30 12:00:00,6.0,3.0,23.0,0.0,1022.0,52.0,13.0,0.0,0.0
2025-05-30 13:00:00,6.0,2.0,23.0,0.0,1022.0,50.0,13.0,0.0,0.0
2025-05-30 14:00:00,5.0,2.0,22.0,0.0,1022.0,58.0,13.0,0.0,0.0
2025-05-30 15:00:00,6.0,2.0,22.0,0.0,1022.0,61.0,12.0,0.0,0.0
2025-05-30 16:00:00,6.0,2.0,22.0,0.0,1022.0,62.0,9.0,0.0,0.0
2025-05-30 17:00:00,6.0,2.0,21.0,0.0,1022.0,65.0,6.0,0.0,0.0
2025-05-30 18:00:00,5.0,2.0,20.0,0.0,1022.0,73.0,2.0,0.0,0.0
2025-05-30 19:00:00,7.0,2.0,19.0,0.0,1022.0,72.0,3.0,0.0,0.0
2025-05-30 20:00:00,6.0,2.0,19.0,0.0,1022.0,69.0,5.0,0.0,0.0
2025-05-30 21:00:00,11.0,3.0,18.0,0.0,1022.0,64.0,5.0,0.0,0.0
2025-05-30 22:00:00,15.0,3.0,18.0,0.0,1022.0,59.0,4.0,0.0,0.0
2025-05-30 23:00:00,8.0,4.0,18.0,0.0,1022.0,66.0,4.0,0.0,0.0
2025-05-31 00:00:00,8.0,4.0,17.0,0.0,1022.0,66.0,5.0,0.0,0.0
2025-05-31 01:00:00,9.0,5.0,17.0,0.0,1022.0,64.0,5.0,0.0,0.0
2025-05-31 02:00:00,8.0,4.0,17.0,0.0,1022.0,65.0,4.0,0.0,0.0
2025-05-31 03:00:00,8.0,4.0,17.0,0.0,1022.0,68.0,4.0,0.0,0.0
2025-05-31 04:00:00,7.0,4.0,17.0,0.0,1021.0,68.0,4.0,0.0,0.0
2025-05-31 05:00:00,7.0,4.0,18.0,0.0,1022.0,70.0,4.0,0.0,0.0
2025-05-31 06:00:00,7.0,4.0,19.0,0.0,1022.0,69.0,3.0,0.0,0.0
2025-05-31 07:00:00,7.0,4.0,22.0,0.0,1022.0,66.0,2.0,0.0,0.0
2025-05-31 08:00:00,10.0,5.0,23.0,0.0,1022.0,64.0,3.0,0.0,0.0
2025-05-31 09:00:00,14.0,5.0,24.0,0.0,1022.0,65.0,1.0,0.0,0.0
2025-05-31 10:00:00,12.0,6.0,24.0,0.0,1021.0,65.0,10.0,0.0,0.0
2025-05-31 11:00:00,13.0,6.0,24.0,0.0,1021.0,62.0,14.0,0.0,0.0
2025-05-31 12:00:00,12.0,6.0,25.0,0.0,1021.0,61.0,14.0,0.0,0.0
2025-05-31 13:00:00,11.0,6.0,25.0,0.0,1021.0,60.0,12.0,0.0,0.0
2025-05-31 14:00:00,14.0,8.0,25.0,0.0,1021.0,55.0,9.0,0.0,0.0
2025-05-31 15:00:00,14.0,7.0,24.0,0.0,1020.0,55.0,8.0,0.0,0.0
2025-05-31 16:00:00,11.0,5.0,24.0,0.0,1020.0,58.0,6.0,0.0,0.0
2025-05-31 17:00:00,12.0,4.0,24.0,0.0,1020.0,55.0,3.0,0.0,0.0
2025-05-31 18:00:00,13.0,5.0,22.0,0.0,1020.0,76.0,4.0,0.0,0.0
2025-05-31 19:00:00,12.0,5.0,21.0,0.0,1020.0,75.0,2.0,0.0,0.0
2025-05-31 20:00:00,12.0,6.0,20.0,0.0,1020.0,71.0,3.0,0.0,0.0
2025-05-31 21:00:00,17.0,7.0,20.0,0.0,1020.0,68.0,4.0,0.0,0.0
2025-05-31 22:00:00,13.0,8.0,20.0,0.0,1020.0,61.0,4.0,0.0,0.0
2025-05-31 23:00:00,14.0,9.0,19.0,0.0,1020.0,62.0,3.0,0.0,0.0
2025-06-01 00:00:00,15.0,9.0,19.0,0.0,1020.0,64.0,2.0,0.0,0.0
2025-06-01 01:00:00,16.0,9.0,19.0,0.0,1019.0,66.0,2.0,0.0,0.0
2025-06-01 02:00:00,16.0,8.0,18.0,0.0,1019.0,69.0,2.0,0.0,0.0
2025-06-01 03:00:00,14.0,8.0,18.0,0.0,1019.0,70.0,2.0,0.0,0.0
2025-06-01 04:00:00,14.0,8.0,18.0,0.0,1019.0,71.0,3.0,0.0,0.0
2025-06-01 05:00:00,14.0,8.0,19.0,0.0,1019.0,72.0,4.0,0.0,0.0
2025-06-01 06:00:00,14.0,9.0,20.0,0.0,1019.0,70.0,3.0,0.0,0.0
2025-06-01 07:00:00,12.0,8.0,24.0,0.0,1018.0,69.0,3.0,0.0,0.0
2025-06-01 08:00:00,16.0,11.0,25.0,0.0,1018.0,68.0,1.0,0.0,0.0
2025-06-01 09:00:00,19.0,11.0,25.0,0.0,1018.0,65.0,4.0,0.0,0.0
2025-06-01 10:00:00,19.0,11.0,26.0,0.0,1018.0,61.0,7.0,0.0,0.0
2025-06-01 11:00:00,18.0,11.0,26.0,0.0,1018.0,59.0,12.0,0.0,0.0
2025-06-01 12:00:00,18.0,9.0,27.0,0.0,1018.0,56.0,14.0,0.0,0.0
2025-06-01 13:00:00,15.0,8.0,27.0,0.0,1017.0,54.0,17.0,0.0,0.0
2025-06-01 14:00:00,13.0,7.0,28.0,0.0,1017.0,50.0,15.0,0.0,0.0
2025-06-01 15:00:00,12.0,6.0,28.0,0.0,1016.0,49.0,14.0,0.0,0.0
2025-06-01 16:00:00,13.0,7.0,27.0,0.0,1016.0,51.0,11.0,0.0,0.0
2025-06-01 17:00:00,11.0,6.0,26.0,0.0,1017.0,58.0,4.0,0.0,0.0
2025-06-01 18:00:00,7.0,3.0,24.0,0.0,1017.0,64.0,5.0,0.0,0.0
2025-06-01 19:00:00,8.0,4.0,22.0,0.0,1018.0,75.0,4.0,0.0,0.0
2025-06-01 20:00:00,15.0,5.0,22.0,0.0,1018.0,74.0,5.0,0.0,0.0
2025-06-01 21:00:00,8.0,4.0,21.0,0.0,1018.0,82.0,1.0,0.0,0.0
2025-06-01 22:00:00,10.0,5.0,21.0,0.0,1018.0,81.0,1.0,0.0,0.0
2025-06-01 23:00:00,12.0,6.0,20.0,0.0,1018.0,81.0,3.0,0.0,0.0
2025-06-02 00:00:00,9.0,5.0,20.0,0.0,1018.0,74.0,3.0,0.0,0.0
2025-06-02 01:00:00,9.0,6.0,20.0,0.0,1018.0,68.0,4.0,0.0,0.0
2025-06-02 02:00:00,8.0,5.0,20.0,0.0,1018.0,68.0,4.0,0.0,0.0
2025-06-02 03:00:00,7.0,5.0,20.0,0.0,1018.0,68.0,4.0,0.0,0.0
2025-06-02 04:00:00,7.0,5.0,20.0,0.0,1018.0,70.0,4.0,0.0,0.0
2025-06-02 05:00:00,7.0,5.0,20.0,0.0,1018.0,69.0,4.0,0.0,0.0
2025-06-02 06:00:00,8.0,5.0,22.0,0.0,1018.0,67.0,5.0,0.0,0.0
2025-06-02 07:00:00,9.0,5.0,25.0,0.0,1018.0,57.0,5.0,0.0,0.0
2025-06-02 08:00:00,12.0,6.0,26.0,0.0,1018.0,58.0,10.0,0.0,0.0
2025-06-02 09:00:00,10.0,5.0,28.0,0.0,1018.0,56.0,10.0,0.0,0.0
2025-06-02 10:00:00,10.0,5.0,28.0,0.0,1018.0,55.0,13.0,0.0,0.0
2025-06-02 11:00:00,11.0,6.0,28.0,0.0,1017.0,50.0,21.0,0.0,0.0
2025-06-02 12:00:00,10.0,6.0,28.0,0.0,1017.0,52.0,24.0,0.0,0.0
2025-06-02 13:00:00,11.0,7.0,28.0,0.0,1017.0,56.0,27.0,0.0,0.0
2025-06-02 14:00:00,15.0,7.0,26.0,0.0,1017.0,55.0,26.0,0.0,0.0
2025-06-02 15:00:00,14.0,7.0,26.0,0.0,1017.0,60.0,23.0,0.0,0.0
2025-06-02 16:00:00,13.0,7.0,26.0,0.0,1016.0,59.0,22.0,0.0,0.0
2025-06-02 17:00:00,12.0,6.0,25.0,0.0,1016.0,64.0,19.0,0.0,0.0
2025-06-02 18:00:00,11.0,6.0,24.0,0.0,1016.0,67.0,23.0,0.0,0.0
2025-06-02 19:00:00,11.0,6.0,23.0,0.0,1016.0,63.0,19.0,0.0,0.0
2025-06-02 20:00:00,11.0,6.0,23.0,0.0,1016.0,59.0,22.0,0.0,0.0
2025-06-02 21:00:00,11.0,6.0,23.0,0.0,1016.0,58.0,22.0,0.0,0.0
2025-06-02 22:00:00,11.0,6.0,23.0,0.0,1017.0,58.0,24.0,0.0,0.0
2025-06-02 23:00:00,12.0,6.0,23.0,0.0,1017.0,59.0,24.0,0.0,0.0
2025-06-03 00:00:00,11.0,6.0,23.0,0.0,1016.0,61.0,21.0,0.0,0.0
2025-06-03 01:00:00,9.0,5.0,23.0,0.0,1016.0,63.0,21.0,0.0,0.0
2025-06-03 02:00:00,10.0,6.0,22.0,0.0,1016.0,65.0,21.0,0.0,0.0
2025-06-03 03:00:00,9.0,6.0,22.0,0.0,1016.0,67.0,22.0,0.0,0.0
2025-06-03 04:00:00,9.0,6.0,22.0,0.0,1016.0,70.0,18.0,0.0,0.0
2025-06-03 05:00:00,11.0,7.0,22.0,0.0,1017.0,74.0,17.0,0.0,0.0
2025-06-03 06:00:00,12.0,7.0,22.0,0.0,1017.0,74.0,20.0,0.0,0.0
2025-06-03 07:00:00,11.0,7.0,25.0,0.0,1017.0,63.0,17.0,0.0,0.0
2025-06-03 08:00:00,10.0,7.0,26.0,0.0,1017.0,61.0,16.0,0.0,0.0
2025-06-03 09:00:00,12.0,7.0,27.0,0.0,1017.0,56.0,15.0,0.0,0.0
2025-06-03 10:00:00,11.0,7.0,28.0,0.0,1017.0,50.0,18.0,0.0,0.0
2025-06-03 11:00:00,14.0,7.0,28.0,0.0,1017.0,50.0,21.0,0.0,0.0
2025-06-03 12:00:00,13.0,7.0,28.0,0.0,1017.0,51.0,24.0,0.0,0.0
2025-06-03 13:00:00,17.0,7.0,27.0,0.0,1017.0,51.0,24.0,0.0,0.0
2025-06-03 14:00:00,15.0,6.0,27.0,0.0,1016.0,52.0,23.0,0.0,0.0
2025-06-03 15:00:00,16.0,6.0,27.0,0.0,1016.0,54.0,21.0,0.0,0.0
2025-06-03 16:00:00,22.0,6.0,27.0,0.0,1016.0,54.0,18.0,0.0,0.0
2025-06-03 17:00:00,14.0,5.0,26.0,0.0,1016.0,57.0,16.0,0.0,0.0
2025-06-03 18:00:00,11.0,5.0,25.0,0.0,1016.0,69.0,11.0,0.0,0.0
2025-06-03 19:00:00,12.0,6.0,23.0,0.0,1016.0,72.0,4.0,0.0,0.0
2025-06-03 20:00:00,13.0,7.0,22.0,0.0,1017.0,73.0,5.0,0.0,0.0
2025-06-03 21:00:00,13.0,7.0,22.0,0.0,1018.0,69.0,7.0,0.0,0.0
2025-06-03 22:00:00,16.0,7.0,22.0,0.0,1018.0,69.0,6.0,0.0,0.0
2025-06-03 23:00:00,20.0,8.0,21.0,0.0,1018.0,69.0,5.0,0.0,0.0
2025-06-04 00:00:00,15.0,8.0,21.0,0.0,1018.0,70.0,4.0,0.0,0.0
2025-06-04 01:00:00,14.0,8.0,21.0,0.0,1018.0,71.0,4.0,0.0,0.0
2025-06-04 02:00:00,14.0,9.0,20.0,0.0,1018.0,72.0,4.0,0.0,0.0
2025-06-04 03:00:00,13.0,9.0,21.0,0.0,1017.0,72.0,5.0,0.0,0.0
2025-06-04 04:00:00,13.0,9.0,20.0,0.0,1017.0,72.0,5.0,0.0,0.0
2025-06-04 05:00:00,11.0,8.0,21.0,0.0,1018.0,73.0,5.0,0.0,0.0
2025-06-04 06:00:00,11.0,7.0,22.0,0.0,1018.0,71.0,4.0,0.0,0.0
2025-06-04 07:00:00,12.0,8.0,24.0,0.0,1017.0,59.0,5.0,0.0,0.0
2025-06-04 08:00:00,14.0,8.0,26.0,0.0,1018.0,56.0,3.0,0.0,0.0
2025-06-04 09:00:00,14.0,8.0,27.0,0.0,1018.0,52.0,10.0,0.0,0.0
2025-06-04 10:00:00,12.0,7.0,28.0,0.0,1018.0,50.0,11.0,0.0,0.0
2025-06-04 11:00:00,16.0,9.0,29.0,0.0,1017.0,50.0,14.0,0.0,0.0
2025-06-04 12:00:00,14.0,8.0,29.0,0.0,1017.0,51.0,19.0,0.0,0.0
2025-06-04 13:00:00,15.0,8.0,29.0,0.0,1016.0,51.0,22.0,0.0,0.0
2025-06-04 14:00:00,13.0,8.0,29.0,0.0,1016.0,50.0,19.0,0.0,0.0
2025-06-04 15:00:00,16.0,8.0,27.0,0.0,1016.0,59.0,21.0,0.0,0.0
2025-06-04 16:00:00,13.0,8.0,27.0,0.0,1016.0,54.0,19.0,0.0,0.0
2025-06-04 17:00:00,15.0,8.0,26.0,0.0,1016.0,59.0,16.0,0.0,0.0
2025-06-04 18:00:00,53.0,12.0,25.0,0.0,1016.0,64.0,13.0,0.0,0.0
2025-06-04 19:00:00,19.0,9.0,23.0,0.0,1016.0,72.0,6.0,0.0,0.0
2025-06-04 20:00:00,15.0,8.0,23.0,0.0,1017.0,72.0,4.0,0.0,0.0
2025-06-04 21:00:00,17.0,9.0,22.0,0.0,1017.0,70.0,4.0,0.0,0.0
2025-06-04 22:00:00,22.0,10.0,22.0,0.0,1017.0,64.0,6.0,0.0,0.0
2025-06-04 23:00:00,16.0,9.0,22.0,0.0,1016.0,60.0,10.0,0.0,0.0
2025-06-05 00:00:00,12.0,8.0,22.0,0.0,1016.0,59.0,5.0,0.0,0.0
2025-06-05 01:00:00,13.0,8.0,22.0,0.0,1016.0,63.0,6.0,0.0,0.0
2025-06-05 02:00:00,15.0,9.0,21.0,0.0,1016.0,68.0,3.0,0.0,0.0
2025-06-05 03:00:00,14.0,9.0,21.0,0.0,1016.0,71.0,5.0,0.0,0.0
2025-06-05 04:00:00,13.0,9.0,21.0,0.0,1016.0,78.0,5.0,0.0,0.0
2025-06-05 05:00:00,11.0,8.0,21.0,0.0,1016.0,78.0,12.0,0.0,0.0
2025-06-05 06:00:00,12.0,7.0,22.0,0.0,1017.0,70.0,4.0,0.0,0.0
2025-06-05 07:00:00,11.0,7.0,26.0,0.0,1017.0,44.0,9.0,0.0,0.0
2025-06-05 08:00:00,13.0,6.0,27.0,0.0,1017.0,41.0,7.0,0.0,0.0
2025-06-05 09:00:00,11.0,5.0,27.0,0.0,1017.0,41.0,5.0,0.0,0.0
2025-06-05 10:00:00,12.0,5.0,28.0,0.0,1017.0,43.0,9.0,0.0,0.0
2025-06-05 11:00:00,13.0,6.0,28.0,0.0,1017.0,48.0,11.0,0.0,0.0
2025-06-05 12:00:00,14.0,6.0,28.0,0.0,1017.0,49.0,14.0,0.0,0.0
2025-06-05 13:00:00,14.0,7.0,28.0,0.0,1017.0,50.0,20.0,0.0,0.0
2025-06-05 14:00:00,14.0,7.0,26.0,0.0,1016.0,53.0,12.0,0.0,0.0
2025-06-05 15:00:00,16.0,8.0,26.0,0.0,1016.0,58.0,7.0,0.0,0.0
2025-06-05 16:00:00,13.0,7.0,27.0,0.0,1015.0,60.0,8.0,0.0,0.0
2025-06-05 17:00:00,14.0,8.0,26.0,0.0,1015.0,61.0,3.0,0.0,0.0
2025-06-05 18:00:00,15.0,8.0,24.0,0.0,1015.0,67.0,4.0,0.0,0.0
2025-06-05 19:00:00,14.0,8.0,23.0,0.0,1016.0,73.0,8.0,0.0,0.0
2025-06-05 20:00:00,14.0,8.0,22.0,0.0,1017.0,79.0,3.0,0.0,0.0
2025-06-05 21:00:00,14.0,8.0,21.0,0.8,1016.0,89.0,8.0,0.0,0.0
2025-06-05 22:00:00,15.0,9.0,20.0,0.0,1017.0,89.0,4.0,0.0,0.0
2025-06-05 23:00:00,15.0,9.0,20.0,0.0,1016.0,88.0,6.0,0.0,0.0
2025-06-06 00:00:00,15.0,9.0,20.0,0.0,1016.0,86.0,5.0,0.0,0.0
2025-06-06 01:00:00,14.0,9.0,19.0,0.0,1016.0,87.0,5.0,0.0,0.0
2025-06-06 02:00:00,13.0,9.0,20.0,0.0,1016.0,84.0,6.0,0.0,0.0
2025-06-06 03:00:00,13.0,9.0,20.0,0.0,1016.0,83.0,5.0,0.0,0.0
2025-06-06 04:00:00,13.0,9.0,20.0,0.0,1016.0,83.0,6.0,0.0,0.0
2025-06-06 05:00:00,14.0,9.0,20.0,0.0,1016.0,82.0,6.0,0.0,0.0
2025-06-06 06:00:00,13.0,8.0,22.0,0.0,1016.0,78.0,7.0,0.0,0.0
2025-06-06 07:00:00,14.0,8.0,26.0,0.0,1017.0,66.0,6.0,0.0,0.0
2025-06-06 08:00:00,18.0,9.0,27.0,0.0,1017.0,65.0,5.0,0.0,0.0
2025-06-06 09:00:00,19.0,9.0,28.0,0.0,1017.0,61.0,9.0,0.0,0.0
2025-06-06 10:00:00,18.0,10.0,28.0,0.0,1018.0,60.0,13.0,0.0,0.0
2025-06-06 11:00:00,18.0,12.0,28.0,0.0,1018.0,57.0,15.0,0.0,0.0
2025-06-06 12:00:00,19.0,13.0,28.0,0.0,1018.0,55.0,17.0,0.0,0.0
2025-06-06 13:00:00,20.0,13.0,27.0,0.0,1017.0,54.0,16.0,0.0,0.0
2025-06-06 14:00:00,19.0,13.0,27.0,0.0,1017.0,56.0,14.0,0.0,0.0
2025-06-06 15:00:00,18.0,12.0,26.0,0.0,1017.0,57.0,12.0,0.0,0.0
2025-06-06 16:00:00,18.0,12.0,26.0,0.0,1017.0,57.0,9.0,0.0,0.0
2025-06-06 17:00:00,17.0,12.0,26.0,0.0,1017.0,59.0,9.0,0.0,0.0
2025-06-06 18:00:00,20.0,12.0,24.0,0.0,1017.0,73.0,7.0,0.0,0.0
2025-06-06 19:00:00,19.0,12.0,23.0,0.0,1017.0,84.0,0.0,0.0,0.0
2025-06-06 20:00:00,23.0,15.0,22.0,0.0,1017.0,75.0,2.0,0.0,0.0
2025-06-06 21:00:00,28.0,20.0,22.0,0.0,1017.0,78.0,4.0,0.0,0.0
2025-06-06 22:00:00,21.0,14.0,21.0,0.0,1018.0,78.0,6.0,0.0,0.0
2025-06-06 23:00:00,25.0,14.0,20.0,0.0,1017.0,78.0,6.0,0.0,0.0
2025-06-07 00:00:00,21.0,14.0,20.0,0.0,1017.0,76.0,5.0,0.0,0.0
2025-06-07 01:00:00,20.0,13.0,20.0,0.0,1017.0,75.0,5.0,0.0,0.0
2025-06-07 02:00:00,18.0,13.0,20.0,0.0,1016.0,73.0,5.0,0.0,0.0
2025-06-07 03:00:00,17.0,12.0,20.0,0.0,1016.0,72.0,5.0,0.0,0.0
2025-06-07 04:00:00,15.0,11.0,20.0,0.0,1016.0,73.0,6.0,0.0,0.0
2025-06-07 05:00:00,17.0,12.0,20.0,0.0,1016.0,78.0,4.0,0.0,0.0
2025-06-07 06:00:00,16.0,12.0,21.0,0.0,1016.0,81.0,2.0,0.0,0.0
2025-06-07 07:00:00,16.0,11.0,26.0,0.0,1016.0,48.0,5.0,0.0,0.0
2025-06-07 08:00:00,17.0,11.0,27.0,0.0,1016.0,45.0,7.0,0.0,0.0
2025-06-07 09:00:00,21.0,12.0,29.0,0.0,1016.0,42.0,12.0,0.0,0.0
2025-06-07 10:00:00,25.0,12.0,29.0,0.0,1015.0,42.0,14.0,0.0,0.0
2025-06-07 11:00:00,24.0,12.0,29.0,0.0,1015.0,43.0,16.0,0.0,0.0
2025-06-07 12:00:00,25.0,13.0,29.0,0.0,1015.0,44.0,17.0,0.0,0.0
2025-06-07 13:00:00,24.0,13.0,28.0,0.0,1014.0,45.0,16.0,0.0,0.0
2025-06-07 14:00:00,18.0,11.0,28.0,0.0,1014.0,48.0,17.0,0.0,0.0
2025-06-07 15:00:00,15.0,10.0,28.0,0.0,1013.0,52.0,18.0,0.0,0.0
2025-06-07 16:00:00,17.0,10.0,27.0,0.0,1013.0,51.0,19.0,0.0,0.0
2025-06-07 17:00:00,20.0,11.0,27.0,0.0,1013.0,53.0,17.0,0.0,0.0
2025-06-07 18:00:00,18.0,11.0,25.0,0.0,1013.0,61.0,13.0,0.0,0.0
2025-06-07 19:00:00,20.0,11.0,24.0,0.0,1013.0,61.0,7.0,0.0,0.0
2025-06-07 20:00:00,20.0,11.0,24.0,0.0,1013.0,60.0,6.0,0.0,0.0
2025-06-07 21:00:00,21.0,12.0,23.0,0.0,1013.0,60.0,5.0,0.0,0.0
2025-06-07 22:00:00,21.0,11.0,23.0,0.0,1014.0,63.0,3.0,0.0,0.0
2025-06-07 23:00:00,20.0,11.0,23.0,0.0,1013.0,66.0,2.0,0.0,0.0
2025-06-08 00:00:00,19.0,10.0,23.0,0.0,1013.0,67.0,3.0,0.0,0.0
2025-06-08 01:00:00,32.0,11.0,23.0,0.0,1013.0,61.0,6.0,0.0,0.0
2025-06-08 02:00:00,19.0,10.0,23.0,0.0,1012.0,58.0,9.0,0.0,0.0
2025-06-08 03:00:00,19.0,10.0,23.0,0.0,1012.0,58.0,9.0,0.0,0.0
2025-06-08 04:00:00,19.0,10.0,23.0,0.0,1012.0,60.0,10.0,0.0,0.0
2025-06-08 05:00:00,19.0,10.0,23.0,0.0,1012.0,62.0,11.0,0.0,0.0
2025-06-08 06:00:00,21.0,10.0,24.0,0.0,1013.0,63.0,16.0,0.0,0.0
2025-06-08 07:00:00,23.0,11.0,27.0,0.0,1012.0,58.0,13.0,0.0,0.0
2025-06-08 08:00:00,23.0,12.0,28.0,0.0,1012.0,55.0,9.0,0.0,0.0
2025-06-08 09:00:00,23.0,12.0,29.0,0.0,1012.0,53.0,12.0,0.0,0.0
2025-06-08 10:00:00,23.0,12.0,29.0,0.0,1012.0,51.0,17.0,0.0,0.0
2025-06-08 11:00:00,27.0,13.0,29.0,0.0,1012.0,51.0,16.0,0.0,0.0
2025-06-08 12:00:00,29.0,14.0,29.0,0.0,1012.0,49.0,19.0,0.0,0.0
2025-06-08 13:00:00,27.0,13.0,28.0,0.0,1012.0,50.0,18.0,0.0,0.0
2025-06-08 14:00:00,28.0,13.0,28.0,0.0,1012.0,50.0,18.0,0.0,0.0
2025-06-08 15:00:00,29.0,13.0,28.0,0.0,1012.0,49.0,14.0,0.0,0.0
2025-06-08 16:00:00,28.0,13.0,28.0,0.0,1012.0,49.0,10.0,0.0,0.0
2025-06-08 17:00:00,24.0,13.0,28.0,0.0,1012.0,50.0,6.0,0.0,0.0
2025-06-08 18:00:00,23.0,12.0,27.0,0.0,1012.0,66.0,5.0,0.0,0.0
2025-06-08 19:00:00,23.0,12.0,25.0,0.0,1013.0,65.0,4.0,0.0,0.0
2025-06-08 20:00:00,24.0,12.0,25.0,0.0,1013.0,65.0,5.0,0.0,0.0
2025-06-08 21:00:00,25.0,12.0,24.0,0.0,1014.0,63.0,6.0,0.0,0.0
2025-06-08 22:00:00,23.0,12.0,24.0,0.0,1015.0,64.0,8.0,0.0,0.0
2025-06-08 23:00:00,24.0,13.0,24.0,0.0,1015.0,64.0,12.0,0.0,0.0
2025-06-09 00:00:00,25.0,13.0,23.0,0.0,1015.0,63.0,12.0,0.0,0.0
2025-06-09 01:00:00,26.0,13.0,23.0,0.0,1016.0,63.0,17.0,0.0,0.0
2025-06-09 02:00:00,27.0,13.0,23.0,0.0,1016.0,61.0,17.0,0.0,0.0
2025-06-09 03:00:00,27.0,13.0,22.0,0.0,1016.0,59.0,16.0,0.0,0.0
2025-06-09 04:00:00,23.0,11.0,22.0,0.0,1017.0,59.0,15.0,0.0,0.0
2025-06-09 05:00:00,20.0,13.0,22.0,0.0,1017.0,60.0,15.0,0.0,0.0
2025-06-09 06:00:00,19.0,13.0,23.0,0.0,1018.0,59.0,15.0,0.0,0.0
2025-06-09 07:00:00,19.0,12.0,23.0,0.0,1019.0,48.0,13.0,0.0,0.0
2025-06-09 08:00:00,25.0,13.0,24.0,0.0,1019.0,46.0,12.0,0.0,0.0
2025-06-09 09:00:00,29.0,13.0,25.0,0.0,1020.0,44.0,14.0,0.0,0.0
2025-06-09 10:00:00,28.0,14.0,26.0,0.0,1020.0,44.0,18.0,0.0,0.0
2025-06-09 11:00:00,28.0,14.0,26.0,0.0,1020.0,43.0,20.0,0.0,0.0
2025-06-09 12:00:00,26.0,14.0,27.0,0.0,1020.0,44.0,22.0,0.0,0.0
2025-06-09 13:00:00,25.0,14.0,27.0,0.0,1020.0,44.0,19.0,0.0,0.0
2025-06-09 14:00:00,25.0,14.0,27.0,0.0,1020.0,43.0,20.0,0.0,0.0
2025-06-09 15:00:00,20.0,13.0,27.0,0.0,1020.0,44.0,22.0,0.0,0.0
2025-06-09 16:00:00,21.0,13.0,26.0,0.0,1020.0,44.0,24.0,0.0,0.0
2025-06-09 17:00:00,21.0,14.0,26.0,0.0,1020.0,46.0,22.0,0.0,0.0
2025-06-09 18:00:00,21.0,14.0,24.0,0.0,1020.0,49.0,20.0,0.0,0.0
2025-06-09 19:00:00,21.0,14.0,23.0,0.0,1021.0,53.0,14.0,0.0,0.0
2025-06-09 20:00:00,21.0,13.0,22.0,0.0,1021.0,52.0,13.0,0.0,0.0
2025-06-09 21:00:00,25.0,14.0,21.0,0.0,1021.0,52.0,10.0,0.0,0.0
2025-06-09 22:00:00,24.0,14.0,21.0,0.0,1021.0,53.0,9.0,0.0,0.0
2025-06-09 23:00:00,19.0,14.0,20.0,0.0,1021.0,54.0,9.0,0.0,0.0
2025-06-10 00:00:00,18.0,14.0,20.0,0.0,1021.0,55.0,8.0,0.0,0.0
2025-06-10 01:00:00,17.0,14.0,20.0,0.0,1021.0,55.0,6.0,0.0,0.0
2025-06-10 02:00:00,19.0,14.0,19.0,0.0,1021.0,55.0,6.0,0.0,0.0
2025-06-10 03:00:00,18.0,13.0,19.0,0.0,1020.0,54.0,6.0,0.0,0.0
2025-06-10 04:00:00,18.0,13.0,19.0,0.0,1020.0,55.0,6.0,0.0,0.0
2025-06-10 05:00:00,18.0,14.0,19.0,0.0,1020.0,55.0,6.0,0.0,0.0
2025-06-10 06:00:00,19.0,14.0,20.0,0.0,1020.0,51.0,7.0,0.0,0.0
2025-06-10 07:00:00,19.0,14.0,23.0,0.0,1020.0,49.0,6.0,0.0,0.0
2025-06-10 08:00:00,23.0,15.0,25.0,0.0,1020.0,45.0,6.0,0.0,0.0
2025-06-10 09:00:00,25.0,16.0,26.0,0.0,1019.0,40.0,4.0,0.0,0.0
2025-06-10 10:00:00,29.0,16.0,27.0,0.0,1019.0,38.0,3.0,0.0,0.0
2025-06-10 11:00:00,25.0,16.0,26.0,0.0,1018.0,44.0,10.0,0.0,0.0
2025-06-10 12:00:00,24.0,16.0,26.0,0.0,1018.0,45.0,14.0,0.0,0.0
2025-06-10 13:00:00,27.0,17.0,27.0,0.0,1017.0,44.0,17.0,0.0,0.0
2025-06-10 14:00:00,24.0,17.0,26.0,0.0,1017.0,46.0,16.0,0.0,0.0
2025-06-10 15:00:00,25.0,17.0,25.0,0.0,1016.0,54.0,13.0,0.0,0.0
2025-06-10 16:00:00,24.0,17.0,25.0,0.0,1016.0,60.0,11.0,0.0,0.0
2025-06-10 17:00:00,26.0,17.0,24.0,0.0,1016.0,62.0,8.0,0.0,0.0
2025-06-10 18:00:00,26.0,18.0,23.0,0.0,1016.0,66.0,3.0,0.0,0.0
2025-06-10 19:00:00,29.0,18.0,22.0,0.0,1016.0,69.0,2.0,0.0,0.0
2025-06-10 20:00:00,26.0,18.0,22.0,0.0,1016.0,72.0,4.0,0.0,0.0
2025-06-10 21:00:00,25.0,17.0,21.0,0.0,1016.0,70.0,5.0,0.0,0.0
2025-06-10 22:00:00,27.0,18.0,21.0,0.0,1016.0,65.0,4.0,0.0,0.0
2025-06-10 23:00:00,29.0,19.0,21.0,0.0,1016.0,61.0,4.0,0.0,0.0
2025-06-11 00:00:00,32.0,20.0,21.0,0.0,1015.0,62.0,4.0,0.0,0.0
2025-06-11 01:00:00,27.0,20.0,20.0,0.0,1015.0,66.0,5.0,0.0,0.0
2025-06-11 02:00:00,26.0,20.0,20.0,0.0,1015.0,66.0,4.0,0.0,0.0
2025-06-11 03:00:00,25.0,20.0,20.0,0.0,1015.0,66.0,4.0,0.0,0.0
2025-06-11 04:00:00,24.0,20.0,20.0,0.0,1015.0,69.0,4.0,0.0,0.0
2025-06-11 05:00:00,25.0,20.0,20.0,0.0,1015.0,69.0,4.0,0.0,0.0
2025-06-11 06:00:00,26.0,20.0,22.0,0.0,1016.0,63.0,3.0,0.0,0.0
2025-06-11 07:00:00,26.0,20.0,25.0,0.0,1016.0,58.0,5.0,0.0,0.0
2025-06-11 08:00:00,33.0,23.0,26.0,0.0,1016.0,61.0,5.0,0.0,0.0
2025-06-11 09:00:00,43.0,22.0,27.0,0.0,1016.0,65.0,6.0,0.0,0.0
2025-06-11 10:00:00,73.0,30.0,27.0,0.0,1016.0,65.0,6.0,0.0,0.0
2025-06-11 11:00:00,33.0,22.0,28.0,0.0,1016.0,59.0,9.0,0.0,0.0
2025-06-11 12:00:00,30.0,22.0,28.0,0.0,1015.0,56.0,13.0,0.0,0.0
2025-06-11 13:00:00,36.0,23.0,28.0,0.0,1015.0,57.0,13.0,0.0,0.0
2025-06-11 14:00:00,36.0,24.0,28.0,0.0,1015.0,55.0,12.0,0.0,0.0
2025-06-11 15:00:00,38.0,25.0,28.0,0.0,1015.0,55.0,10.0,0.0,0.0
2025-06-11 16:00:00,37.0,27.0,27.0,0.0,1015.0,57.0,9.0,0.0,0.0
2025-06-11 17:00:00,34.0,27.0,26.0,0.0,1015.0,58.0,4.0,0.0,0.0
2025-06-11 18:00:00,39.0,28.0,25.0,0.0,1016.0,75.0,3.0,0.0,0.0
2025-06-11 19:00:00,34.0,26.0,24.0,0.0,1016.0,79.0,1.0,0.0,0.0
2025-06-11 20:00:00,37.0,26.0,23.0,0.0,1016.0,78.0,4.0,0.0,0.0
2025-06-11 21:00:00,35.0,25.0,23.0,0.0,1016.0,74.0,6.0,0.0,0.0
2025-06-11 22:00:00,41.0,28.0,23.0,0.0,1017.0,67.0,5.0,0.0,0.0
2025-06-11 23:00:00,40.0,29.0,22.0,0.0,1017.0,66.0,5.0,0.0,0.0
2025-06-12 00:00:00,40.0,30.0,22.0,0.0,1017.0,63.0,7.0,0.0,0.0
2025-06-12 01:00:00,43.0,33.0,22.0,0.0,1017.0,63.0,8.0,0.0,0.0
2025-06-12 02:00:00,40.0,34.0,22.0,0.0,1017.0,66.0,8.0,0.0,0.0
2025-06-12 03:00:00,39.0,35.0,21.0,0.0,1017.0,68.0,9.0,0.0,0.0
2025-06-12 04:00:00,39.0,33.0,21.0,0.0,1017.0,68.0,9.0,0.0,0.0
2025-06-12 05:00:00,36.0,30.0,21.0,0.0,1017.0,67.0,9.0,0.0,0.0
2025-06-12 06:00:00,31.0,24.0,22.0,0.0,1017.0,63.0,11.0,0.0,0.0
2025-06-12 07:00:00,26.0,21.0,26.0,0.0,1017.0,44.0,15.0,0.0,0.0
2025-06-12 08:00:00,27.0,20.0,28.0,0.0,1017.0,42.0,12.0,0.0,0.0
2025-06-12 09:00:00,30.0,18.0,29.0,0.0,1017.0,39.0,9.0,0.0,0.0
2025-06-12 10:00:00,31.0,17.0,30.0,0.0,1017.0,39.0,9.0,0.0,0.0
2025-06-12 11:00:00,29.0,18.0,30.0,0.0,1017.0,40.0,6.0,0.0,0.0
2025-06-12 12:00:00,31.0,19.0,30.0,0.0,1016.0,43.0,5.0,0.0,0.0
2025-06-12 13:00:00,28.0,19.0,28.0,0.0,1016.0,50.0,12.0,0.0,0.0
2025-06-12 14:00:00,27.0,19.0,28.0,0.0,1016.0,56.0,15.0,0.0,0.0
2025-06-12 15:00:00,29.0,20.0,27.0,0.0,1016.0,58.0,14.0,0.0,0.0
2025-06-12 16:00:00,36.0,28.0,27.0,0.0,1016.0,56.0,8.0,0.0,0.0
2025-06-12 17:00:00,38.0,30.0,27.0,0.0,1017.0,55.0,3.0,0.0,0.0
2025-06-12 18:00:00,38.0,31.0,26.0,0.0,1017.0,69.0,3.0,0.0,0.0
2025-06-12 19:00:00,40.0,30.0,24.0,0.0,1017.0,75.0,1.0,0.0,0.0
2025-06-12 20:00:00,38.0,29.0,23.0,0.0,1018.0,76.0,3.0,0.0,0.0
2025-06-12 21:00:00,38.0,29.0,23.0,0.0,1018.0,78.0,4.0,0.0,0.0
2025-06-12 22:00:00,41.0,31.0,23.0,0.0,1018.0,79.0,4.0,0.0,0.0
2025-06-12 23:00:00,41.0,33.0,22.0,0.0,1018.0,76.0,5.0,0.0,0.0
2025-06-13 00:00:00,31.0,23.0,22.0,0.0,1018.0,75.0,3.0,0.0,0.0
2025-06-13 01:00:00,25.0,18.0,22.0,0.0,1018.0,73.0,3.0,0.0,0.0
2025-06-13 02:00:00,23.0,16.0,22.0,0.0,1018.0,70.0,3.0,0.0,0.0
2025-06-13 03:00:00,21.0,16.0,22.0,0.0,1018.0,67.0,4.0,0.0,0.0
2025-06-13 04:00:00,21.0,16.0,22.0,0.0,1018.0,67.0,4.0,0.0,0.0
2025-06-13 05:00:00,22.0,16.0,22.0,0.0,1019.0,67.0,5.0,0.0,0.0
2025-06-13 06:00:00,21.0,16.0,24.0,0.0,1020.0,66.0,7.0,0.0,0.0
2025-06-13 07:00:00,22.0,16.0,28.0,0.0,1020.0,44.0,9.0,0.0,0.0
2025-06-13 08:00:00,27.0,16.0,30.0,0.0,1020.0,42.0,9.0,0.0,0.0
2025-06-13 09:00:00,25.0,14.0,31.0,0.0,1020.0,39.0,10.0,0.0,0.0
2025-06-13 10:00:00,24.0,14.0,32.0,0.0,1020.0,38.0,10.0,0.0,0.0
2025-06-13 11:00:00,26.0,15.0,32.0,0.0,1020.0,39.0,11.0,0.0,0.0
2025-06-13 12:00:00,25.0,15.0,32.0,0.0,1020.0,42.0,11.0,0.0,0.0
2025-06-13 13:00:00,23.0,14.0,31.0,0.0,1020.0,46.0,15.0,0.0,0.0
2025-06-13 14:00:00,24.0,16.0,28.0,0.0,1020.0,52.0,15.0,0.0,0.0
2025-06-13 15:00:00,25.0,18.0,28.0,0.0,1019.0,54.0,13.0,0.0,0.0
2025-06-13 16:00:00,31.0,21.0,28.0,0.0,1020.0,57.0,10.0,0.0,0.0
2025-06-13 17:00:00,30.0,23.0,27.0,0.0,1020.0,59.0,8.0,0.0,0.0
2025-06-13 18:00:00,33.0,24.0,26.0,0.0,1020.0,76.0,2.0,0.0,0.0
2025-06-13 19:00:00,30.0,23.0,25.0,0.0,1021.0,79.0,1.0,0.0,0.0
2025-06-13 20:00:00,33.0,25.0,24.0,0.0,1021.0,77.0,3.0,0.0,0.0
2025-06-13 21:00:00,36.0,25.0,24.0,0.0,1021.0,63.0,9.0,0.0,0.0
2025-06-13 22:00:00,31.0,24.0,24.0,0.0,1021.0,62.0,7.0,0.0,0.0
2025-06-13 23:00:00,33.0,25.0,24.0,0.0,1021.0,62.0,5.0,0.0,0.0
2025-06-14 00:00:00,31.0,24.0,24.0,0.0,1021.0,58.0,5.0,0.0,0.0
2025-06-14 01:00:00,22.0,17.0,23.0,0.0,1021.0,56.0,5.0,0.0,0.0
2025-06-14 02:00:00,21.0,14.0,23.0,0.0,1021.0,54.0,4.0,0.0,0.0
2025-06-14 03:00:00,18.0,13.0,23.0,0.0,1020.0,52.0,4.0,0.0,0.0
2025-06-14 04:00:00,17.0,12.0,22.0,0.0,1020.0,54.0,5.0,0.0,0.0
2025-06-14 05:00:00,17.0,12.0,23.0,0.0,1020.0,54.0,5.0,0.0,0.0
2025-06-14 06:00:00,16.0,11.0,23.0,0.0,1020.0,55.0,4.0,0.0,0.0
2025-06-14 07:00:00,29.0,13.0,27.0,0.0,1020.0,42.0,4.0,0.0,0.0
2025-06-14 08:00:00,20.0,13.0,29.0,0.0,1020.0,39.0,4.0,0.0,0.0
2025-06-14 09:00:00,17.0,12.0,30.0,0.0,1019.0,36.0,3.0,0.0,0.0
2025-06-14 10:00:00,18.0,11.0,30.0,0.0,1019.0,40.0,0.0,0.0,0.0
2025-06-14 11:00:00,21.0,13.0,29.0,0.0,1019.0,46.0,3.0,0.0,0.0
2025-06-14 12:00:00,23.0,13.0,29.0,0.0,1018.0,50.0,8.0,0.0,0.0
2025-06-14 13:00:00,23.0,14.0,29.0,0.0,1018.0,51.0,13.0,0.0,0.0
2025-06-14 14:00:00,23.0,13.0,29.0,0.0,1018.0,53.0,14.0,0.0,0.0
2025-06-14 15:00:00,18.0,12.0,28.0,0.0,1018.0,55.0,14.0,0.0,0.0
2025-06-14 16:00:00,23.0,15.0,27.0,0.0,1019.0,62.0,16.0,0.0,0.0
2025-06-14 17:00:00,27.0,16.0,26.0,0.0,1019.0,63.0,4.0,0.0,0.0
2025-06-14 18:00:00,23.0,14.0,26.0,0.0,1019.0,65.0,7.0,0.0,0.0
2025-06-14 19:00:00,21.0,13.0,25.0,0.0,1018.0,62.0,7.0,0.0,0.0
2025-06-14 20:00:00,24.0,12.0,25.0,0.0,1018.0,58.0,6.0,0.0,0.0
2025-06-14 21:00:00,25.0,13.0,24.0,0.0,1019.0,62.0,2.0,0.0,0.0
2025-06-14 22:00:00,26.0,16.0,24.0,0.0,1019.0,66.0,2.0,0.0,0.0
2025-06-14 23:00:00,25.0,16.0,24.0,0.0,1019.0,65.0,3.0,0.0,0.0
2025-06-15 00:00:00,30.0,19.0,23.0,0.0,1019.0,66.0,4.0,0.0,0.0
2025-06-15 01:00:00,28.0,18.0,23.0,0.0,1019.0,70.0,4.0,0.0,0.0
2025-06-15 02:00:00,36.0,19.0,23.0,0.0,1019.0,66.0,5.0,0.0,0.0
2025-06-15 03:00:00,27.0,16.0,23.0,0.0,1018.0,67.0,2.0,0.0,0.0
2025-06-15 04:00:00,22.0,17.0,22.0,0.0,1018.0,66.0,4.0,0.0,0.0
2025-06-15 05:00:00,24.0,16.0,23.0,0.0,1019.0,65.0,5.0,0.0,0.0
2025-06-15 06:00:00,24.0,16.0,24.0,0.0,1019.0,66.0,4.0,0.0,0.0
2025-06-15 07:00:00,24.0,16.0,28.0,0.0,1018.0,56.0,2.0,0.0,0.0
2025-06-15 08:00:00,23.0,16.0,30.0,0.0,1018.0,49.0,2.0,0.0,0.0
2025-06-15 09:00:00,22.0,15.0,30.0,0.0,1018.0,50.0,1.0,0.0,0.0
2025-06-15 10:00:00,23.0,16.0,30.0,0.0,1018.0,50.0,9.0,0.0,0.0
2025-06-15 11:00:00,24.0,16.0,30.0,0.0,1018.0,51.0,17.0,0.0,0.0
2025-06-15 12:00:00,25.0,16.0,30.0,0.0,1018.0,48.0,14.0,0.0,0.0
2025-06-15 13:00:00,26.0,18.0,30.0,0.0,1017.0,46.0,10.0,0.0,0.0
2025-06-15 14:00:00,26.0,17.0,30.0,0.0,1016.0,46.0,7.0,0.0,0.0
2025-06-15 15:00:00,23.0,16.0,29.0,0.0,1016.0,53.0,5.0,0.0,0.0
2025-06-15 16:00:00,22.0,16.0,28.0,0.0,1016.0,52.0,6.0,0.0,0.0
2025-06-15 17:00:00,25.0,17.0,26.0,0.0,1016.0,56.0,6.0,0.0,0.0
2025-06-15 18:00:00,26.0,18.0,26.0,0.0,1016.0,68.0,3.0,0.0,0.0
2025-06-15 19:00:00,28.0,18.0,25.0,0.0,1016.0,67.0,5.0,0.0,0.0
2025-06-15 20:00:00,27.0,17.0,25.0,0.0,1016.0,60.0,6.0,0.0,0.0
2025-06-15 21:00:00,26.0,17.0,24.0,0.0,1015.0,60.0,4.0,0.0,0.0
2025-06-15 22:00:00,29.0,19.0,24.0,0.0,1016.0,54.0,3.0,0.0,0.0
2025-06-15 23:00:00,29.0,20.0,23.0,0.0,1015.0,62.0,3.0,0.0,0.0
2025-06-16 00:00:00,27.0,20.0,23.0,0.0,1015.0,66.0,3.0,0.0,0.0
2025-06-16 01:00:00,26.0,19.0,23.0,0.0,1015.0,62.0,5.0,0.0,0.0
2025-06-16 02:00:00,25.0,20.0,23.0,0.0,1014.0,62.0,3.0,0.0,0.0
2025-06-16 03:00:00,26.0,20.0,23.0,0.0,1014.0,65.0,3.0,0.0,0.0
2025-06-16 04:00:00,26.0,20.0,23.0,0.0,1014.0,69.0,4.0,0.0,0.0
2025-06-16 05:00:00,28.0,14.0,23.0,0.0,1014.0,73.0,3.0,0.0,0.0
2025-06-16 06:00:00,20.0,12.0,24.0,0.0,1014.0,72.0,3.0,0.0,0.0
2025-06-16 07:00:00,23.0,18.0,25.0,0.0,1017.0,70.0,17.0,0.0,0.0
2025-06-16 08:00:00,25.0,19.0,26.0,0.0,1017.0,67.0,22.0,0.0,0.0
2025-06-16 09:00:00,21.0,15.0,27.0,0.0,1017.0,63.0,17.0,0.0,0.0
2025-06-16 10:00:00,22.0,13.0,27.0,0.0,1017.0,60.0,19.0,0.0,0.0
2025-06-16 11:00:00,15.0,7.0,28.0,0.0,1017.0,58.0,24.0,0.0,0.0
2025-06-16 12:00:00,12.0,7.0,28.0,0.0,1017.0,54.0,32.0,0.0,0.0
2025-06-16 13:00:00,18.0,8.0,28.0,0.0,1017.0,51.0,30.0,0.0,0.0
2025-06-16 14:00:00,14.0,7.0,29.0,0.0,1017.0,50.0,25.0,0.0,0.0
2025-06-16 15:00:00,10.0,4.0,28.0,0.0,1017.0,50.0,19.0,0.0,0.0
2025-06-16 16:00:00,19.0,9.0,28.0,0.0,1018.0,51.0,15.0,0.0,0.0
2025-06-16 17:00:00,16.0,10.0,25.0,0.0,1018.0,73.0,30.0,0.0,0.0
2025-06-16 18:00:00,14.0,8.0,24.0,0.0,1018.0,71.0,17.0,0.0,0.0
2025-06-16 19:00:00,12.0,7.0,24.0,0.0,1019.0,69.0,10.0,0.0,0.0
2025-06-16 20:00:00,12.0,6.0,24.0,0.0,1019.0,60.0,14.0,0.0,0.0
2025-06-16 21:00:00,11.0,6.0,24.0,0.0,1020.0,61.0,14.0,0.0,0.0
2025-06-16 22:00:00,12.0,6.0,24.0,0.0,1020.0,64.0,9.0,0.0,0.0
2025-06-16 23:00:00,8.0,4.0,24.0,0.0,1020.0,58.0,15.0,0.0,0.0
2025-06-17 00:00:00,9.0,5.0,24.0,0.0,1020.0,57.0,14.0,0.0,0.0
2025-06-17 01:00:00,7.0,5.0,23.0,0.0,1020.0,58.0,15.0,0.0,0.0
2025-06-17 02:00:00,7.0,4.0,23.0,0.0,1020.0,57.0,17.0,0.0,0.0
2025-06-17 03:00:00,7.0,5.0,22.0,0.0,1020.0,58.0,17.0,0.0,0.0
2025-06-17 04:00:00,8.0,5.0,22.0,0.0,1020.0,57.0,15.0,0.0,0.0
2025-06-17 05:00:00,9.0,6.0,21.0,0.0,1020.0,58.0,16.0,0.0,0.0
2025-06-17 06:00:00,11.0,7.0,22.0,0.0,1021.0,58.0,16.0,0.0,0.0
2025-06-17 07:00:00,10.0,7.0,24.0,0.0,1020.0,44.0,6.0,0.0,0.0
2025-06-17 08:00:00,13.0,8.0,26.0,0.0,1020.0,40.0,6.0,0.0,0.0
2025-06-17 09:00:00,13.0,8.0,27.0,0.0,1020.0,38.0,9.0,0.0,0.0
2025-06-17 10:00:00,12.0,8.0,28.0,0.0,1021.0,40.0,12.0,0.0,0.0
2025-06-17 11:00:00,15.0,8.0,28.0,0.0,1020.0,42.0,18.0,0.0,0.0
2025-06-17 12:00:00,13.0,7.0,27.0,0.0,1020.0,45.0,26.0,0.0,0.0
2025-06-17 13:00:00,12.0,7.0,27.0,0.0,1020.0,45.0,23.0,0.0,0.0
2025-06-17 14:00:00,11.0,6.0,27.0,0.0,1020.0,44.0,22.0,0.0,0.0
2025-06-17 15:00:00,9.0,5.0,26.0,0.0,1019.0,42.0,23.0,0.0,0.0
2025-06-17 16:00:00,10.0,5.0,25.0,0.0,1019.0,42.0,21.0,0.0,0.0
2025-06-17 17:00:00,14.0,6.0,24.0,0.0,1019.0,48.0,17.0,0.0,0.0
2025-06-17 18:00:00,12.0,5.0,23.0,0.0,1020.0,66.0,14.0,0.0,0.0
2025-06-17 19:00:00,10.0,5.0,24.0,0.0,1020.0,53.0,6.0,0.0,0.0
2025-06-17 20:00:00,9.0,5.0,23.0,0.0,1020.0,52.0,9.0,0.0,0.0
2025-06-17 21:00:00,9.0,5.0,23.0,0.0,1021.0,51.0,9.0,0.0,0.0
2025-06-17 22:00:00,11.0,6.0,22.0,0.0,1021.0,56.0,9.0,0.0,0.0
2025-06-17 23:00:00,10.0,6.0,22.0,0.0,1021.0,59.0,10.0,0.0,0.0
2025-06-18 00:00:00,9.0,7.0,22.0,0.0,1021.0,60.0,10.0,0.0,0.0
2025-06-18 01:00:00,10.0,7.0,21.0,0.0,1020.0,61.0,10.0,0.0,0.0
2025-06-18 02:00:00,11.0,7.0,21.0,0.0,1020.0,61.0,10.0,0.0,0.0
2025-06-18 03:00:00,11.0,7.0,21.0,0.0,1020.0,61.0,8.0,0.0,0.0
2025-06-18 04:00:00,11.0,7.0,21.0,0.0,1020.0,62.0,5.0,0.0,0.0
2025-06-18 05:00:00,12.0,7.0,21.0,0.0,1021.0,63.0,4.0,0.0,0.0
2025-06-18 06:00:00,12.0,7.0,22.0,0.0,1021.0,58.0,4.0,0.0,0.0
2025-06-18 07:00:00,12.0,7.0,26.0,0.0,1020.0,42.0,6.0,0.0,0.0
2025-06-18 08:00:00,15.0,8.0,28.0,0.0,1020.0,39.0,7.0,0.0,0.0
2025-06-18 09:00:00,17.0,8.0,30.0,0.0,1020.0,36.0,9.0,0.0,0.0
2025-06-18 10:00:00,19.0,8.0,30.0,0.0,1020.0,35.0,9.0,0.0,0.0
2025-06-18 11:00:00,16.0,8.0,31.0,0.0,1020.0,35.0,10.0,0.0,0.0
2025-06-18 12:00:00,14.0,7.0,29.0,0.0,1020.0,44.0,22.0,0.0,0.0
2025-06-18 13:00:00,12.0,7.0,29.0,0.0,1019.0,41.0,17.0,0.0,0.0
2025-06-18 14:00:00,13.0,8.0,28.0,0.0,1019.0,48.0,18.0,0.0,0.0
2025-06-18 15:00:00,14.0,8.0,28.0,0.0,1019.0,51.0,15.0,0.0,0.0
2025-06-18 16:00:00,14.0,8.0,28.0,0.0,1019.0,53.0,14.0,0.0,0.0
2025-06-18 17:00:00,14.0,8.0,27.0,0.0,1019.0,56.0,12.0,0.0,0.0
2025-06-18 18:00:00,13.0,7.0,26.0,0.0,1019.0,56.0,6.0,0.0,0.0
2025-06-18 19:00:00,15.0,7.0,25.0,0.0,1019.0,66.0,4.0,0.0,0.0
2025-06-18 20:00:00,13.0,7.0,24.0,0.0,1020.0,67.0,2.0,0.0,0.0
2025-06-18 21:00:00,14.0,8.0,24.0,0.0,1020.0,66.0,3.0,0.0,0.0
2025-06-18 22:00:00,12.0,7.0,24.0,0.0,1020.0,65.0,5.0,0.0,0.0
2025-06-18 23:00:00,12.0,8.0,23.0,0.0,1020.0,60.0,6.0,0.0,0.0
2025-06-19 00:00:00,17.0,9.0,23.0,0.0,1020.0,58.0,6.0,0.0,0.0
2025-06-19 01:00:00,16.0,10.0,23.0,0.0,1020.0,60.0,5.0,0.0,0.0
2025-06-19 02:00:00,14.0,9.0,22.0,0.0,1019.0,65.0,5.0,0.0,0.0
2025-06-19 03:00:00,13.0,9.0,22.0,0.0,1019.0,67.0,5.0,0.0,0.0
2025-06-19 04:00:00,14.0,10.0,22.0,0.0,1019.0,69.0,4.0,0.0,0.0
2025-06-19 05:00:00,14.0,10.0,22.0,0.0,1019.0,70.0,4.0,0.0,0.0
2025-06-19 06:00:00,14.0,10.0,23.0,0.0,1019.0,64.0,3.0,0.0,0.0
2025-06-19 07:00:00,15.0,10.0,25.0,0.0,1019.0,60.0,2.0,0.0,0.0
2025-06-19 08:00:00,20.0,12.0,26.0,0.0,1019.0,60.0,4.0,0.0,0.0
2025-06-19 09:00:00,18.0,11.0,27.0,0.0,1019.0,56.0,6.0,0.0,0.0
2025-06-19 10:00:00,18.0,12.0,27.0,0.0,1019.0,59.0,9.0,0.0,0.0
2025-06-19 11:00:00,19.0,13.0,27.0,0.0,1018.0,57.0,10.0,0.0,0.0
2025-06-19 12:00:00,19.0,13.0,28.0,0.0,1018.0,55.0,10.0,0.0,0.0
2025-06-19 13:00:00,19.0,13.0,28.0,0.0,1018.0,55.0,10.0,0.0,0.0
2025-06-19 14:00:00,21.0,14.0,28.0,0.0,1017.0,55.0,10.0,0.0,0.0
2025-06-19 15:00:00,20.0,13.0,28.0,0.0,1017.0,56.0,9.0,0.0,0.0
2025-06-19 16:00:00,17.0,11.0,28.0,0.0,1017.0,58.0,5.0,0.0,0.0
2025-06-19 17:00:00,16.0,10.0,28.0,0.0,1017.0,57.0,3.0,0.0,0.0
2025-06-19 18:00:00,19.0,10.0,26.0,0.0,1017.0,66.0,3.0,0.0,0.0
2025-06-19 19:00:00,18.0,11.0,25.0,0.0,1017.0,74.0,2.0,0.0,0.0
2025-06-19 20:00:00,19.0,12.0,25.0,0.0,1017.0,73.0,1.0,0.0,0.0
2025-06-19 21:00:00,22.0,12.0,24.0,0.0,1018.0,71.0,3.0,0.0,0.0
2025-06-19 22:00:00,21.0,14.0,24.0,0.0,1018.0,69.0,3.0,0.0,0.0
2025-06-19 23:00:00,25.0,15.0,24.0,0.0,1018.0,71.0,2.0,0.0,0.0
2025-06-20 00:00:00,21.0,15.0,24.0,0.0,1018.0,63.0,2.0,0.0,0.0
2025-06-20 01:00:00,22.0,16.0,24.0,0.0,1018.0,65.0,2.0,0.0,0.0
2025-06-20 02:00:00,22.0,16.0,23.0,0.0,1018.0,68.0,1.0,0.0,0.0
2025-06-20 03:00:00,20.0,15.0,23.0,0.0,1018.0,69.0,1.0,0.0,0.0
2025-06-20 04:00:00,19.0,15.0,24.0,0.0,1018.0,72.0,2.0,0.0,0.0
2025-06-20 05:00:00,18.0,14.0,25.0,0.0,1018.0,66.0,8.0,0.0,0.0
2025-06-20 06:00:00,19.0,15.0,25.0,0.0,1019.0,63.0,10.0,0.0,0.0
2025-06-20 07:00:00,19.0,15.0,28.0,0.0,1018.0,54.0,9.0,0.0,0.0
2025-06-20 08:00:00,25.0,16.0,29.0,0.0,1019.0,51.0,9.0,0.0,0.0
2025-06-20 09:00:00,27.0,16.0,30.0,0.0,1019.0,48.0,12.0,0.0,0.0
2025-06-20 10:00:00,27.0,15.0,30.0,0.0,1019.0,46.0,15.0,0.0,0.0
2025-06-20 11:00:00,23.0,13.0,30.0,0.0,1018.0,47.0,16.0,0.0,0.0
2025-06-20 12:00:00,21.0,12.0,31.0,0.0,1018.0,49.0,12.0,0.0,0.0
2025-06-20 13:00:00,18.0,12.0,30.0,0.0,1018.0,49.0,5.0,0.0,0.0
2025-06-20 14:00:00,18.0,12.0,30.0,0.0,1018.0,51.0,9.0,0.0,0.0
2025-06-20 15:00:00,18.0,12.0,28.0,0.0,1018.0,55.0,12.0,0.0,0.0
2025-06-20 16:00:00,18.0,12.0,28.0,0.0,1018.0,56.0,7.0,0.0,0.0
2025-06-20 17:00:00,19.0,13.0,28.0,0.0,1018.0,57.0,5.0,0.0,0.0
2025-06-20 18:00:00,23.0,14.0,28.0,0.0,1018.0,66.0,4.0,0.0,0.0
2025-06-20 19:00:00,23.0,15.0,25.0,0.0,1018.0,80.0,1.0,0.0,0.0
2025-06-20 20:00:00,20.0,15.0,25.0,0.0,1019.0,72.0,7.0,0.0,0.0
2025-06-20 21:00:00,21.0,15.0,24.0,0.0,1019.0,69.0,8.0,0.0,0.0
2025-06-20 22:00:00,18.0,12.0,24.0,0.0,1020.0,68.0,7.0,0.0,0.0
2025-06-20 23:00:00,16.0,9.0,24.0,0.0,1020.0,65.0,6.0,0.0,0.0
2025-06-21 00:00:00,14.0,9.0,24.0,0.0,1020.0,63.0,6.0,0.0,0.0
2025-06-21 01:00:00,14.0,9.0,23.0,0.0,1020.0,60.0,7.0,0.0,0.0
2025-06-21 02:00:00,15.0,9.0,23.0,0.0,1020.0,54.0,9.0,0.0,0.0
2025-06-21 03:00:00,14.0,9.0,23.0,0.0,1020.0,51.0,9.0,0.0,0.0
2025-06-21 04:00:00,15.0,9.0,23.0,0.0,1020.0,53.0,8.0,0.0,0.0
2025-06-21 05:00:00,15.0,8.0,23.0,0.0,1020.0,52.0,8.0,0.0,0.0
2025-06-21 06:00:00,14.0,7.0,23.0,0.0,1021.0,53.0,9.0,0.0,0.0
2025-06-21 07:00:00,15.0,7.0,26.0,0.0,1021.0,36.0,10.0,0.0,0.0
2025-06-21 08:00:00,17.0,7.0,26.0,0.0,1021.0,34.0,10.0,0.0,0.0
2025-06-21 09:00:00,18.0,8.0,27.0,0.0,1021.0,32.0,9.0,0.0,0.0
2025-06-21 10:00:00,20.0,8.0,28.0,0.0,1021.0,33.0,7.0,0.0,0.0
2025-06-21 11:00:00,18.0,7.0,28.0,0.0,1021.0,36.0,6.0,0.0,0.0
2025-06-21 12:00:00,18.0,7.0,28.0,0.0,1020.0,40.0,9.0,0.0,0.0
2025-06-21 13:00:00,15.0,8.0,27.0,0.0,1020.0,49.0,14.0,0.0,0.0
2025-06-21 14:00:00,18.0,9.0,27.0,0.0,1020.0,51.0,15.0,0.0,0.0
2025-06-21 15:00:00,15.0,8.0,27.0,0.0,1019.0,52.0,17.0,0.0,0.0
2025-06-21 16:00:00,18.0,8.0,27.0,0.0,1019.0,54.0,12.0,0.0,0.0
2025-06-21 17:00:00,17.0,8.0,26.0,0.0,1019.0,52.0,5.0,0.0,0.0
2025-06-21 18:00:00,16.0,9.0,26.0,0.0,1019.0,53.0,2.0,0.0,0.0
2025-06-21 19:00:00,16.0,9.0,24.0,0.0,1019.0,76.0,2.0,0.0,0.0
2025-06-21 20:00:00,16.0,9.0,24.0,0.0,1020.0,82.0,2.0,0.0,0.0
2025-06-21 21:00:00,18.0,10.0,24.0,0.0,1020.0,66.0,3.0,0.0,0.0
2025-06-21 22:00:00,20.0,10.0,23.0,0.0,1021.0,69.0,3.0,0.0,0.0
2025-06-21 23:00:00,17.0,10.0,22.0,0.0,1021.0,68.0,4.0,0.0,0.0
2025-06-22 00:00:00,16.0,11.0,22.0,0.0,1021.0,64.0,4.0,0.0,0.0
2025-06-22 01:00:00,20.0,12.0,22.0,0.0,1021.0,62.0,4.0,0.0,0.0
2025-06-22 02:00:00,16.0,11.0,22.0,0.0,1021.0,61.0,4.0,0.0,0.0
2025-06-22 03:00:00,16.0,11.0,21.0,0.0,1020.0,58.0,5.0,0.0,0.0
2025-06-22 04:00:00,16.0,11.0,21.0,0.0,1020.0,59.0,5.0,0.0,0.0
2025-06-22 05:00:00,15.0,10.0,21.0,0.0,1020.0,62.0,5.0,0.0,0.0
2025-06-22 06:00:00,16.0,11.0,23.0,0.0,1021.0,61.0,5.0,0.0,0.0
2025-06-22 07:00:00,18.0,10.0,26.0,0.0,1020.0,45.0,4.0,0.0,0.0
2025-06-22 08:00:00,16.0,10.0,28.0,0.0,1021.0,40.0,6.0,0.0,0.0
2025-06-22 09:00:00,15.0,9.0,28.0,0.0,1021.0,40.0,3.0,0.0,0.0
2025-06-22 10:00:00,15.0,9.0,28.0,0.0,1020.0,47.0,4.0,0.0,0.0
2025-06-22 11:00:00,14.0,9.0,28.0,0.0,1020.0,49.0,12.0,0.0,0.0
2025-06-22 12:00:00,18.0,9.0,27.0,0.0,1020.0,53.0,16.0,0.0,0.0
2025-06-22 13:00:00,17.0,9.0,28.0,0.0,1020.0,50.0,16.0,0.0,0.0
2025-06-22 14:00:00,22.0,11.0,28.0,0.0,1019.0,52.0,16.0,0.0,0.0
2025-06-22 15:00:00,19.0,12.0,27.0,0.0,1019.0,53.0,14.0,0.0,0.0
2025-06-22 16:00:00,17.0,10.0,27.0,0.0,1019.0,59.0,10.0,0.0,0.0
2025-06-22 17:00:00,18.0,10.0,26.0,0.0,1018.0,57.0,6.0,0.0,0.0
2025-06-22 18:00:00,17.0,10.0,25.0,0.0,1018.0,65.0,1.0,0.0,0.0
2025-06-22 19:00:00,18.0,10.0,25.0,0.0,1018.0,68.0,4.0,0.0,0.0
2025-06-22 20:00:00,20.0,11.0,24.0,0.0,1019.0,63.0,4.0,0.0,0.0
2025-06-22 21:00:00,22.0,10.0,23.0,0.0,1019.0,57.0,5.0,0.0,0.0
2025-06-22 22:00:00,16.0,10.0,23.0,0.0,1019.0,54.0,4.0,0.0,0.0
2025-06-22 23:00:00,18.0,11.0,22.0,0.0,1019.0,59.0,3.0,0.0,0.0
2025-06-23 00:00:00,18.0,11.0,22.0,0.0,1019.0,60.0,5.0,0.0,0.0
2025-06-23 01:00:00,17.0,12.0,22.0,0.0,1018.0,58.0,5.0,0.0,0.0
2025-06-23 02:00:00,17.0,12.0,22.0,0.0,1018.0,54.0,4.0,0.0,0.0
2025-06-23 03:00:00,16.0,12.0,22.0,0.0,1018.0,57.0,2.0,0.0,0.0
2025-06-23 04:00:00,17.0,12.0,22.0,0.0,1017.0,61.0,4.0,0.0,0.0
2025-06-23 05:00:00,17.0,12.0,22.0,0.0,1018.0,64.0,5.0,0.0,0.0
2025-06-23 06:00:00,18.0,12.0,23.0,0.0,1018.0,64.0,4.0,0.0,0.0
2025-06-23 07:00:00,18.0,12.0,27.0,0.0,1017.0,57.0,3.0,0.0,0.0
2025-06-23 08:00:00,19.0,13.0,28.0,0.0,1017.0,54.0,3.0,0.0,0.0
2025-06-23 09:00:00,24.0,13.0,29.0,0.0,1017.0,48.0,3.0,0.0,0.0
2025-06-23 10:00:00,23.0,13.0,30.0,0.0,1017.0,49.0,6.0,0.0,0.0
2025-06-23 11:00:00,18.0,12.0,31.0,0.0,1017.0,48.0,10.0,0.0,0.0
2025-06-23 12:00:00,17.0,10.0,31.0,0.0,1016.0,46.0,14.0,0.0,0.0
2025-06-23 13:00:00,18.0,11.0,31.0,0.0,1016.0,46.0,16.0,0.0,0.0
2025-06-23 14:00:00,17.0,10.0,30.0,0.0,1015.0,49.0,17.0,0.0,0.0
2025-06-23 15:00:00,16.0,10.0,30.0,0.0,1014.0,50.0,15.0,0.0,0.0
2025-06-23 16:00:00,16.0,11.0,30.0,0.0,1014.0,49.0,14.0,0.0,0.0
2025-06-23 17:00:00,15.0,10.0,29.0,0.0,1014.0,52.0,12.0,0.0,0.0
2025-06-23 18:00:00,17.0,10.0,28.0,0.0,1014.0,65.0,12.0,0.0,0.0
2025-06-23 19:00:00,17.0,11.0,26.0,0.0,1014.0,64.0,4.0,0.0,0.0
2025-06-23 20:00:00,19.0,12.0,25.0,0.0,1014.0,68.0,5.0,0.0,0.0
2025-06-23 21:00:00,18.0,12.0,25.0,0.0,1014.0,61.0,6.0,0.0,0.0
2025-06-23 22:00:00,21.0,12.0,25.0,0.0,1015.0,57.0,7.0,0.0,0.0
2025-06-23 23:00:00,22.0,12.0,24.0,0.0,1014.0,54.0,8.0,0.0,0.0
2025-06-24 00:00:00,20.0,12.0,24.0,0.0,1014.0,55.0,8.0,0.0,0.0
2025-06-24 01:00:00,18.0,13.0,24.0,0.0,1014.0,58.0,7.0,0.0,0.0
2025-06-24 02:00:00,19.0,13.0,23.0,0.0,1014.0,59.0,7.0,0.0,0.0
2025-06-24 03:00:00,17.0,12.0,23.0,0.0,1014.0,61.0,9.0,0.0,0.0
2025-06-24 04:00:00,16.0,11.0,22.0,0.0,1014.0,65.0,8.0,0.0,0.0
2025-06-24 05:00:00,14.0,11.0,23.0,0.0,1014.0,68.0,8.0,0.0,0.0
2025-06-24 06:00:00,15.0,11.0,24.0,0.0,1014.0,68.0,6.0,0.0,0.0
2025-06-24 07:00:00,16.0,11.0,30.0,0.0,1015.0,37.0,5.0,0.0,0.0
2025-06-24 08:00:00,19.0,11.0,32.0,0.0,1015.0,36.0,6.0,0.0,0.0
2025-06-24 09:00:00,19.0,11.0,32.0,0.0,1015.0,35.0,5.0,0.0,0.0
2025-06-24 10:00:00,25.0,12.0,33.0,0.0,1015.0,37.0,6.0,0.0,0.0
2025-06-24 11:00:00,20.0,12.0,32.0,0.0,1014.0,42.0,4.0,0.0,0.0
2025-06-24 12:00:00,18.0,11.0,31.0,0.0,1014.0,49.0,1.0,0.0,0.0
2025-06-24 13:00:00,16.0,11.0,31.0,0.0,1014.0,54.0,4.0,0.0,0.0
2025-06-24 14:00:00,18.0,11.0,32.0,0.0,1014.0,53.0,15.0,0.0,0.0
2025-06-24 15:00:00,17.0,10.0,31.0,0.0,1014.0,53.0,18.0,0.0,0.0
2025-06-24 16:00:00,16.0,11.0,30.0,0.0,1014.0,54.0,16.0,0.0,0.0
2025-06-24 17:00:00,21.0,12.0,30.0,0.0,1014.0,57.0,10.0,0.0,0.0
2025-06-24 18:00:00,22.0,13.0,28.0,0.0,1014.0,62.0,5.0,0.0,0.0
2025-06-24 19:00:00,22.0,13.0,26.0,0.0,1014.0,78.0,3.0,0.0,0.0
2025-06-24 20:00:00,27.0,14.0,25.0,0.0,1015.0,79.0,3.0,0.0,0.0
2025-06-24 21:00:00,26.0,13.0,24.0,0.0,1015.0,86.0,1.0,0.0,0.0
2025-06-24 22:00:00,22.0,12.0,24.0,0.0,1015.0,76.0,1.0,0.0,0.0
2025-06-24 23:00:00,20.0,11.0,24.0,0.0,1016.0,76.0,3.0,0.0,0.0
2025-06-25 00:00:00,20.0,12.0,24.0,0.0,1015.0,73.0,4.0,0.0,0.0
2025-06-25 01:00:00,20.0,13.0,24.0,0.0,1015.0,70.0,5.0,0.0,0.0
2025-06-25 02:00:00,19.0,14.0,23.0,0.0,1015.0,67.0,6.0,0.0,0.0
2025-06-25 03:00:00,18.0,13.0,23.0,0.0,1015.0,66.0,5.0,0.0,0.0
2025-06-25 04:00:00,17.0,12.0,23.0,0.0,1015.0,68.0,4.0,0.0,0.0
2025-06-25 05:00:00,17.0,11.0,23.0,0.0,1015.0,70.0,4.0,0.0,0.0
2025-06-25 06:00:00,16.0,11.0,24.0,0.0,1015.0,70.0,3.0,0.0,0.0
2025-06-25 07:00:00,18.0,11.0,28.0,0.0,1015.0,53.0,1.0,0.0,0.0
2025-06-25 08:00:00,20.0,12.0,30.0,0.0,1016.0,50.0,0.0,0.0,0.0
2025-06-25 09:00:00,20.0,11.0,30.0,0.0,1016.0,46.0,4.0,0.0,0.0
2025-06-25 10:00:00,18.0,12.0,30.0,0.0,1016.0,46.0,8.0,0.0,0.0
2025-06-25 11:00:00,20.0,12.0,30.0,0.0,1016.0,49.0,10.0,0.0,0.0
2025-06-25 12:00:00,19.0,12.0,29.0,0.0,1015.0,54.0,9.0,0.0,0.0
2025-06-25 13:00:00,21.0,12.0,30.0,0.0,1015.0,56.0,9.0,0.0,0.0
2025-06-25 14:00:00,20.0,12.0,29.0,0.0,1014.0,59.0,9.0,0.0,0.0
2025-06-25 15:00:00,26.0,13.0,29.0,0.0,1014.0,62.0,9.0,0.0,0.0
2025-06-25 16:00:00,20.0,12.0,28.0,0.0,1014.0,64.0,6.0,0.0,0.0
2025-06-25 17:00:00,18.0,12.0,28.0,0.0,1014.0,64.0,4.0,0.0,0.0
2025-06-25 18:00:00,17.0,12.0,28.0,0.0,1014.0,70.0,4.0,0.0,0.0
2025-06-25 19:00:00,16.0,11.0,26.0,0.0,1015.0,78.0,1.0,0.0,0.0
2025-06-25 20:00:00,18.0,12.0,26.0,0.0,1014.0,79.0,3.0,0.0,0.0
2025-06-25 21:00:00,20.0,12.0,25.0,0.0,1015.0,82.0,1.0,0.0,0.0
2025-06-25 22:00:00,19.0,12.0,25.0,0.0,1015.0,81.0,3.0,0.0,0.0
2025-06-25 23:00:00,20.0,14.0,24.0,0.0,1016.0,77.0,1.0,0.0,0.0
2025-06-26 00:00:00,23.0,15.0,24.0,0.0,1015.0,78.0,4.0,0.0,0.0
2025-06-26 01:00:00,23.0,15.0,24.0,0.0,1014.0,76.0,3.0,0.0,0.0
2025-06-26 02:00:00,23.0,15.0,24.0,0.0,1014.0,76.0,2.0,0.0,0.0
2025-06-26 03:00:00,22.0,15.0,24.0,0.0,1014.0,77.0,3.0,0.0,0.0
2025-06-26 04:00:00,22.0,16.0,23.0,0.0,1014.0,78.0,5.0,0.0,0.0
2025-06-26 05:00:00,22.0,16.0,24.0,0.0,1014.0,78.0,5.0,0.0,0.0
2025-06-26 06:00:00,25.0,16.0,25.0,0.0,1014.0,76.0,3.0,0.0,0.0
2025-06-26 07:00:00,22.0,15.0,30.0,0.0,1014.0,55.0,6.0,0.0,0.0
2025-06-26 08:00:00,24.0,15.0,31.0,0.0,1014.0,51.0,3.0,0.0,0.0
2025-06-26 09:00:00,27.0,15.0,31.0,0.0,1015.0,51.0,3.0,0.0,0.0
2025-06-26 10:00:00,35.0,17.0,31.0,0.0,1015.0,52.0,5.0,0.0,0.0
2025-06-26 11:00:00,40.0,19.0,30.0,0.0,1014.0,57.0,8.0,0.0,0.0
2025-06-26 12:00:00,30.0,17.0,30.0,0.0,1014.0,59.0,9.0,0.0,0.0
2025-06-26 13:00:00,24.0,14.0,30.0,0.0,1014.0,61.0,8.0,0.0,0.0
2025-06-26 14:00:00,23.0,14.0,31.0,0.0,1014.0,60.0,9.0,0.0,0.0
2025-06-26 15:00:00,23.0,14.0,31.0,0.0,1013.0,60.0,6.0,0.0,0.0
2025-06-26 16:00:00,22.0,13.0,30.0,0.0,1013.0,62.0,8.0,0.0,0.0
2025-06-26 17:00:00,24.0,13.0,30.0,0.0,1013.0,63.0,2.0,0.0,0.0
2025-06-26 18:00:00,23.0,14.0,28.0,0.0,1013.0,81.0,4.0,0.0,0.0
2025-06-26 19:00:00,24.0,14.0,27.0,0.0,1014.0,80.0,0.0,0.0,0.0
2025-06-26 20:00:00,27.0,14.0,26.0,0.0,1014.0,82.0,1.0,0.0,0.0
2025-06-26 21:00:00,23.0,13.0,26.0,0.0,1015.0,80.0,3.0,0.0,0.0
2025-06-26 22:00:00,33.0,14.0,26.0,0.0,1016.0,77.0,4.0,0.0,0.0
2025-06-26 23:00:00,26.0,16.0,26.0,0.0,1016.0,76.0,4.0,0.0,0.0
2025-06-27 00:00:00,64.0,18.0,25.0,0.0,1016.0,74.0,6.0,0.0,0.0
2025-06-27 01:00:00,31.0,12.0,25.0,0.0,1016.0,74.0,4.0,0.0,0.0
2025-06-27 02:00:00,19.0,10.0,25.0,0.0,1016.0,70.0,5.0,0.0,0.0
2025-06-27 03:00:00,14.0,8.0,25.0,0.0,1016.0,64.0,6.0,0.0,0.0
2025-06-27 04:00:00,11.0,7.0,26.0,0.0,1016.0,64.0,6.0,0.0,0.0
2025-06-27 05:00:00,10.0,7.0,26.0,0.0,1017.0,64.0,7.0,0.0,0.0
2025-06-27 06:00:00,11.0,7.0,27.0,0.0,1017.0,61.0,9.0,0.0,0.0
2025-06-27 07:00:00,11.0,6.0,28.0,0.0,1018.0,44.0,8.0,0.0,0.0
2025-06-27 08:00:00,8.0,5.0,30.0,0.0,1018.0,42.0,11.0,0.0,0.0
2025-06-27 09:00:00,8.0,4.0,31.0,0.0,1018.0,40.0,10.0,0.0,0.0
2025-06-27 10:00:00,8.0,4.0,32.0,0.0,1019.0,39.0,14.0,0.0,0.0
2025-06-27 11:00:00,8.0,4.0,32.0,0.0,1019.0,39.0,15.0,0.0,0.0
2025-06-27 12:00:00,8.0,4.0,32.0,0.0,1018.0,41.0,14.0,0.0,0.0
2025-06-27 13:00:00,7.0,4.0,32.0,0.0,1018.0,43.0,9.0,0.0,0.0
2025-06-27 14:00:00,6.0,4.0,32.0,0.0,1018.0,42.0,5.0,0.0,0.0
2025-06-27 15:00:00,7.0,4.0,32.0,0.0,1017.0,45.0,5.0,0.0,0.0
2025-06-27 16:00:00,8.0,4.0,30.0,0.0,1017.0,55.0,11.0,0.0,0.0
2025-06-27 17:00:00,8.0,5.0,29.0,0.0,1018.0,62.0,13.0,0.0,0.0
2025-06-27 18:00:00,9.0,5.0,28.0,0.0,1018.0,66.0,1.0,0.0,0.0
2025-06-27 19:00:00,8.0,5.0,27.0,0.0,1018.0,75.0,4.0,0.0,0.0
2025-06-27 20:00:00,9.0,5.0,26.0,0.0,1018.0,83.0,2.0,0.0,0.0
2025-06-27 21:00:00,10.0,5.0,26.0,0.0,1019.0,80.0,1.0,0.0,0.0
2025-06-27 22:00:00,11.0,6.0,26.0,0.0,1020.0,70.0,2.0,0.0,0.0
2025-06-27 23:00:00,11.0,6.0,26.0,0.0,1020.0,70.0,3.0,0.0,0.0
2025-06-28 00:00:00,12.0,7.0,26.0,0.0,1020.0,67.0,3.0,0.0,0.0
2025-06-28 01:00:00,12.0,7.0,26.0,0.0,1020.0,65.0,3.0,0.0,0.0
2025-06-28 02:00:00,11.0,7.0,26.0,0.0,1020.0,62.0,5.0,0.0,0.0
2025-06-28 03:00:00,10.0,6.0,26.0,0.0,1020.0,59.0,6.0,0.0,0.0
2025-06-28 04:00:00,9.0,6.0,26.0,0.0,1020.0,58.0,9.0,0.0,0.0
2025-06-28 05:00:00,9.0,6.0,26.0,0.0,1021.0,56.0,12.0,0.0,0.0
2025-06-28 06:00:00,9.0,6.0,26.0,0.0,1021.0,56.0,14.0,0.0,0.0
2025-06-28 07:00:00,9.0,6.0,29.0,0.0,1021.0,55.0,5.0,0.0,0.0
2025-06-28 08:00:00,10.0,6.0,31.0,0.0,1021.0,48.0,3.0,0.0,0.0
2025-06-28 09:00:00,10.0,7.0,32.0,0.0,1021.0,46.0,3.0,0.0,0.0
2025-06-28 10:00:00,9.0,6.0,32.0,0.0,1021.0,44.0,3.0,0.0,0.0
2025-06-28 11:00:00,9.0,5.0,31.0,0.0,1021.0,55.0,13.0,0.0,0.0
2025-06-28 12:00:00,10.0,6.0,30.0,0.0,1021.0,57.0,18.0,0.0,0.0
2025-06-28 13:00:00,9.0,6.0,30.0,0.0,1021.0,58.0,18.0,0.0,0.0
2025-06-28 14:00:00,9.0,5.0,30.0,0.0,1021.0,61.0,17.0,0.0,0.0
2025-06-28 15:00:00,8.0,5.0,29.0,0.0,1021.0,62.0,13.0,0.0,0.0
2025-06-28 16:00:00,7.0,5.0,29.0,0.0,1020.0,62.0,10.0,0.0,0.0
2025-06-28 17:00:00,9.0,5.0,29.0,0.0,1020.0,62.0,9.0,0.0,0.0
2025-06-28 18:00:00,8.0,4.0,28.0,0.0,1020.0,69.0,3.0,0.0,0.0
2025-06-28 19:00:00,9.0,5.0,27.0,0.0,1020.0,75.0,4.0,0.0,0.0
2025-06-28 20:00:00,10.0,5.0,26.0,0.0,1021.0,73.0,3.0,0.0,0.0
2025-06-28 21:00:00,10.0,5.0,26.0,0.0,1021.0,69.0,4.0,0.0,0.0
2025-06-28 22:00:00,9.0,5.0,26.0,0.0,1022.0,65.0,5.0,0.0,0.0
2025-06-28 23:00:00,10.0,6.0,26.0,0.0,1022.0,64.0,4.0,0.0,0.0
2025-06-29 00:00:00,9.0,5.0,25.0,0.0,1022.0,68.0,3.0,0.0,0.0
2025-06-29 01:00:00,10.0,6.0,25.0,0.0,1021.0,66.0,5.0,0.0,0.0
2025-06-29 02:00:00,9.0,6.0,25.0,0.0,1021.0,64.0,4.0,0.0,0.0
2025-06-29 03:00:00,9.0,6.0,25.0,0.0,1021.0,65.0,1.0,0.0,0.0
2025-06-29 04:00:00,8.0,6.0,25.0,0.0,1021.0,66.0,1.0,0.0,0.0
2025-06-29 05:00:00,9.0,6.0,25.0,0.0,1021.0,70.0,3.0,0.0,0.0
2025-06-29 06:00:00,8.0,6.0,26.0,0.0,1022.0,66.0,3.0,0.0,0.0
2025-06-29 07:00:00,9.0,5.0,30.0,0.0,1021.0,52.0,2.0,0.0,0.0
2025-06-29 08:00:00,10.0,5.0,31.0,0.0,1021.0,44.0,3.0,0.0,0.0
2025-06-29 09:00:00,8.0,5.0,32.0,0.0,1021.0,44.0,6.0,0.0,0.0
2025-06-29 10:00:00,8.0,5.0,31.0,0.0,1021.0,50.0,6.0,0.0,0.0
2025-06-29 11:00:00,8.0,5.0,30.0,0.0,1020.0,54.0,10.0,0.0,0.0
2025-06-29 12:00:00,6.0,4.0,31.0,0.0,1020.0,54.0,13.0,0.0,0.0
2025-06-29 13:00:00,7.0,4.0,30.0,0.0,1019.0,58.0,17.0,0.0,0.0
2025-06-29 14:00:00,10.0,6.0,30.0,0.0,1019.0,58.0,17.0,0.0,0.0
2025-06-29 15:00:00,10.0,6.0,30.0,0.0,1019.0,55.0,16.0,0.0,0.0
2025-06-29 16:00:00,11.0,7.0,30.0,0.0,1018.0,57.0,13.0,0.0,0.0
2025-06-29 17:00:00,13.0,8.0,29.0,0.0,1018.0,60.0,9.0,0.0,0.0
2025-06-29 18:00:00,13.0,7.0,28.0,0.0,1018.0,69.0,2.0,0.0,0.0
2025-06-29 19:00:00,11.0,7.0,27.0,0.0,1018.0,77.0,3.0,0.0,0.0
2025-06-29 20:00:00,10.0,6.0,26.0,0.0,1018.0,81.0,3.0,0.0,0.0
2025-06-29 21:00:00,12.0,6.0,26.0,0.0,1018.0,67.0,3.0,0.0,0.0
2025-06-29 22:00:00,10.0,6.0,26.0,0.0,1019.0,63.0,5.0,0.0,0.0
2025-06-29 23:00:00,10.0,6.0,26.0,0.0,1018.0,63.0,4.0,0.0,0.0
2025-06-30 00:00:00,10.0,6.0,25.0,0.0,1018.0,68.0,4.0,0.0,0.0
2025-06-30 01:00:00,10.0,7.0,25.0,0.0,1018.0,69.0,4.0,0.0,0.0
2025-06-30 02:00:00,10.0,7.0,25.0,0.0,1018.0,65.0,5.0,0.0,0.0
2025-06-30 03:00:00,11.0,7.0,25.0,0.0,1018.0,65.0,5.0,0.0,0.0
2025-06-30 04:00:00,11.0,7.0,25.0,0.0,1018.0,67.0,6.0,0.0,0.0
2025-06-30 05:00:00,10.0,7.0,25.0,0.0,1018.0,70.0,5.0,0.0,0.0
2025-06-30 06:00:00,10.0,7.0,26.0,0.0,1018.0,73.0,4.0,0.0,0.0
2025-06-30 07:00:00,11.0,7.0,30.0,0.0,1017.0,55.0,2.0,0.0,0.0
2025-06-30 08:00:00,13.0,7.0,31.0,0.0,1017.0,55.0,3.0,0.0,0.0
2025-06-30 09:00:00,18.0,10.0,32.0,0.0,1017.0,53.0,3.0,0.0,0.0
2025-06-30 10:00:00,20.0,10.0,32.0,0.0,1017.0,50.0,9.0,0.0,0.0
2025-06-30 11:00:00,17.0,10.0,32.0,0.0,1017.0,52.0,12.0,0.0,0.0
2025-06-30 12:00:00,15.0,10.0,32.0,0.0,1017.0,53.0,14.0,0.0,0.0
2025-06-30 13:00:00,14.0,10.0,32.0,0.0,1016.0,54.0,16.0,0.0,0.0
2025-06-30 14:00:00,14.0,10.0,32.0,0.0,1016.0,54.0,15.0,0.0,0.0
2025-06-30 15:00:00,13.0,10.0,31.0,0.0,1015.0,54.0,14.0,0.0,0.0
2025-06-30 16:00:00,12.0,8.0,30.0,0.0,1016.0,58.0,11.0,0.0,0.0
2025-06-30 17:00:00,10.0,7.0,29.0,0.0,1016.0,63.0,5.0,0.0,0.0
2025-06-30 18:00:00,10.0,6.0,29.0,0.0,1016.0,69.0,5.0,0.0,0.0
2025-06-30 19:00:00,11.0,6.0,27.0,0.0,1016.0,74.0,4.0,0.0,0.0
2025-06-30 20:00:00,9.0,6.0,27.0,0.0,1016.0,65.0,20.0,0.0,0.0
2025-06-30 21:00:00,11.0,6.0,27.0,0.0,1016.0,62.0,6.0,0.0,0.0
2025-06-30 22:00:00,19.0,8.0,26.0,0.0,1016.0,70.0,5.0,0.0,0.0
2025-06-30 23:00:00,15.0,8.0,26.0,0.0,1015.0,65.0,9.0,0.0,0.0
2025-07-01 00:00:00,15.0,9.0,26.0,0.0,1015.0,64.0,3.0,0.0,0.0
2025-07-01 01:00:00,12.0,9.0,26.0,0.0,1015.0,67.0,2.0,0.0,0.0
2025-07-01 02:00:00,12.0,8.0,25.0,0.0,1015.0,70.0,4.0,0.0,0.0
2025-07-01 03:00:00,12.0,8.0,25.0,0.0,1015.0,69.0,3.0,0.0,0.0
2025-07-01 04:00:00,12.0,8.0,25.0,0.0,1015.0,66.0,3.0,0.0,0.0
2025-07-01 05:00:00,14.0,10.0,26.0,0.0,1015.0,66.0,5.0,0.0,0.0
2025-07-01 06:00:00,15.0,11.0,27.0,0.0,1016.0,66.0,6.0,0.0,0.0
2025-07-01 07:00:00,16.0,12.0,27.0,0.0,1016.0,65.0,15.0,0.0,0.0
2025-07-01 08:00:00,24.0,14.0,28.0,0.1,1017.0,59.0,8.0,0.0,0.0
2025-07-01 09:00:00,17.0,12.0,26.0,0.0,1017.0,67.0,24.0,0.0,0.0
2025-07-01 10:00:00,21.0,10.0,27.0,0.0,1018.0,64.0,14.0,0.0,0.0
2025-07-01 11:00:00,25.0,9.0,29.0,0.0,1017.0,62.0,12.0,0.0,0.0
2025-07-01 12:00:00,19.0,8.0,30.0,0.0,1017.0,56.0,4.0,0.0,0.0
2025-07-01 13:00:00,19.0,8.0,31.0,0.0,1016.0,53.0,8.0,0.0,0.0
2025-07-01 14:00:00,16.0,8.0,31.0,0.0,1016.0,52.0,8.0,0.0,0.0
2025-07-01 15:00:00,15.0,9.0,31.0,0.0,1015.0,53.0,5.0,0.0,0.0
2025-07-01 16:00:00,16.0,10.0,31.0,0.0,1015.0,52.0,8.0,0.0,0.0
2025-07-01 17:00:00,17.0,11.0,30.0,0.0,1015.0,53.0,10.0,0.0,0.0
2025-07-01 18:00:00,18.0,11.0,29.0,0.0,1015.0,58.0,12.0,0.0,0.0
2025-07-01 19:00:00,15.0,11.0,28.0,0.0,1015.0,67.0,8.0,0.0,0.0
2025-07-01 20:00:00,17.0,12.0,26.0,0.0,1016.0,68.0,8.0,0.0,0.0
2025-07-01 21:00:00,16.0,12.0,26.0,0.0,1016.0,70.0,8.0,0.0,0.0
2025-07-01 22:00:00,16.0,11.0,25.0,0.0,1017.0,72.0,6.0,0.0,0.0
2025-07-01 23:00:00,17.0,13.0,25.0,0.0,1017.0,69.0,6.0,0.0,0.0
2025-07-02 00:00:00,17.0,12.0,24.0,0.0,1017.0,66.0,7.0,0.0,0.0
2025-07-02 01:00:00,16.0,11.0,24.0,0.0,1017.0,62.0,8.0,0.0,0.0
2025-07-02 02:00:00,13.0,9.0,24.0,0.0,1017.0,59.0,7.0,0.0,0.0
2025-07-02 03:00:00,12.0,8.0,24.0,0.0,1017.0,57.0,7.0,0.0,0.0
2025-07-02 04:00:00,10.0,6.0,24.0,0.0,1017.0,57.0,6.0,0.0,0.0
2025-07-02 05:00:00,10.0,6.0,25.0,0.0,1017.0,56.0,6.0,0.0,0.0
2025-07-02 06:00:00,9.0,5.0,26.0,0.0,1017.0,50.0,8.0,0.0,0.0
2025-07-02 07:00:00,9.0,5.0,30.0,0.0,1017.0,36.0,5.0,0.0,0.0
2025-07-02 08:00:00,14.46076965574252,6.150620028180356,32.0,0.0,1017.0,34.0,5.0,0.0,0.0
2025-07-02 09:00:00,15.0,6.0,34.0,0.0,1017.0,31.0,7.0,0.0,0.0
2025-07-02 10:00:00,16.0,6.0,35.0,0.0,1017.0,30.0,7.0,0.0,0.0
2025-07-02 11:00:00,11.0,5.0,34.0,0.0,1016.0,31.0,6.0,0.0,0.0
2025-07-02 12:00:00,13.0,5.0,33.0,0.0,1016.0,37.0,10.0,0.0,0.0
2025-07-02 13:00:00,13.0,6.0,30.0,0.0,1016.0,54.0,17.0,0.0,0.0
2025-07-02 14:00:00,13.0,6.0,30.0,0.0,1015.0,50.0,14.0,0.0,0.0
2025-07-02 15:00:00,12.0,6.0,30.0,0.0,1015.0,50.0,12.0,0.0,0.0
2025-07-02 16:00:00,12.0,7.0,30.0,0.0,1015.0,56.0,9.0,0.0,0.0
2025-07-02 17:00:00,12.0,7.0,29.0,0.0,1015.0,56.0,3.0,0.0,0.0
2025-07-02 18:00:00,12.0,8.0,28.0,0.0,1015.0,73.0,1.0,0.0,0.0
2025-07-02 19:00:00,12.0,8.0,27.0,0.0,1016.0,78.0,3.0,0.0,0.0
2025-07-02 20:00:00,13.0,8.0,26.0,0.0,1016.0,75.0,3.0,0.0,0.0
2025-07-02 21:00:00,14.0,8.0,26.0,0.0,1016.0,62.0,2.0,0.0,0.0
2025-07-02 22:00:00,14.0,8.0,26.0,0.0,1017.0,56.0,5.0,0.0,0.0
2025-07-02 23:00:00,16.0,9.0,25.0,0.0,1016.0,51.0,6.0,0.0,0.0
2025-07-03 00:00:00,15.0,10.0,25.0,0.0,1016.0,53.0,5.0,0.0,0.0
2025-07-03 01:00:00,15.0,9.0,24.0,0.0,1016.0,56.0,5.0,0.0,0.0
2025-07-03 02:00:00,12.0,6.0,24.0,0.0,1016.0,57.0,4.0,0.0,0.0
2025-07-03 03:00:00,13.0,7.0,24.0,0.0,1016.0,56.0,4.0,0.0,0.0
2025-07-03 04:00:00,12.0,7.0,24.0,0.0,1016.0,57.0,3.0,0.0,0.0
2025-07-03 05:00:00,14.0,8.0,25.0,0.0,1017.0,57.0,3.0,0.0,0.0
2025-07-03 06:00:00,13.0,8.0,26.0,0.0,1017.0,61.0,5.0,0.0,0.0
2025-07-03 07:00:00,14.0,9.0,30.0,0.0,1017.0,45.0,6.0,0.0,0.0
2025-07-03 08:00:00,17.0,10.0,32.0,0.0,1017.0,40.0,4.0,0.0,0.0
2025-07-03 09:00:00,18.0,9.0,33.0,0.0,1017.0,39.0,1.0,0.0,0.0
2025-07-03 10:00:00,18.0,9.0,33.0,0.0,1018.0,39.0,1.0,0.0,0.0
2025-07-03 11:00:00,16.0,9.0,32.0,0.0,1018.0,46.0,5.0,0.0,0.0
2025-07-03 12:00:00,16.0,9.0,31.0,0.0,1017.0,47.0,9.0,0.0,0.0
2025-07-03 13:00:00,15.0,9.0,31.0,0.0,1017.0,52.0,12.0,0.0,0.0
2025-07-03 14:00:00,15.0,8.0,31.0,0.0,1017.0,55.0,14.0,0.0,0.0
2025-07-03 15:00:00,16.0,8.0,31.0,0.0,1017.0,56.0,15.0,0.0,0.0
2025-07-03 16:00:00,18.0,10.0,30.0,0.0,1017.0,63.0,12.0,0.0,0.0
2025-07-03 17:00:00,17.0,10.0,30.0,0.0,1017.0,68.0,7.0,0.0,0.0
2025-07-03 18:00:00,18.0,10.0,29.0,0.0,1017.0,70.0,2.0,0.0,0.0
2025-07-03 19:00:00,18.0,10.0,28.0,0.0,1018.0,76.0,4.0,0.0,0.0
2025-07-03 20:00:00,19.0,10.0,27.0,0.0,1018.0,70.0,5.0,0.0,0.0
2025-07-03 21:00:00,20.0,11.0,26.0,0.0,1018.0,64.0,4.0,0.0,0.0
2025-07-03 22:00:00,22.0,11.0,26.0,0.0,1018.0,60.0,5.0,0.0,0.0
2025-07-03 23:00:00,23.0,12.0,26.0,0.0,1018.0,62.0,3.0,0.0,0.0
2025-07-04 00:00:00,25.0,12.0,26.0,0.0,1018.0,63.0,3.0,0.0,0.0
2025-07-04 01:00:00,20.0,11.0,26.0,0.0,1018.0,63.0,4.0,0.0,0.0
2025-07-04 02:00:00,18.0,12.0,26.0,0.0,1018.0,63.0,4.0,0.0,0.0
2025-07-04 03:00:00,17.0,10.0,26.0,0.0,1018.0,62.0,5.0,0.0,0.0
2025-07-04 04:00:00,17.0,11.0,25.0,0.0,1018.0,63.0,4.0,0.0,0.0
2025-07-04 05:00:00,18.0,11.0,26.0,0.0,1018.0,63.0,4.0,0.0,0.0
2025-07-04 06:00:00,18.0,11.0,27.0,0.0,1018.0,59.0,3.0,0.0,0.0
2025-07-04 07:00:00,18.0,11.0,31.0,0.0,1018.0,54.0,7.0,0.0,0.0
2025-07-04 08:00:00,22.0,12.0,34.0,0.0,1017.0,48.0,6.0,0.0,0.0
2025-07-04 09:00:00,21.0,11.0,35.0,0.0,1018.0,43.0,4.0,0.0,0.0
2025-07-04 10:00:00,24.0,12.0,35.0,0.0,1017.0,42.0,2.0,0.0,0.0
2025-07-04 11:00:00,27.0,13.0,34.0,0.0,1017.0,46.0,6.0,0.0,0.0
2025-07-04 12:00:00,21.0,11.0,33.0,0.0,1017.0,49.0,9.0,0.0,0.0
2025-07-04 13:00:00,21.0,11.0,32.0,0.0,1017.0,52.0,12.0,0.0,0.0
2025-07-04 14:00:00,22.0,11.0,32.0,0.0,1016.0,52.0,12.0,0.0,0.0
2025-07-04 15:00:00,18.0,10.0,33.0,0.0,1017.0,50.0,16.0,0.0,0.0
2025-07-04 16:00:00,17.0,10.0,31.0,0.0,1017.0,54.0,24.0,0.0,0.0
2025-07-04 17:00:00,22.0,12.0,30.0,0.0,1017.0,58.0,21.0,0.0,0.0
2025-07-04 18:00:00,18.0,11.0,29.0,0.0,1018.0,59.0,18.0,0.0,0.0
2025-07-04 19:00:00,24.0,12.0,25.0,2.4,1020.0,86.0,32.0,0.0,0.0
2025-07-04 20:00:00,30.0,12.0,24.0,3.3,1019.0,81.0,23.0,0.0,0.0
2025-07-04 21:00:00,20.0,6.0,24.0,0.1,1019.0,74.0,18.0,0.0,0.0
2025-07-04 22:00:00,9.0,4.0,24.0,0.0,1019.0,70.0,16.0,0.0,0.0
2025-07-04 23:00:00,6.0,4.0,25.0,0.0,1019.0,64.0,9.0,0.0,0.0
2025-07-05 00:00:00,8.0,6.0,25.0,0.0,1019.0,62.0,13.0,0.0,0.0
2025-07-05 01:00:00,12.0,7.0,25.0,0.0,1018.0,62.0,11.0,0.0,0.0
2025-07-05 02:00:00,12.0,8.0,24.0,0.0,1018.0,63.0,7.0,0.0,0.0
2025-07-05 03:00:00,10.0,7.0,24.0,0.0,1018.0,64.0,2.0,0.0,0.0
2025-07-05 04:00:00,10.0,7.0,24.0,0.0,1018.0,65.0,5.0,0.0,0.0
2025-07-05 05:00:00,10.0,7.0,25.0,0.0,1018.0,64.0,7.0,0.0,0.0
2025-07-05 06:00:00,12.0,7.0,25.0,0.0,1018.0,65.0,7.0,0.0,0.0
2025-07-05 07:00:00,12.0,8.0,28.0,0.0,1018.0,45.0,11.0,0.0,0.0
2025-07-05 08:00:00,14.0,8.0,30.0,0.0,1018.0,42.0,12.0,0.0,0.0
2025-07-05 09:00:00,15.0,8.0,31.0,0.0,1017.0,39.0,10.0,0.0,0.0
2025-07-05 10:00:00,15.0,9.0,32.0,0.0,1017.0,38.0,9.0,0.0,0.0
2025-07-05 11:00:00,18.0,9.0,32.0,0.0,1016.0,40.0,9.0,0.0,0.0
2025-07-05 12:00:00,17.0,9.0,31.0,0.0,1016.0,44.0,10.0,0.0,0.0
2025-07-05 13:00:00,16.0,9.0,30.0,0.0,1015.0,53.0,15.0,0.0,0.0
2025-07-05 14:00:00,17.0,10.0,30.0,0.0,1015.0,52.0,12.0,0.0,0.0
2025-07-05 15:00:00,18.0,11.0,30.0,0.0,1014.0,52.0,10.0,0.0,0.0
2025-07-05 16:00:00,16.0,9.0,30.0,0.0,1014.0,52.0,8.0,0.0,0.0
2025-07-05 17:00:00,16.0,9.0,29.0,0.0,1014.0,52.0,6.0,0.0,0.0
2025-07-05 18:00:00,15.0,9.0,28.0,0.0,1014.0,65.0,1.0,0.0,0.0
2025-07-05 19:00:00,23.0,11.0,27.0,0.0,1014.0,70.0,0.0,0.0,0.0
2025-07-05 20:00:00,24.0,12.0,27.0,0.0,1014.0,71.0,5.0,0.0,0.0
2025-07-05 21:00:00,17.0,10.0,26.0,0.0,1014.0,64.0,6.0,0.0,0.0
2025-07-05 22:00:00,21.0,11.0,26.0,0.0,1014.0,53.0,6.0,0.0,0.0
2025-07-05 23:00:00,21.0,11.0,26.0,0.0,1014.0,60.0,8.0,0.0,0.0
2025-07-06 00:00:00,16.0,10.0,24.0,1.4,1014.0,77.0,4.0,0.0,0.0
2025-07-06 01:00:00,16.0,11.0,22.0,6.6,1014.0,95.0,10.0,0.0,0.0
2025-07-06 02:00:00,16.0,11.0,22.0,1.6,1012.0,87.0,15.0,0.0,0.0
2025-07-06 03:00:00,17.0,11.0,23.0,0.0,1013.0,85.0,4.0,0.0,0.0
2025-07-06 04:00:00,17.0,12.0,23.0,0.0,1012.0,85.0,6.0,0.0,0.0
2025-07-06 05:00:00,16.0,11.0,24.0,0.0,1012.0,82.0,4.0,0.0,0.0
2025-07-06 06:00:00,15.0,11.0,24.0,0.0,1012.0,80.0,2.0,0.0,0.0
2025-07-06 07:00:00,15.0,11.0,28.0,0.0,1012.0,52.0,1.0,0.0,0.0
2025-07-06 08:00:00,16.0,11.0,30.0,0.0,1012.0,54.0,3.0,0.0,0.0
2025-07-06 09:00:00,16.0,11.0,30.0,0.0,1012.0,57.0,8.0,0.0,0.0
2025-07-06 10:00:00,18.0,12.0,30.0,0.0,1011.0,61.0,14.0,0.0,0.0
2025-07-06 11:00:00,19.0,13.0,30.0,0.0,1011.0,64.0,13.0,0.0,0.0
2025-07-06 12:00:00,17.0,12.0,30.0,0.0,1010.0,62.0,14.0,0.0,0.0
2025-07-06 13:00:00,20.0,13.0,29.0,0.0,1010.0,64.0,14.0,0.0,0.0
2025-07-06 14:00:00,20.0,12.0,29.0,0.0,1009.0,68.0,14.0,0.0,0.0
2025-07-06 15:00:00,18.0,11.0,29.0,0.0,1008.0,68.0,10.0,0.0,0.0
2025-07-06 16:00:00,17.0,11.0,29.0,0.0,1007.0,64.0,15.0,0.0,0.0
2025-07-06 17:00:00,18.0,12.0,28.0,0.0,1008.0,60.0,37.0,0.0,0.0
2025-07-06 18:00:00,18.0,12.0,23.0,1.8,1009.0,88.0,15.0,0.0,0.0
2025-07-06 19:00:00,18.0,11.0,23.0,0.0,1008.0,87.0,10.0,0.0,0.0
2025-07-06 20:00:00,16.0,12.0,22.0,0.0,1007.0,87.0,6.0,0.0,0.0
2025-07-06 21:00:00,15.0,11.0,22.0,0.0,1007.0,84.0,8.0,0.0,0.0
2025-07-06 22:00:00,12.0,7.0,23.0,0.0,1007.0,76.0,14.0,0.0,0.0
2025-07-06 23:00:00,18.0,10.0,24.0,0.0,1006.0,75.0,33.0,0.0,0.0
2025-07-07 00:00:00,16.0,10.0,24.0,0.0,1005.0,74.0,31.0,0.0,0.0
2025-07-07 01:00:00,16.0,11.0,22.0,11.1,1006.0,90.0,5.0,0.0,0.0
2025-07-07 02:00:00,16.0,11.0,22.0,0.3,1005.0,89.0,17.0,0.0,0.0
2025-07-07 03:00:00,16.0,11.0,23.0,0.0,1004.0,88.0,16.0,0.0,0.0
2025-07-07 04:00:00,19.0,12.0,23.0,0.0,1004.0,89.0,15.0,0.0,0.0
2025-07-07 05:00:00,19.0,12.0,24.0,0.0,1004.0,78.0,7.0,0.0,0.0
2025-07-07 06:00:00,19.0,11.0,25.0,0.0,1004.0,72.0,32.0,0.0,0.0
2025-07-07 07:00:00,19.0,10.0,23.0,0.0,1004.0,80.0,12.0,0.0,0.0
2025-07-07 08:00:00,15.0,9.0,24.0,0.0,1002.0,82.0,13.0,0.0,0.0
2025-07-07 09:00:00,9.0,5.0,21.0,0.0,1004.0,96.0,39.0,0.0,0.0
2025-07-07 10:00:00,7.0,4.0,20.0,4.2,1005.0,99.0,15.0,0.0,0.0
2025-07-07 11:00:00,7.0,4.0,22.0,0.0,1004.0,83.0,8.0,0.0,0.0
2025-07-07 12:00:00,6.0,4.0,24.0,0.0,1004.0,74.0,3.0,0.0,0.0
2025-07-07 13:00:00,7.0,4.0,25.0,0.0,1004.0,72.0,3.0,0.0,0.0
2025-07-07 14:00:00,9.0,5.0,26.0,0.0,1004.0,70.0,4.0,0.0,0.0
2025-07-07 15:00:00,10.0,6.0,26.0,0.0,1004.0,70.0,6.0,0.0,0.0
2025-07-07 16:00:00,8.0,5.0,26.0,0.0,1004.0,71.0,4.0,0.0,0.0
2025-07-07 17:00:00,9.0,6.0,26.0,0.0,1004.0,74.0,2.0,0.0,0.0
2025-07-07 18:00:00,11.0,6.0,25.0,0.0,1003.0,80.0,3.0,0.0,0.0
2025-07-07 19:00:00,10.0,6.0,24.0,0.0,1003.0,82.0,6.0,0.0,0.0
2025-07-07 20:00:00,12.0,7.0,24.0,0.0,1003.0,79.0,6.0,0.0,0.0
2025-07-07 21:00:00,15.0,8.0,23.0,0.0,1003.0,82.0,12.0,0.0,0.0
2025-07-07 22:00:00,14.0,7.0,23.0,0.0,1003.0,75.0,15.0,0.0,0.0
2025-07-07 23:00:00,11.0,6.0,23.0,0.0,1002.0,68.0,17.0,0.0,0.0
2025-07-08 00:00:00,11.0,6.0,23.0,0.0,1002.0,66.0,14.0,0.0,0.0
2025-07-08 01:00:00,12.0,6.0,23.0,0.0,1002.0,69.0,14.0,0.0,0.0
2025-07-08 02:00:00,11.0,6.0,23.0,0.0,1001.0,65.0,20.0,0.0,0.0
2025-07-08 03:00:00,11.0,6.0,23.0,0.0,1001.0,76.0,25.0,0.0,0.0
2025-07-08 04:00:00,8.0,5.0,21.0,0.1,1002.0,84.0,32.0,0.0,0.0
2025-07-08 05:00:00,8.0,4.0,20.0,0.6,1002.0,88.0,17.0,0.0,0.0
2025-07-08 06:00:00,10.0,5.0,19.0,0.0,1003.0,83.0,14.0,0.0,0.0
2025-07-08 07:00:00,15.0,7.0,20.0,1.8,1002.0,75.0,5.0,0.0,0.0
2025-07-08 08:00:00,12.0,5.0,18.0,0.0,1002.0,74.0,7.0,0.0,0.0
2025-07-08 09:00:00,9.0,4.0,18.0,0.0,1003.0,73.0,5.0,0.0,0.0
2025-07-08 10:00:00,12.0,5.0,19.0,0.0,1004.0,75.0,8.0,0.0,0.0
2025-07-08 11:00:00,11.0,5.0,19.0,0.3,1004.0,81.0,12.0,0.0,0.0
2025-07-08 12:00:00,8.0,4.0,18.0,0.6,1005.0,85.0,24.0,0.0,0.0
2025-07-08 13:00:00,5.0,2.0,20.0,0.0,1006.0,75.0,13.0,0.0,0.0
2025-07-08 14:00:00,3.0,2.0,22.0,0.0,1006.0,66.0,10.0,0.0,0.0
2025-07-08 15:00:00,2.0,2.0,22.0,0.0,1006.0,60.0,14.0,0.0,0.0
2025-07-08 16:00:00,3.0,2.0,22.0,0.0,1007.0,60.0,15.0,0.0,0.0
2025-07-08 17:00:00,3.0,2.0,21.0,0.0,1007.0,63.0,14.0,0.0,0.0
2025-07-08 18:00:00,2.0,2.0,20.0,0.0,1008.0,67.0,8.0,0.0,0.0
2025-07-08 19:00:00,2.0,2.0,19.0,0.4,1009.0,73.0,5.0,0.0,0.0
2025-07-08 20:00:00,2.0,2.0,18.0,0.1,1010.0,86.0,19.0,0.0,0.0
2025-07-08 21:00:00,4.0,2.0,18.0,0.0,1010.0,80.0,3.0,0.0,0.0
2025-07-08 22:00:00,3.0,2.0,18.0,0.0,1011.0,86.0,5.0,0.0,0.0
2025-07-08 23:00:00,4.0,2.0,18.0,0.0,1012.0,85.0,1.0,0.0,0.0
2025-07-09 00:00:00,4.0,2.0,18.0,0.0,1012.0,84.0,13.0,0.0,0.0
2025-07-09 01:00:00,4.0,2.0,18.0,0.0,1012.0,80.0,15.0,0.0,0.0
2025-07-09 02:00:00,3.0,2.0,18.0,0.0,1012.0,79.0,12.0,0.0,0.0
2025-07-09 03:00:00,3.0,2.0,18.0,0.0,1012.0,77.0,8.0,0.0,0.0
2025-07-09 04:00:00,3.0,2.0,17.0,0.0,1013.0,78.0,5.0,0.0,0.0
2025-07-09 05:00:00,4.0,2.0,18.0,0.0,1013.0,77.0,3.0,0.0,0.0
2025-07-09 06:00:00,4.0,2.0,18.0,0.0,1014.0,74.0,3.0,0.0,0.0
2025-07-09 07:00:00,3.0,2.0,20.0,0.0,1016.0,59.0,2.0,0.0,0.0
2025-07-09 08:00:00,3.0,2.0,22.0,0.0,1016.0,48.0,8.0,0.0,0.0
2025-07-09 09:00:00,5.0,2.0,22.0,0.0,1016.0,50.0,6.0,0.0,0.0
2025-07-09 10:00:00,5.0,2.0,22.0,0.0,1017.0,49.0,10.0,0.0,0.0
2025-07-09 11:00:00,3.0,2.0,23.0,0.0,1017.0,47.0,11.0,0.0,0.0
2025-07-09 12:00:00,3.0,2.0,24.0,0.0,1016.0,42.0,12.0,0.0,0.0
2025-07-09 13:00:00,4.0,2.0,24.0,0.0,1016.0,40.0,14.0,0.0,0.0
2025-07-09 14:00:00,5.0,2.0,25.0,0.0,1016.0,40.0,14.0,0.0,0.0
2025-07-09 15:00:00,5.0,2.0,25.0,0.0,1016.0,40.0,13.0,0.0,0.0
2025-07-09 16:00:00,4.0,2.0,24.0,0.0,1016.0,39.0,10.0,0.0,0.0
2025-07-09 17:00:00,3.0,2.0,24.0,0.0,1016.0,39.0,8.0,0.0,0.0
2025-07-09 18:00:00,3.0,2.0,24.0,0.0,1016.0,40.0,8.0,0.0,0.0
2025-07-09 19:00:00,3.0,2.0,23.0,0.0,1016.0,52.0,6.0,0.0,0.0
2025-07-09 20:00:00,3.0,2.0,22.0,0.0,1017.0,54.0,3.0,0.0,0.0
2025-07-09 21:00:00,4.0,2.0,21.0,0.0,1017.0,58.0,5.0,0.0,0.0
2025-07-09 22:00:00,4.0,2.0,20.0,0.0,1018.0,57.0,8.0,0.0,0.0
2025-07-09 23:00:00,6.0,3.0,19.0,0.0,1018.0,56.0,9.0,0.0,0.0
2025-07-10 00:00:00,5.0,3.0,19.0,0.0,1018.0,56.0,8.0,0.0,0.0
2025-07-10 01:00:00,4.0,2.0,19.0,0.0,1018.0,55.0,8.0,0.0,0.0
2025-07-10 02:00:00,4.0,2.0,18.0,0.0,1018.0,55.0,7.0,0.0,0.0
2025-07-10 03:00:00,4.0,2.0,18.0,0.0,1018.0,55.0,7.0,0.0,0.0
2025-07-10 04:00:00,4.0,2.0,18.0,0.0,1018.0,56.0,8.0,0.0,0.0
2025-07-10 05:00:00,4.0,3.0,18.0,0.0,1018.0,58.0,7.0,0.0,0.0
2025-07-10 06:00:00,5.0,3.0,19.0,0.0,1018.0,58.0,4.0,0.0,0.0
2025-07-10 07:00:00,6.0,3.0,24.0,0.0,1018.0,50.0,6.0,0.0,0.0
2025-07-10 08:00:00,7.0,4.0,25.0,0.0,1018.0,42.0,6.0,0.0,0.0
2025-07-10 09:00:00,9.0,4.0,26.0,0.0,1018.0,39.0,2.0,0.0,0.0
2025-07-10 10:00:00,10.0,3.0,27.0,0.0,1018.0,39.0,4.0,0.0,0.0
2025-07-10 11:00:00,5.0,2.0,27.0,0.0,1017.0,41.0,12.0,0.0,0.0
2025-07-10 12:00:00,4.0,2.0,26.0,0.0,1017.0,43.0,15.0,0.0,0.0
2025-07-10 13:00:00,4.0,2.0,26.0,0.0,1017.0,41.0,15.0,0.0,0.0
2025-07-10 14:00:00,4.0,2.0,26.0,0.0,1016.0,39.0,11.0,0.0,0.0
2025-07-10 15:00:00,4.0,2.0,26.0,0.0,1016.0,39.0,9.0,0.0,0.0
2025-07-10 16:00:00,4.0,2.0,26.0,0.0,1016.0,41.0,6.0,0.0,0.0
2025-07-10 17:00:00,3.0,2.0,26.0,0.0,1016.0,43.0,9.0,0.0,0.0
2025-07-10 18:00:00,4.0,2.0,25.0,0.0,1016.0,49.0,5.0,0.0,0.0
2025-07-10 19:00:00,5.0,2.0,24.0,0.0,1016.0,52.0,4.0,0.0,0.0
2025-07-10 20:00:00,4.0,2.0,23.0,0.0,1016.0,58.0,6.0,0.0,0.0
2025-07-10 21:00:00,5.0,2.0,21.0,0.0,1016.0,63.0,6.0,0.0,0.0
2025-07-10 22:00:00,6.0,3.0,21.0,0.0,1017.0,65.0,6.0,0.0,0.0
2025-07-10 23:00:00,7.0,4.0,20.0,0.0,1016.0,63.0,6.0,0.0,0.0
2025-07-11 00:00:00,6.0,4.0,20.0,0.0,1016.0,62.0,5.0,0.0,0.0
2025-07-11 01:00:00,7.0,4.0,20.0,0.0,1016.0,62.0,4.0,0.0,0.0
2025-07-11 02:00:00,5.0,3.0,20.0,0.0,1016.0,62.0,5.0,0.0,0.0
2025-07-11 03:00:00,4.0,3.0,20.0,0.0,1016.0,59.0,7.0,0.0,0.0
2025-07-11 04:00:00,4.0,3.0,20.0,0.0,1016.0,58.0,7.0,0.0,0.0
2025-07-11 05:00:00,4.0,3.0,20.0,0.0,1016.0,61.0,7.0,0.0,0.0
2025-07-11 06:00:00,5.0,3.0,19.0,0.5,1017.0,70.0,11.0,0.0,0.0
2025-07-11 07:00:00,7.0,4.0,22.0,0.1,1016.0,52.0,5.0,0.0,0.0
2025-07-11 08:00:00,8.0,5.0,23.0,0.0,1016.0,50.0,4.0,0.0,0.0
2025-07-11 09:00:00,11.0,5.0,24.0,0.0,1016.0,44.0,4.0,0.0,0.0
2025-07-11 10:00:00,11.0,4.0,25.0,0.0,1015.0,42.0,3.0,0.0,0.0
2025-07-11 11:00:00,7.0,4.0,26.0,0.0,1015.0,42.0,9.0,0.0,0.0
2025-07-11 12:00:00,7.0,3.0,25.0,0.0,1015.0,47.0,14.0,0.0,0.0
2025-07-11 13:00:00,8.0,4.0,26.0,0.0,1015.0,47.0,15.0,0.0,0.0
2025-07-11 14:00:00,5.0,3.0,26.0,0.0,1015.0,48.0,12.0,0.0,0.0
2025-07-11 15:00:00,5.0,3.0,25.0,0.0,1015.0,49.0,17.0,0.0,0.0
2025-07-11 16:00:00,5.0,3.0,24.0,0.0,1015.0,54.0,23.0,0.0,0.0
2025-07-11 17:00:00,5.0,3.0,23.0,0.0,1014.0,56.0,22.0,0.0,0.0
2025-07-11 18:00:00,7.0,3.0,22.0,0.0,1014.0,57.0,15.0,0.0,0.0
2025-07-11 19:00:00,6.0,3.0,21.0,0.0,1014.0,61.0,5.0,0.0,0.0
2025-07-11 20:00:00,9.0,4.0,20.0,0.0,1014.0,64.0,6.0,0.0,0.0
2025-07-11 21:00:00,6.0,4.0,20.0,0.0,1014.0,64.0,5.0,0.0,0.0
2025-07-11 22:00:00,5.0,3.0,20.0,0.0,1014.0,64.0,6.0,0.0,0.0
2025-07-11 23:00:00,5.0,3.0,19.0,0.0,1014.0,63.0,5.0,0.0,0.0
2025-07-12 00:00:00,5.0,3.0,19.0,0.0,1014.0,63.0,4.0,0.0,0.0
2025-07-12 01:00:00,4.0,3.0,19.0,0.0,1014.0,62.0,6.0,0.0,0.0
2025-07-12 02:00:00,5.0,3.0,19.0,0.0,1014.0,62.0,5.0,0.0,0.0
2025-07-12 03:00:00,5.0,3.0,19.0,0.0,1014.0,60.0,6.0,0.0,0.0
2025-07-12 04:00:00,4.0,3.0,19.0,0.0,1013.0,60.0,6.0,0.0,0.0
2025-07-12 05:00:00,5.0,4.0,20.0,0.0,1014.0,64.0,5.0,0.0,0.0
2025-07-12 06:00:00,4.0,3.0,21.0,0.0,1014.0,64.0,4.0,0.0,0.0
2025-07-12 07:00:00,5.0,3.0,23.0,0.0,1014.0,59.0,6.0,0.0,0.0
2025-07-12 08:00:00,8.0,4.0,25.0,0.0,1014.0,52.0,4.0,0.0,0.0
2025-07-12 09:00:00,8.0,4.0,26.0,0.0,1014.0,52.0,8.0,0.0,0.0
2025-07-12 10:00:00,6.0,3.0,27.0,0.0,1014.0,49.0,9.0,0.0,0.0
2025-07-12 11:00:00,5.0,3.0,27.0,0.0,1014.0,51.0,8.0,0.0,0.0
2025-07-12 12:00:00,5.0,4.0,26.0,0.0,1014.0,52.0,9.0,0.0,0.0
2025-07-12 13:00:00,5.0,4.0,27.0,0.0,1014.0,53.0,12.0,0.0,0.0
2025-07-12 14:00:00,10.0,4.0,27.0,0.0,1014.0,53.0,11.0,0.0,0.0
2025-07-12 15:00:00,7.0,4.0,27.0,0.0,1013.0,54.0,9.0,0.0,0.0
2025-07-12 16:00:00,7.0,4.0,26.0,0.0,1013.0,56.0,9.0,0.0,0.0
2025-07-12 17:00:00,6.0,4.0,26.0,0.0,1013.0,54.0,7.0,0.0,0.0
2025-07-12 18:00:00,5.0,4.0,25.0,0.0,1013.0,58.0,5.0,0.0,0.0
2025-07-12 19:00:00,5.0,4.0,24.0,0.0,1014.0,65.0,4.0,0.0,0.0
2025-07-12 20:00:00,5.0,4.0,24.0,0.0,1014.0,67.0,1.0,0.0,0.0
2025-07-12 21:00:00,5.0,3.0,23.0,0.0,1014.0,65.0,9.0,0.0,0.0
2025-07-12 22:00:00,6.0,4.0,22.0,0.0,1015.0,65.0,8.0,0.0,0.0
2025-07-12 23:00:00,6.0,4.0,22.0,0.0,1015.0,63.0,11.0,0.0,0.0
2025-07-13 00:00:00,7.0,5.0,22.0,0.0,1015.0,65.0,8.0,0.0,0.0
2025-07-13 01:00:00,9.0,5.0,22.0,0.0,1015.0,65.0,6.0,0.0,0.0
2025-07-13 02:00:00,9.0,5.0,22.0,0.0,1014.0,65.0,8.0,0.0,0.0
2025-07-13 03:00:00,7.0,5.0,22.0,0.0,1014.0,66.0,8.0,0.0,0.0
2025-07-13 04:00:00,7.0,4.0,22.0,0.0,1014.0,72.0,8.0,0.0,0.0
2025-07-13 05:00:00,7.0,4.0,23.0,0.0,1014.0,76.0,9.0,0.0,0.0
2025-07-13 06:00:00,7.0,4.0,24.0,0.0,1014.0,78.0,11.0,0.0,0.0
2025-07-13 07:00:00,7.0,4.0,26.0,0.0,1015.0,71.0,1.0,0.0,0.0
2025-07-13 08:00:00,8.0,4.0,27.0,0.0,1015.0,67.0,3.0,0.0,0.0
2025-07-13 09:00:00,8.0,5.0,28.0,0.0,1015.0,62.0,8.0,0.0,0.0
2025-07-13 10:00:00,9.0,5.0,28.0,0.0,1015.0,58.0,11.0,0.0,0.0
2025-07-13 11:00:00,10.0,5.0,28.0,0.0,1015.0,57.0,21.0,0.0,0.0
2025-07-13 12:00:00,10.0,6.0,28.0,0.0,1015.0,58.0,26.0,0.0,0.0
2025-07-13 13:00:00,10.0,5.0,28.0,0.0,1015.0,57.0,18.0,0.0,0.0
2025-07-13 14:00:00,10.0,5.0,28.0,0.0,1015.0,57.0,14.0,0.0,0.0
2025-07-13 15:00:00,9.0,5.0,28.0,0.0,1015.0,52.0,15.0,0.0,0.0
2025-07-13 16:00:00,7.0,4.0,28.0,0.0,1015.0,47.0,12.0,0.0,0.0
2025-07-13 17:00:00,10.0,4.0,27.0,0.0,1015.0,51.0,11.0,0.0,0.0
2025-07-13 18:00:00,17.0,5.0,26.0,0.0,1015.0,55.0,12.0,0.0,0.0
2025-07-13 19:00:00,9.0,4.0,23.0,0.0,1016.0,82.0,25.0,0.0,0.0
2025-07-13 20:00:00,8.0,4.0,22.0,0.1,1017.0,83.0,1.0,0.0,0.0
2025-07-13 21:00:00,8.0,4.0,22.0,0.0,1017.0,85.0,7.0,0.0,0.0
2025-07-13 22:00:00,8.0,4.0,22.0,0.0,1017.0,86.0,5.0,0.0,0.0
2025-07-13 23:00:00,10.0,5.0,22.0,0.0,1017.0,85.0,4.0,0.0,0.0
2025-07-14 00:00:00,8.0,5.0,22.0,0.0,1017.0,84.0,4.0,0.0,0.0
2025-07-14 01:00:00,8.0,5.0,21.0,0.0,1017.0,84.0,5.0,0.0,0.0
2025-07-14 02:00:00,7.0,5.0,21.0,0.0,1017.0,85.0,5.0,0.0,0.0
2025-07-14 03:00:00,7.0,5.0,21.0,0.0,1017.0,85.0,4.0,0.0,0.0
2025-07-14 04:00:00,7.0,4.0,21.0,0.0,1017.0,86.0,6.0,0.0,0.0
2025-07-14 05:00:00,7.0,4.0,21.0,0.0,1017.0,84.0,6.0,0.0,0.0
2025-07-14 06:00:00,8.0,5.0,22.0,0.0,1018.0,81.0,5.0,0.0,0.0
2025-07-14 07:00:00,8.0,5.0,26.0,0.0,1017.0,56.0,3.0,0.0,0.0
2025-07-14 08:00:00,10.0,6.0,27.0,0.0,1017.0,51.0,0.0,0.0,0.0
2025-07-14 09:00:00,12.0,6.0,28.0,0.0,1017.0,51.0,4.0,0.0,0.0
2025-07-14 10:00:00,12.0,6.0,28.0,0.0,1017.0,55.0,11.0,0.0,0.0
2025-07-14 11:00:00,9.0,5.0,28.0,0.0,1017.0,60.0,11.0,0.0,0.0
2025-07-14 12:00:00,8.0,5.0,27.0,0.0,1017.0,61.0,10.0,0.0,0.0
2025-07-14 13:00:00,7.0,5.0,27.0,0.0,1017.0,62.0,12.0,0.0,0.0
2025-07-14 14:00:00,7.0,5.0,27.0,0.0,1016.0,66.0,14.0,0.0,0.0
2025-07-14 15:00:00,7.0,5.0,27.0,0.0,1016.0,70.0,13.0,0.0,0.0
2025-07-14 16:00:00,7.0,5.0,26.0,0.0,1016.0,67.0,9.0,0.0,0.0
2025-07-14 17:00:00,7.0,5.0,26.0,0.0,1016.0,67.0,9.0,0.0,0.0
2025-07-14 18:00:00,8.0,5.0,25.0,0.0,1016.0,64.0,3.0,0.0,0.0
2025-07-14 19:00:00,8.0,5.0,24.0,0.0,1016.0,74.0,2.0,0.0,0.0
2025-07-14 20:00:00,8.0,5.0,24.0,0.0,1016.0,74.0,4.0,0.0,0.0
2025-07-14 21:00:00,9.0,5.0,24.0,0.0,1017.0,77.0,3.0,0.0,0.0
2025-07-14 22:00:00,9.0,5.0,23.0,0.0,1017.0,80.0,3.0,0.0,0.0
2025-07-14 23:00:00,11.0,7.0,23.0,0.0,1017.0,79.0,5.0,0.0,0.0
2025-07-15 00:00:00,12.0,7.0,23.0,0.0,1017.0,80.0,2.0,0.0,0.0
2025-07-15 01:00:00,10.0,7.0,23.0,0.0,1017.0,84.0,1.0,0.0,0.0
2025-07-15 02:00:00,10.0,7.0,22.0,0.0,1016.0,82.0,3.0,0.0,0.0
2025-07-15 03:00:00,11.0,7.0,22.0,0.0,1016.0,80.0,3.0,0.0,0.0
2025-07-15 04:00:00,11.0,8.0,22.0,0.0,1016.0,79.0,3.0,0.0,0.0
2025-07-15 05:00:00,9.0,7.0,22.0,0.0,1016.0,76.0,3.0,0.0,0.0
2025-07-15 06:00:00,7.0,5.0,24.0,0.0,1017.0,70.0,3.0,0.0,0.0
2025-07-15 07:00:00,7.0,5.0,28.0,0.0,1017.0,46.0,3.0,0.0,0.0
2025-07-15 08:00:00,6.0,4.0,28.0,0.0,1017.0,50.0,5.0,0.0,0.0
2025-07-15 09:00:00,8.0,4.0,29.0,0.0,1017.0,50.0,4.0,0.0,0.0
2025-07-15 10:00:00,10.0,4.0,29.0,0.0,1016.0,52.0,5.0,0.0,0.0
2025-07-15 11:00:00,8.0,5.0,29.0,0.0,1016.0,52.0,9.0,0.0,0.0
2025-07-15 12:00:00,9.0,6.0,29.0,0.0,1015.0,51.0,10.0,0.0,0.0
2025-07-15 13:00:00,7.0,5.0,29.0,0.0,1015.0,54.0,15.0,0.0,0.0
2025-07-15 14:00:00,9.0,5.0,29.0,0.0,1014.0,53.0,20.0,0.0,0.0
2025-07-15 15:00:00,8.0,5.0,29.0,0.0,1014.0,50.0,19.0,0.0,0.0
2025-07-15 16:00:00,7.0,5.0,28.0,0.0,1014.0,52.0,9.0,0.0,0.0
2025-07-15 17:00:00,6.0,4.0,28.0,0.0,1014.0,53.0,4.0,0.0,0.0
2025-07-15 18:00:00,6.0,4.0,27.0,0.0,1014.0,65.0,4.0,0.0,0.0
2025-07-15 19:00:00,6.0,4.0,26.0,0.0,1013.0,67.0,4.0,0.0,0.0
2025-07-15 20:00:00,6.0,4.0,26.0,0.0,1014.0,57.0,4.0,0.0,0.0
2025-07-15 21:00:00,7.0,4.0,25.0,0.0,1014.0,44.0,5.0,0.0,0.0
2025-07-15 22:00:00,8.0,5.0,24.0,0.0,1014.0,45.0,5.0,0.0,0.0
2025-07-15 23:00:00,9.0,5.0,24.0,0.0,1014.0,50.0,4.0,0.0,0.0
2025-07-16 00:00:00,7.0,4.0,24.0,0.0,1014.0,44.0,5.0,0.0,0.0
2025-07-16 01:00:00,9.0,5.0,24.0,0.0,1013.0,46.0,4.0,0.0,0.0
2025-07-16 02:00:00,10.0,7.0,24.0,0.0,1013.0,55.0,4.0,0.0,0.0
2025-07-16 03:00:00,10.0,7.0,24.0,0.0,1012.0,57.0,6.0,0.0,0.0
2025-07-16 04:00:00,11.0,7.0,24.0,0.0,1012.0,60.0,4.0,0.0,0.0
2025-07-16 05:00:00,10.0,7.0,25.0,0.0,1013.0,61.0,5.0,0.0,0.0
2025-07-16 06:00:00,10.0,7.0,25.0,0.0,1013.0,60.0,13.0,0.0,0.0
2025-07-16 07:00:00,12.0,8.0,25.0,0.0,1014.0,58.0,3.0,0.0,0.0
2025-07-16 08:00:00,13.0,9.0,26.0,0.0,1014.0,56.0,4.0,0.0,0.0
2025-07-16 09:00:00,15.0,8.0,26.0,0.3,1014.0,58.0,8.0,0.0,0.0
2025-07-16 10:00:00,19.0,7.0,28.0,0.0,1014.0,54.0,11.0,0.0,0.0
2025-07-16 11:00:00,12.0,6.0,29.0,0.0,1013.0,54.0,11.0,0.0,0.0
2025-07-16 12:00:00,12.0,7.0,28.0,0.0,1013.0,57.0,12.0,0.0,0.0
2025-07-16 13:00:00,13.0,8.0,28.0,0.0,1012.0,58.0,15.0,0.0,0.0
2025-07-16 14:00:00,12.0,8.0,28.0,0.0,1012.0,58.0,19.0,0.0,0.0
2025-07-16 15:00:00,15.0,8.0,28.0,0.0,1012.0,58.0,21.0,0.0,0.0
2025-07-16 16:00:00,16.0,10.0,27.0,0.0,1012.0,59.0,21.0,0.0,0.0
2025-07-16 17:00:00,17.0,10.0,26.0,0.0,1012.0,61.0,20.0,0.0,0.0
2025-07-16 18:00:00,15.0,10.0,24.0,0.0,1012.0,60.0,20.0,0.0,0.0
2025-07-16 19:00:00,13.0,10.0,23.0,0.0,1012.0,64.0,13.0,0.0,0.0
2025-07-16 20:00:00,13.0,10.0,23.0,0.0,1012.0,64.0,11.0,0.0,0.0
2025-07-16 21:00:00,18.0,11.0,23.0,0.0,1011.0,62.0,8.0,0.0,0.0
2025-07-16 22:00:00,15.0,11.0,22.0,0.0,1011.0,70.0,9.0,0.0,0.0
2025-07-16 23:00:00,15.0,11.0,21.0,0.0,1011.0,74.0,6.0,0.0,0.0
2025-07-17 00:00:00,15.0,11.0,21.0,0.0,1011.0,77.0,7.0,0.0,0.0
2025-07-17 01:00:00,14.0,12.0,20.0,0.0,1010.0,78.0,6.0,0.0,0.0
2025-07-17 02:00:00,13.0,11.0,20.0,0.0,1010.0,78.0,7.0,0.0,0.0
2025-07-17 03:00:00,13.0,11.0,20.0,0.0,1010.0,77.0,9.0,0.0,0.0
2025-07-17 04:00:00,13.0,10.0,21.0,0.0,1011.0,72.0,15.0,0.0,0.0
2025-07-17 05:00:00,13.0,10.0,21.0,0.0,1011.0,71.0,18.0,0.0,0.0
2025-07-17 06:00:00,13.0,9.0,22.0,0.0,1011.0,68.0,10.0,0.0,0.0
2025-07-17 07:00:00,14.0,8.0,26.0,0.0,1011.0,45.0,6.0,0.0,0.0
2025-07-17 08:00:00,15.0,7.0,28.0,0.0,1012.0,38.0,8.0,0.0,0.0
2025-07-17 09:00:00,11.0,5.0,29.0,0.0,1012.0,31.0,10.0,0.0,0.0
2025-07-17 10:00:00,14.0,4.0,30.0,0.0,1012.0,28.0,13.0,0.0,0.0
2025-07-17 11:00:00,13.0,3.0,30.0,0.0,1013.0,28.0,15.0,0.0,0.0
2025-07-17 12:00:00,6.0,2.0,30.0,0.0,1012.0,30.0,15.0,0.0,0.0
2025-07-17 13:00:00,5.0,2.0,30.0,0.0,1012.0,32.0,15.0,0.0,0.0
2025-07-17 14:00:00,4.0,2.0,29.0,0.0,1012.0,34.0,9.0,0.0,0.0
2025-07-17 15:00:00,4.0,2.0,29.0,0.0,1012.0,34.0,8.0,0.0,0.0
2025-07-17 16:00:00,5.0,2.0,29.0,0.0,1012.0,33.0,17.0,0.0,0.0
2025-07-17 17:00:00,7.0,2.0,28.0,0.0,1012.0,35.0,17.0,0.0,0.0
2025-07-17 18:00:00,4.0,2.0,26.0,0.0,1012.0,37.0,18.0,0.0,0.0
2025-07-17 19:00:00,5.0,3.0,25.0,0.0,1013.0,42.0,14.0,0.0,0.0
2025-07-17 20:00:00,8.0,5.0,24.0,0.0,1013.0,46.0,12.0,0.0,0.0
2025-07-17 21:00:00,8.0,5.0,24.0,0.0,1014.0,46.0,8.0,0.0,0.0
2025-07-17 22:00:00,6.0,4.0,24.0,0.0,1014.0,48.0,5.0,0.0,0.0
2025-07-17 23:00:00,10.0,5.0,23.0,0.0,1014.0,51.0,3.0,0.0,0.0
2025-07-18 00:00:00,8.0,5.0,23.0,0.0,1014.0,52.0,4.0,0.0,0.0
2025-07-18 01:00:00,8.0,5.0,22.0,0.0,1014.0,52.0,6.0,0.0,0.0
2025-07-18 02:00:00,7.0,5.0,22.0,0.0,1014.0,54.0,6.0,0.0,0.0
2025-07-18 03:00:00,4.0,3.0,21.0,0.0,1014.0,57.0,6.0,0.0,0.0
2025-07-18 04:00:00,4.0,2.0,20.0,0.0,1014.0,57.0,5.0,0.0,0.0
2025-07-18 05:00:00,4.0,2.0,21.0,0.0,1014.0,59.0,5.0,0.0,0.0
2025-07-18 06:00:00,3.0,2.0,22.0,0.0,1014.0,59.0,4.0,0.0,0.0
2025-07-18 07:00:00,4.0,2.0,26.0,0.0,1014.0,44.0,1.0,0.0,0.0
2025-07-18 08:00:00,7.0,3.0,28.0,0.0,1014.0,40.0,4.0,0.0,0.0
2025-07-18 09:00:00,13.0,4.0,28.0,0.0,1014.0,42.0,13.0,0.0,0.0
2025-07-18 10:00:00,7.0,3.0,28.0,0.0,1014.0,43.0,15.0,0.0,0.0
2025-07-18 11:00:00,6.0,3.0,28.0,0.0,1014.0,47.0,15.0,0.0,0.0
2025-07-18 12:00:00,7.0,3.0,28.0,0.0,1014.0,48.0,15.0,0.0,0.0
2025-07-18 13:00:00,6.0,3.0,28.0,0.0,1014.0,50.0,15.0,0.0,0.0
2025-07-18 14:00:00,5.0,3.0,28.0,0.0,1013.0,53.0,13.0,0.0,0.0
2025-07-18 15:00:00,7.0,3.0,28.0,0.0,1013.0,56.0,13.0,0.0,0.0
2025-07-18 16:00:00,5.0,3.0,27.0,0.0,1013.0,57.0,10.0,0.0,0.0
2025-07-18 17:00:00,4.0,2.0,26.0,0.0,1012.0,58.0,7.0,0.0,0.0
2025-07-18 18:00:00,3.0,2.0,26.0,0.0,1012.0,58.0,4.0,0.0,0.0
2025-07-18 19:00:00,5.0,2.0,25.0,0.0,1012.0,69.0,1.0,0.0,0.0
2025-07-18 20:00:00,6.0,3.0,24.0,0.0,1013.0,70.0,2.0,0.0,0.0
2025-07-18 21:00:00,6.0,3.0,24.0,0.0,1013.0,72.0,4.0,0.0,0.0
2025-07-18 22:00:00,7.0,3.0,23.0,0.0,1013.0,70.0,4.0,0.0,0.0
2025-07-18 23:00:00,11.0,5.0,23.0,0.0,1013.0,72.0,3.0,0.0,0.0
2025-07-19 00:00:00,7.0,4.0,22.0,0.0,1013.0,72.0,5.0,0.0,0.0
2025-07-19 01:00:00,7.0,3.0,22.0,0.0,1013.0,72.0,6.0,0.0,0.0
2025-07-19 02:00:00,9.0,4.0,22.0,0.0,1013.0,71.0,6.0,0.0,0.0
2025-07-19 03:00:00,5.0,3.0,22.0,0.0,1012.0,70.0,5.0,0.0,0.0
2025-07-19 04:00:00,5.0,3.0,21.0,0.0,1012.0,72.0,6.0,0.0,0.0
2025-07-19 05:00:00,5.0,3.0,22.0,0.0,1012.0,71.0,5.0,0.0,0.0
2025-07-19 06:00:00,4.0,3.0,23.0,0.0,1012.0,68.0,4.0,0.0,0.0
2025-07-19 07:00:00,4.0,3.0,26.0,0.0,1012.0,45.0,1.0,0.0,0.0
2025-07-19 08:00:00,8.0,4.0,28.0,0.0,1012.0,41.0,4.0,0.0,0.0
2025-07-19 09:00:00,7.0,4.0,28.0,0.0,1012.0,46.0,9.0,0.0,0.0
2025-07-19 10:00:00,10.0,3.0,29.0,0.0,1012.0,40.0,12.0,0.0,0.0
2025-07-19 11:00:00,11.0,4.0,29.0,0.0,1012.0,44.0,13.0,0.0,0.0
2025-07-19 12:00:00,7.0,3.0,29.0,0.0,1012.0,46.0,13.0,0.0,0.0
2025-07-19 13:00:00,6.0,3.0,29.0,0.0,1011.0,49.0,12.0,0.0,0.0
2025-07-19 14:00:00,6.0,3.0,28.0,0.0,1011.0,55.0,13.0,0.0,0.0
2025-07-19 15:00:00,5.0,3.0,28.0,0.0,1010.0,61.0,12.0,0.0,0.0
2025-07-19 16:00:00,6.0,3.0,27.0,0.0,1010.0,66.0,11.0,0.0,0.0
2025-07-19 17:00:00,7.0,3.0,27.0,0.0,1010.0,68.0,8.0,0.0,0.0
2025-07-19 18:00:00,6.0,3.0,26.0,0.0,1010.0,70.0,4.0,0.0,0.0
2025-07-19 19:00:00,7.0,3.0,25.0,0.0,1010.0,77.0,3.0,0.0,0.0
2025-07-19 20:00:00,7.0,4.0,25.0,0.0,1010.0,78.0,3.0,0.0,0.0
2025-07-19 21:00:00,7.0,3.0,25.0,0.0,1011.0,78.0,4.0,0.0,0.0
2025-07-19 22:00:00,14.0,5.0,24.0,0.0,1011.0,76.0,5.0,0.0,0.0
2025-07-19 23:00:00,11.0,5.0,24.0,0.0,1010.0,75.0,8.0,0.0,0.0
2025-07-20 00:00:00,9.0,5.0,24.0,0.0,1010.0,80.0,2.0,0.0,0.0
2025-07-20 01:00:00,9.0,5.0,23.0,0.0,1010.0,75.0,5.0,0.0,0.0
2025-07-20 02:00:00,10.0,6.0,23.0,0.0,1010.0,75.0,5.0,0.0,0.0
2025-07-20 03:00:00,10.0,7.0,23.0,0.0,1009.0,75.0,6.0,0.0,0.0
2025-07-20 04:00:00,10.0,7.0,22.0,0.0,1009.0,77.0,2.0,0.0,0.0
2025-07-20 05:00:00,10.0,7.0,23.0,0.0,1009.0,73.0,6.0,0.0,0.0
2025-07-20 06:00:00,12.0,8.0,24.0,0.0,1009.0,71.0,4.0,0.0,0.0
2025-07-20 07:00:00,12.0,8.0,28.0,0.0,1010.0,57.0,2.0,0.0,0.0
2025-07-20 08:00:00,12.0,8.0,30.0,0.0,1010.0,55.0,0.0,0.0,0.0
2025-07-20 09:00:00,12.0,8.0,30.0,0.0,1010.0,54.0,4.0,0.0,0.0
2025-07-20 10:00:00,15.0,8.0,31.0,0.0,1010.0,53.0,7.0,0.0,0.0
2025-07-20 11:00:00,14.0,9.0,30.0,0.0,1010.0,56.0,6.0,0.0,0.0
2025-07-20 12:00:00,13.0,9.0,30.0,0.0,1009.0,58.0,7.0,0.0,0.0
2025-07-20 13:00:00,11.0,7.0,30.0,0.0,1008.0,59.0,9.0,0.0,0.0
2025-07-20 14:00:00,11.0,6.0,29.0,0.0,1008.0,62.0,9.0,0.0,0.0
2025-07-20 15:00:00,11.0,6.0,28.0,0.0,1008.0,65.0,9.0,0.0,0.0
2025-07-20 16:00:00,8.0,6.0,29.0,0.0,1008.0,65.0,9.0,0.0,0.0
2025-07-20 17:00:00,10.0,6.0,28.0,0.0,1008.0,65.0,6.0,0.0,0.0
2025-07-20 18:00:00,13.0,7.0,27.0,0.0,1008.0,64.0,2.0,0.0,0.0
2025-07-20 19:00:00,11.0,7.0,25.0,0.0,1008.0,87.0,0.0,0.0,0.0
2025-07-20 20:00:00,10.0,7.0,25.0,0.0,1008.0,85.0,2.0,0.0,0.0
2025-07-20 21:00:00,12.0,7.0,25.0,0.0,1009.0,77.0,4.0,0.0,0.0
2025-07-20 22:00:00,14.0,7.0,25.0,0.0,1009.0,77.0,4.0,0.0,0.0
2025-07-20 23:00:00,14.0,8.0,24.0,0.0,1008.0,77.0,4.0,0.0,0.0
2025-07-21 00:00:00,13.0,8.0,24.0,0.0,1008.0,77.0,4.0,0.0,0.0
2025-07-21 01:00:00,12.0,8.0,24.0,0.0,1008.0,78.0,5.0,0.0,0.0
2025-07-21 02:00:00,11.0,8.0,23.0,0.0,1008.0,77.0,3.0,0.0,0.0
2025-07-21 03:00:00,11.0,7.0,23.0,0.0,1007.0,77.0,3.0,0.0,0.0
2025-07-21 04:00:00,11.0,7.0,23.0,0.0,1007.0,76.0,4.0,0.0,0.0
2025-07-21 05:00:00,11.0,7.0,24.0,0.0,1007.0,74.0,5.0,0.0,0.0
2025-07-21 06:00:00,12.0,8.0,25.0,0.0,1008.0,71.0,5.0,0.0,0.0
2025-07-21 07:00:00,12.0,8.0,30.0,0.0,1007.0,55.0,8.0,0.0,0.0
2025-07-21 08:00:00,14.0,8.0,32.0,0.0,1007.0,56.0,12.0,0.0,0.0
2025-07-21 09:00:00,15.0,9.0,32.0,0.0,1007.0,56.0,19.0,0.0,0.0
2025-07-21 10:00:00,19.0,11.0,32.0,0.0,1007.0,55.0,20.0,0.0,0.0
2025-07-21 11:00:00,20.0,11.0,32.0,0.0,1007.0,56.0,20.0,0.0,0.0
2025-07-21 12:00:00,19.0,11.0,32.0,0.0,1007.0,57.0,20.0,0.0,0.0
2025-07-21 13:00:00,18.0,11.0,31.0,0.0,1006.0,57.0,20.0,0.0,0.0
2025-07-21 14:00:00,16.0,10.0,31.0,0.0,1006.0,55.0,17.0,0.0,0.0
2025-07-21 15:00:00,19.0,10.0,31.0,0.0,1006.0,53.0,14.0,0.0,0.0
2025-07-21 16:00:00,20.0,9.0,29.0,0.3,1007.0,60.0,17.0,0.0,0.0
2025-07-21 17:00:00,24.0,11.0,25.0,0.1,1006.0,84.0,19.0,0.0,0.0
2025-07-21 18:00:00,19.0,10.0,24.0,12.7,1008.0,94.0,14.0,0.0,0.0
2025-07-21 19:00:00,23.0,11.0,23.0,0.5,1008.0,92.0,12.0,0.0,0.0
2025-07-21 20:00:00,14.0,8.0,23.0,0.1,1007.0,90.0,10.0,0.0,0.0
2025-07-21 21:00:00,15.0,8.0,22.0,0.0,1008.0,92.0,7.0,0.0,0.0
2025-07-21 22:00:00,15.0,9.0,22.0,0.0,1008.0,92.0,5.0,0.0,0.0
2025-07-21 23:00:00,19.0,10.0,22.0,0.0,1008.0,90.0,5.0,0.0,0.0
2025-07-22 00:00:00,19.0,10.0,22.0,0.0,1008.0,90.0,5.0,0.0,0.0
2025-07-22 01:00:00,18.0,11.0,22.0,0.0,1008.0,91.0,4.0,0.0,0.0
2025-07-22 02:00:00,18.0,10.0,22.0,0.0,1008.0,90.0,4.0,0.0,0.0
2025-07-22 03:00:00,18.0,10.0,22.0,0.0,1008.0,89.0,5.0,0.0,0.0
2025-07-22 04:00:00,18.0,10.0,22.0,0.0,1009.0,89.0,5.0,0.0,0.0
2025-07-22 05:00:00,17.0,11.0,22.0,0.0,1009.0,89.0,5.0,0.0,0.0
2025-07-22 06:00:00,17.0,11.0,23.0,0.0,1010.0,88.0,5.0,0.0,0.0
2025-07-22 07:00:00,17.0,11.0,29.0,0.0,1010.0,64.0,12.0,0.0,0.0
2025-07-22 08:00:00,20.0,11.0,30.0,0.0,1010.0,60.0,10.0,0.0,0.0
2025-07-22 09:00:00,19.0,11.0,32.0,0.0,1010.0,57.0,8.0,0.0,0.0
2025-07-22 10:00:00,20.0,12.0,32.0,0.0,1010.0,56.0,2.0,0.0,0.0
2025-07-22 11:00:00,20.0,10.0,31.0,0.0,1010.0,59.0,6.0,0.0,0.0
2025-07-22 12:00:00,14.0,8.0,27.0,4.5,1011.0,75.0,13.0,0.0,0.0
2025-07-22 13:00:00,11.0,6.0,26.0,0.7,1011.0,79.0,22.0,0.0,0.0
2025-07-22 14:00:00,7.0,5.0,27.0,0.0,1011.0,73.0,21.0,0.0,0.0
2025-07-22 15:00:00,10.0,7.0,27.0,0.0,1011.0,71.0,17.0,0.0,0.0
2025-07-22 16:00:00,11.0,7.0,28.0,0.0,1010.0,69.0,11.0,0.0,0.0
2025-07-22 17:00:00,11.0,6.0,27.0,0.0,1010.0,69.0,9.0,0.0,0.0
2025-07-22 18:00:00,12.0,6.0,27.0,0.0,1010.0,76.0,5.0,0.0,0.0
2025-07-22 19:00:00,11.0,6.0,26.0,0.0,1011.0,82.0,6.0,0.0,0.0
2025-07-22 20:00:00,12.0,7.0,24.0,0.0,1011.0,82.0,6.0,0.0,0.0
2025-07-22 21:00:00,12.0,6.0,24.0,0.0,1012.0,81.0,6.0,0.0,0.0
2025-07-22 22:00:00,11.0,7.0,23.0,0.0,1012.0,79.0,5.0,0.0,0.0
2025-07-22 23:00:00,14.0,8.0,23.0,0.0,1012.0,78.0,6.0,0.0,0.0
2025-07-23 00:00:00,14.0,9.0,23.0,0.0,1012.0,76.0,7.0,0.0,0.0
2025-07-23 01:00:00,11.0,7.0,23.0,0.0,1012.0,75.0,8.0,0.0,0.0
2025-07-23 02:00:00,11.0,7.0,22.0,0.0,1012.0,76.0,7.0,0.0,0.0
2025-07-23 03:00:00,11.0,7.0,22.0,0.0,1012.0,76.0,7.0,0.0,0.0
2025-07-23 04:00:00,10.0,7.0,22.0,0.0,1012.0,75.0,8.0,0.0,0.0
2025-07-23 05:00:00,10.0,7.0,22.0,0.0,1012.0,74.0,8.0,0.0,0.0
2025-07-23 06:00:00,10.0,7.0,23.0,0.0,1013.0,70.0,9.0,0.0,0.0
2025-07-23 07:00:00,10.0,7.0,30.0,0.0,1011.0,49.0,8.0,0.0,0.0
2025-07-23 08:00:00,12.0,8.0,32.0,0.0,1011.0,44.0,8.0,0.0,0.0
2025-07-23 09:00:00,14.0,8.0,33.0,0.0,1011.0,40.0,6.0,0.0,0.0
2025-07-23 10:00:00,14.0,7.0,33.0,0.0,1011.0,38.0,6.0,0.0,0.0
2025-07-23 11:00:00,16.0,8.0,30.0,0.0,1011.0,50.0,9.0,0.0,0.0
2025-07-23 12:00:00,15.0,7.0,31.0,0.0,1011.0,49.0,13.0,0.0,0.0
2025-07-23 13:00:00,12.0,7.0,30.0,0.0,1010.0,52.0,17.0,0.0,0.0
2025-07-23 14:00:00,11.0,6.0,29.0,0.0,1010.0,58.0,17.0,0.0,0.0
2025-07-23 15:00:00,10.0,5.0,29.0,0.0,1010.0,59.0,17.0,0.0,0.0
2025-07-23 16:00:00,10.0,6.0,30.0,0.0,1010.0,53.0,13.0,0.0,0.0
2025-07-23 17:00:00,10.0,6.0,29.0,0.0,1010.0,56.0,10.0,0.0,0.0
2025-07-23 18:00:00,12.0,6.0,29.0,0.0,1010.0,53.0,2.0,0.0,0.0
2025-07-23 19:00:00,13.0,7.0,27.0,0.0,1010.0,65.0,3.0,0.0,0.0
2025-07-23 20:00:00,14.0,8.0,27.0,0.0,1010.0,63.0,2.0,0.0,0.0
2025-07-23 21:00:00,19.0,8.0,26.0,0.0,1010.0,63.0,4.0,0.0,0.0
2025-07-23 22:00:00,14.0,7.0,26.0,0.0,1010.0,63.0,5.0,0.0,0.0
2025-07-23 23:00:00,14.0,9.0,25.0,0.0,1010.0,66.0,4.0,0.0,0.0
2025-07-24 00:00:00,14.0,8.0,24.0,0.0,1010.0,70.0,5.0,0.0,0.0
2025-07-24 01:00:00,16.0,9.0,24.0,0.0,1010.0,68.0,5.0,0.0,0.0
2025-07-24 02:00:00,15.0,9.0,24.0,0.0,1010.0,67.0,5.0,0.0,0.0
2025-07-24 03:00:00,13.0,8.0,24.0,0.0,1010.0,67.0,4.0,0.0,0.0
2025-07-24 04:00:00,12.0,8.0,24.0,0.0,1010.0,66.0,4.0,0.0,0.0
2025-07-24 05:00:00,11.0,8.0,24.0,0.0,1010.0,67.0,4.0,0.0,0.0
2025-07-24 06:00:00,11.0,8.0,25.0,0.0,1010.0,62.0,4.0,0.0,0.0
2025-07-24 07:00:00,12.0,8.0,28.0,0.1,1010.0,49.0,5.0,0.0,0.0
2025-07-24 08:00:00,15.0,8.0,30.0,0.0,1011.0,43.0,6.0,0.0,0.0
2025-07-24 09:00:00,20.0,9.0,31.0,0.0,1010.0,42.0,8.0,0.0,0.0
2025-07-24 10:00:00,15.0,7.0,32.0,0.0,1010.0,43.0,9.0,0.0,0.0
2025-07-24 11:00:00,13.0,6.0,32.0,0.0,1010.0,42.0,12.0,0.0,0.0
2025-07-24 12:00:00,15.0,7.0,31.0,0.0,1011.0,45.0,22.0,0.0,0.0
2025-07-24 13:00:00,16.0,8.0,30.0,0.0,1011.0,46.0,16.0,0.0,0.0
2025-07-24 14:00:00,13.0,6.0,30.0,0.0,1010.0,55.0,21.0,0.0,0.0
2025-07-24 15:00:00,11.0,5.0,29.0,0.0,1010.0,62.0,13.0,0.0,0.0
2025-07-24 16:00:00,11.0,5.0,29.0,0.0,1010.0,66.0,10.0,0.0,0.0
2025-07-24 17:00:00,11.0,6.0,28.0,0.0,1010.0,66.0,6.0,0.0,0.0
2025-07-24 18:00:00,10.0,6.0,27.0,0.0,1010.0,67.0,5.0,0.0,0.0
2025-07-24 19:00:00,14.0,8.0,26.0,0.0,1011.0,79.0,3.0,0.0,0.0
2025-07-24 20:00:00,16.0,9.0,26.0,0.0,1011.0,78.0,4.0,0.0,0.0
2025-07-24 21:00:00,19.0,9.0,25.0,0.0,1012.0,80.0,3.0,0.0,0.0
2025-07-24 22:00:00,20.0,9.0,25.0,0.0,1012.0,79.0,3.0,0.0,0.0
2025-07-24 23:00:00,20.0,10.0,24.0,0.0,1012.0,74.0,5.0,0.0,0.0
2025-07-25 00:00:00,17.0,9.0,24.0,0.0,1012.0,70.0,5.0,0.0,0.0
2025-07-25 01:00:00,16.0,10.0,24.0,0.0,1011.0,63.0,5.0,0.0,0.0
2025-07-25 02:00:00,14.0,8.0,24.0,0.0,1011.0,62.0,4.0,0.0,0.0
2025-07-25 03:00:00,15.0,9.0,24.0,0.0,1011.0,65.0,2.0,0.0,0.0
2025-07-25 04:00:00,14.0,9.0,24.0,0.0,1011.0,67.0,4.0,0.0,0.0
2025-07-25 05:00:00,14.0,9.0,24.0,0.0,1012.0,63.0,4.0,0.0,0.0
2025-07-25 06:00:00,14.0,9.0,23.0,0.3,1013.0,76.0,13.0,0.0,0.0
2025-07-25 07:00:00,15.0,9.0,27.0,0.9,1012.0,52.0,6.0,0.0,0.0
2025-07-25 08:00:00,15.0,8.0,28.0,2.5,1013.0,44.0,14.0,0.0,0.0
2025-07-25 09:00:00,20.0,8.0,25.0,1.8,1015.0,60.0,22.0,0.0,0.0
2025-07-25 10:00:00,14.0,6.0,24.0,0.1,1015.0,63.0,4.0,0.0,0.0
2025-07-25 11:00:00,14.0,7.0,24.0,0.0,1015.0,65.0,1.0,0.0,0.0
2025-07-25 12:00:00,12.0,6.0,25.0,0.0,1015.0,66.0,5.0,0.0,0.0
2025-07-25 13:00:00,10.0,5.0,25.0,0.0,1015.0,66.0,11.0,0.0,0.0
2025-07-25 14:00:00,10.0,6.0,23.0,0.6,1016.0,81.0,7.0,0.0,0.0
2025-07-25 15:00:00,8.0,5.0,22.0,0.4,1015.0,86.0,9.0,0.0,0.0
2025-07-25 16:00:00,8.0,5.0,23.0,0.0,1014.0,79.0,10.0,0.0,0.0
2025-07-25 17:00:00,11.0,7.0,23.0,0.0,1014.0,73.0,10.0,0.0,0.0
2025-07-25 18:00:00,10.0,6.0,23.0,0.0,1013.0,74.0,11.0,0.0,0.0
2025-07-25 19:00:00,10.0,6.0,23.0,0.0,1013.0,77.0,12.0,0.0,0.0
2025-07-25 20:00:00,9.0,6.0,22.0,0.0,1013.0,73.0,8.0,0.0,0.0
2025-07-25 21:00:00,10.0,7.0,22.0,0.0,1013.0,75.0,5.0,0.0,0.0
2025-07-25 22:00:00,14.0,8.0,22.0,0.0,1013.0,75.0,5.0,0.0,0.0
2025-07-25 23:00:00,10.0,7.0,22.0,0.0,1012.0,72.0,5.0,0.0,0.0
2025-07-26 00:00:00,9.0,6.0,22.0,0.0,1012.0,72.0,3.0,0.0,0.0
2025-07-26 01:00:00,6.0,4.0,22.0,0.0,1012.0,76.0,6.0,0.0,0.0
2025-07-26 02:00:00,6.0,3.0,22.0,0.0,1011.0,79.0,4.0,0.0,0.0
2025-07-26 03:00:00,6.0,4.0,22.0,0.0,1012.0,80.0,8.0,0.0,0.0
2025-07-26 04:00:00,5.0,3.0,21.0,0.0,1012.0,84.0,6.0,0.0,0.0
2025-07-26 05:00:00,6.0,3.0,21.0,0.1,1012.0,88.0,13.0,0.0,0.0
2025-07-26 06:00:00,9.0,4.0,20.0,2.2,1012.0,92.0,10.0,0.0,0.0
2025-07-26 07:00:00,12.0,5.0,22.0,0.0,1011.0,85.0,7.0,0.0,0.0
2025-07-26 08:00:00,9.0,4.0,23.0,0.0,1010.0,84.0,11.0,0.0,0.0
2025-07-26 09:00:00,7.0,4.0,25.0,0.0,1011.0,73.0,12.0,0.0,0.0
2025-07-26 10:00:00,9.0,4.0,24.0,0.0,1011.0,82.0,6.0,0.0,0.0
2025-07-26 11:00:00,7.0,4.0,24.0,0.0,1011.0,84.0,9.0,0.0,0.0
2025-07-26 12:00:00,8.0,4.0,24.0,0.1,1010.0,80.0,11.0,0.0,0.0
2025-07-26 13:00:00,7.0,4.0,24.0,0.0,1010.0,77.0,9.0,0.0,0.0
2025-07-26 14:00:00,17.0,6.0,24.0,0.0,1010.0,77.0,6.0,0.0,0.0
2025-07-26 15:00:00,7.0,4.0,24.0,0.0,1010.0,84.0,6.0,0.0,0.0
2025-07-26 16:00:00,5.0,3.0,24.0,0.0,1009.0,80.0,4.0,0.0,0.0
2025-07-26 17:00:00,5.0,3.0,24.0,0.0,1009.0,76.0,3.0,0.0,0.0
2025-07-26 18:00:00,4.0,2.0,24.0,0.0,1008.0,73.0,2.0,0.0,0.0
2025-07-26 19:00:00,4.0,2.0,23.0,0.0,1008.0,81.0,3.0,0.0,0.0
2025-07-26 20:00:00,5.0,2.0,23.0,0.0,1008.0,82.0,4.0,0.0,0.0
2025-07-26 21:00:00,6.0,3.0,22.0,0.0,1008.0,83.0,8.0,0.0,0.0
2025-07-26 22:00:00,5.0,3.0,22.0,0.1,1009.0,86.0,4.0,0.0,0.0
2025-07-26 23:00:00,6.0,3.0,22.0,7.5,1009.0,91.0,1.0,0.0,0.0
2025-07-27 00:00:00,5.0,2.0,19.0,10.3,1009.0,91.0,11.0,0.0,0.0
2025-07-27 01:00:00,5.0,2.0,19.0,0.1,1008.0,84.0,3.0,0.0,0.0
2025-07-27 02:00:00,4.0,2.0,19.0,0.2,1008.0,88.0,1.0,0.0,0.0
2025-07-27 03:00:00,3.0,2.0,20.0,0.0,1008.0,89.0,6.0,0.0,0.0
2025-07-27 04:00:00,5.0,2.0,20.0,0.0,1008.0,87.0,7.0,0.0,0.0
2025-07-27 05:00:00,5.0,2.0,20.0,0.0,1008.0,83.0,7.0,0.0,0.0
2025-07-27 06:00:00,5.0,3.0,20.0,0.1,1008.0,90.0,5.0,0.0,0.0
2025-07-27 07:00:00,6.0,2.0,20.0,0.0,1009.0,84.0,4.0,0.0,0.0
2025-07-27 08:00:00,5.0,3.0,20.0,0.0,1008.0,84.0,11.0,0.0,0.0
2025-07-27 09:00:00,5.0,2.0,22.0,0.0,1008.0,75.0,5.0,0.0,0.0
2025-07-27 10:00:00,5.0,2.0,24.0,0.0,1008.0,71.0,7.0,0.0,0.0
2025-07-27 11:00:00,5.0,2.0,24.0,0.0,1008.0,70.0,12.0,0.0,0.0
2025-07-27 12:00:00,5.0,3.0,24.0,0.0,1008.0,71.0,10.0,0.0,0.0
2025-07-27 13:00:00,5.0,3.0,25.0,0.0,1008.0,71.0,11.0,0.0,0.0
2025-07-27 14:00:00,5.0,3.0,25.0,0.0,1008.0,67.0,8.0,0.0,0.0
2025-07-27 15:00:00,5.0,3.0,26.0,0.0,1007.0,64.0,9.0,0.0,0.0
2025-07-27 16:00:00,3.0,2.0,26.0,0.0,1007.0,59.0,9.0,0.0,0.0
2025-07-27 17:00:00,2.0,2.0,26.0,0.0,1007.0,59.0,9.0,0.0,0.0
2025-07-27 18:00:00,3.0,2.0,26.0,0.0,1007.0,62.0,4.0,0.0,0.0
2025-07-27 19:00:00,3.0,2.0,24.0,0.0,1007.0,71.0,6.0,0.0,0.0
2025-07-27 20:00:00,5.0,2.0,23.0,0.0,1007.0,75.0,4.0,0.0,0.0
2025-07-27 21:00:00,4.0,2.0,23.0,0.7,1008.0,79.0,7.0,0.0,0.0
2025-07-27 22:00:00,6.0,3.0,22.0,0.4,1007.0,85.0,9.0,0.0,0.0
2025-07-27 23:00:00,7.0,3.0,22.0,0.0,1007.0,81.0,9.0,0.0,0.0
2025-07-28 00:00:00,6.0,3.0,21.0,0.0,1007.0,76.0,6.0,0.0,0.0
2025-07-28 01:00:00,6.0,3.0,21.0,0.0,1007.0,72.0,6.0,0.0,0.0
2025-07-28 02:00:00,8.0,4.0,20.0,1.1,1007.0,84.0,12.0,0.0,0.0
2025-07-28 03:00:00,6.0,3.0,19.0,1.6,1006.0,90.0,4.0,0.0,0.0
2025-07-28 04:00:00,6.0,3.0,19.0,0.3,1006.0,89.0,6.0,0.0,0.0
2025-07-28 05:00:00,6.0,3.0,18.0,0.1,1006.0,89.0,11.0,0.0,0.0
2025-07-28 06:00:00,13.0,5.0,19.0,0.1,1006.0,86.0,13.0,0.0,0.0
2025-07-28 07:00:00,10.0,4.0,20.0,0.7,1006.0,83.0,5.0,0.0,0.0
2025-07-28 08:00:00,8.0,4.0,21.0,0.0,1006.0,82.0,3.0,0.0,0.0
2025-07-28 09:00:00,6.0,3.0,18.0,0.3,1007.0,96.0,3.0,0.0,0.0
2025-07-28 10:00:00,6.0,3.0,19.0,0.4,1007.0,93.0,3.0,0.0,0.0
2025-07-28 11:00:00,5.0,3.0,19.0,0.2,1007.0,89.0,2.0,0.0,0.0
2025-07-28 12:00:00,44.0,8.0,22.0,0.0,1006.0,78.0,9.0,0.0,0.0
2025-07-28 13:00:00,7.0,4.0,23.0,0.0,1006.0,69.0,13.0,0.0,0.0
2025-07-28 14:00:00,5.0,3.0,23.0,0.0,1005.0,74.0,10.0,0.0,0.0
2025-07-28 15:00:00,5.0,3.0,23.0,0.0,1005.0,70.0,6.0,0.0,0.0
2025-07-28 16:00:00,5.0,3.0,23.0,0.0,1005.0,66.0,9.0,0.0,0.0
2025-07-28 17:00:00,6.0,4.0,22.0,0.0,1005.0,67.0,14.0,0.0,0.0
2025-07-28 18:00:00,8.0,5.0,22.0,0.0,1006.0,69.0,12.0,0.0,0.0
2025-07-28 19:00:00,8.0,5.0,22.0,0.0,1006.0,68.0,9.0,0.0,0.0
2025-07-28 20:00:00,8.0,5.0,22.0,0.0,1007.0,68.0,6.0,0.0,0.0
2025-07-28 21:00:00,7.0,5.0,22.0,0.0,1008.0,67.0,9.0,0.0,0.0
2025-07-28 22:00:00,8.0,5.0,21.0,0.0,1008.0,67.0,9.0,0.0,0.0
2025-07-28 23:00:00,7.0,5.0,21.0,0.0,1009.0,66.0,7.0,0.0,0.0
2025-07-29 00:00:00,7.0,5.0,21.0,0.0,1009.0,69.0,6.0,0.0,0.0
2025-07-29 01:00:00,6.0,4.0,21.0,0.0,1009.0,69.0,6.0,0.0,0.0
2025-07-29 02:00:00,8.0,4.0,21.0,0.0,1009.0,70.0,6.0,0.0,0.0
2025-07-29 03:00:00,8.0,5.0,21.0,0.0,1009.0,71.0,4.0,0.0,0.0
2025-07-29 04:00:00,8.0,5.0,21.0,0.0,1010.0,68.0,6.0,0.0,0.0
2025-07-29 05:00:00,8.0,4.0,22.0,0.0,1011.0,61.0,10.0,0.0,0.0
2025-07-29 06:00:00,9.0,5.0,21.0,0.0,1012.0,65.0,18.0,0.0,0.0
2025-07-29 07:00:00,10.0,5.0,19.0,0.0,1012.0,85.0,8.0,0.0,0.0
2025-07-29 08:00:00,8.0,4.0,19.0,0.1,1013.0,86.0,13.0,0.0,0.0
2025-07-29 09:00:00,8.0,4.0,20.0,0.3,1014.0,86.0,13.0,0.0,0.0
2025-07-29 10:00:00,5.0,2.0,21.0,0.3,1014.0,81.0,10.0,0.0,0.0
2025-07-29 11:00:00,14.222588133235824,8.489386176328253,22.0,0.1,1014.0,73.0,14.0,0.0,0.0
2025-07-29 12:00:00,4.0,2.0,22.0,0.0,1014.0,69.0,21.0,0.0,0.0
2025-07-29 13:00:00,5.0,2.0,22.0,0.0,1014.0,66.0,21.0,0.0,0.0
2025-07-29 14:00:00,4.0,2.0,23.0,0.0,1014.0,65.0,19.0,0.0,0.0
2025-07-29 15:00:00,4.0,2.0,23.0,0.0,1014.0,64.0,19.0,0.0,0.0
2025-07-29 16:00:00,4.0,2.0,23.0,0.0,1014.0,62.0,14.0,0.0,0.0
2025-07-29 17:00:00,4.0,2.0,22.0,0.0,1014.0,65.0,13.0,0.0,0.0
2025-07-29 18:00:00,4.0,2.0,21.0,0.0,1014.0,69.0,10.0,0.0,0.0
2025-07-29 19:00:00,4.0,2.0,21.0,0.0,1015.0,66.0,9.0,0.0,0.0
2025-07-29 20:00:00,4.0,2.0,20.0,0.0,1015.0,67.0,8.0,0.0,0.0
2025-07-29 21:00:00,4.0,2.0,20.0,0.0,1016.0,66.0,7.0,0.0,0.0
2025-07-29 22:00:00,4.0,2.0,20.0,0.0,1016.0,65.0,7.0,0.0,0.0
2025-07-29 23:00:00,5.0,3.0,19.0,0.0,1016.0,67.0,6.0,0.0,0.0
2025-07-30 00:00:00,7.0,4.0,18.0,0.0,1016.0,71.0,8.0,0.0,0.0
2025-07-30 01:00:00,7.0,5.0,18.0,0.0,1016.0,73.0,9.0,0.0,0.0
2025-07-30 02:00:00,6.0,4.0,18.0,0.0,1016.0,72.0,9.0,0.0,0.0
2025-07-30 03:00:00,6.0,4.0,18.0,0.0,1016.0,71.0,9.0,0.0,0.0
2025-07-30 04:00:00,6.0,4.0,18.0,0.0,1016.0,69.0,8.0,0.0,0.0
2025-07-30 05:00:00,8.0,5.0,18.0,0.0,1016.0,70.0,9.0,0.0,0.0
2025-07-30 06:00:00,6.0,5.0,19.0,0.0,1016.0,70.0,7.0,0.0,0.0
2025-07-30 07:00:00,7.0,5.0,21.0,0.0,1016.0,53.0,5.0,0.0,0.0
2025-07-30 08:00:00,7.0,5.0,22.0,0.0,1016.0,46.0,5.0,0.0,0.0
2025-07-30 09:00:00,9.0,5.0,24.0,0.0,1016.0,41.0,5.0,0.0,0.0
2025-07-30 10:00:00,10.0,5.0,25.0,0.0,1016.0,38.0,4.0,0.0,0.0
2025-07-30 11:00:00,8.0,4.0,26.0,0.0,1016.0,42.0,10.0,0.0,0.0
2025-07-30 12:00:00,8.0,4.0,26.0,0.0,1015.0,44.0,16.0,0.0,0.0
2025-07-30 13:00:00,7.0,4.0,26.0,0.0,1015.0,43.0,18.0,0.0,0.0
2025-07-30 14:00:00,7.0,4.0,27.0,0.0,1015.0,43.0,18.0,0.0,0.0
2025-07-30 15:00:00,6.0,4.0,26.0,0.0,1014.0,44.0,17.0,0.0,0.0
2025-07-30 16:00:00,6.0,4.0,26.0,0.0,1014.0,44.0,13.0,0.0,0.0
2025-07-30 17:00:00,6.0,3.0,26.0,0.0,1014.0,45.0,10.0,0.0,0.0
2025-07-30 18:00:00,6.0,3.0,25.0,0.0,1015.0,38.0,7.0,0.0,0.0
2025-07-30 19:00:00,7.0,3.0,24.0,0.0,1015.0,57.0,8.0,0.0,0.0
2025-07-30 20:00:00,7.0,4.0,23.0,0.0,1015.0,59.0,5.0,0.0,0.0
2025-07-30 21:00:00,6.0,4.0,22.0,0.0,1015.0,61.0,6.0,0.0,0.0
2025-07-30 22:00:00,8.0,3.0,21.0,0.0,1016.0,61.0,7.0,0.0,0.0
2025-07-30 23:00:00,7.0,4.0,21.0,0.0,1015.0,62.0,7.0,0.0,0.0
2025-07-31 00:00:00,8.0,4.0,20.0,0.0,1015.0,63.0,6.0,0.0,0.0
2025-07-31 01:00:00,8.0,4.0,20.0,0.0,1015.0,65.0,6.0,0.0,0.0
2025-07-31 02:00:00,7.0,4.0,20.0,0.0,1015.0,64.0,5.0,0.0,0.0
2025-07-31 03:00:00,7.0,4.0,20.0,0.0,1015.0,63.0,5.0,0.0,0.0
2025-07-31 04:00:00,8.0,5.0,20.0,0.0,1015.0,61.0,4.0,0.0,0.0
2025-07-31 05:00:00,8.0,4.0,20.0,0.0,1015.0,61.0,5.0,0.0,0.0
2025-07-31 06:00:00,7.0,4.0,21.0,0.0,1015.0,57.0,4.0,0.0,0.0
2025-07-31 07:00:00,7.0,5.0,23.0,0.0,1015.0,66.0,5.0,0.0,0.0
2025-07-31 08:00:00,7.0,5.0,25.0,0.0,1016.0,60.0,1.0,0.0,0.0
2025-07-31 09:00:00,10.0,5.0,26.0,0.0,1016.0,59.0,4.0,0.0,0.0
2025-07-31 10:00:00,12.0,5.0,27.0,0.0,1016.0,57.0,6.0,0.0,0.0
2025-07-31 11:00:00,14.0,6.0,27.0,0.0,1016.0,53.0,13.0,0.0,0.0
2025-07-31 12:00:00,10.0,5.0,27.0,0.0,1015.0,55.0,15.0,0.0,0.0
2025-07-31 13:00:00,9.0,5.0,27.0,0.0,1015.0,52.0,16.0,0.0,0.0
2025-07-31 14:00:00,8.0,6.0,27.0,0.0,1015.0,53.0,16.0,0.0,0.0
2025-07-31 15:00:00,6.0,4.0,26.0,0.0,1014.0,52.0,12.0,0.0,0.0
2025-07-31 16:00:00,6.0,4.0,26.0,0.0,1014.0,51.0,9.0,0.0,0.0
2025-07-31 17:00:00,7.0,4.0,26.0,0.0,1014.0,52.0,6.0,0.0,0.0
2025-07-31 18:00:00,8.0,5.0,25.0,0.0,1014.0,58.0,3.0,0.0,0.0
2025-07-31 19:00:00,8.0,5.0,24.0,0.0,1015.0,61.0,3.0,0.0,0.0
2025-07-31 20:00:00,8.0,5.0,23.0,0.0,1015.0,64.0,5.0,0.0,0.0
2025-07-31 21:00:00,10.0,5.0,22.0,0.0,1015.0,64.0,6.0,0.0,0.0
2025-07-31 22:00:00,12.0,6.0,22.0,0.0,1015.0,62.0,6.0,0.0,0.0
2025-07-31 23:00:00,11.0,6.0,22.0,0.0,1015.0,62.0,4.0,0.0,0.0
2025-08-01 00:00:00,10.0,6.0,22.0,0.0,1015.0,64.0,3.0,0.0,0.0
2025-08-01 01:00:00,10.0,6.0,21.0,0.0,1014.0,66.0,5.0,0.0,0.0
2025-08-01 02:00:00,8.0,5.0,20.0,0.0,1014.0,69.0,6.0,0.0,0.0
2025-08-01 03:00:00,10.0,7.0,20.0,0.0,1014.0,69.0,6.0,0.0,0.0
2025-08-01 04:00:00,9.0,6.0,20.0,0.0,1014.0,68.0,6.0,0.0,0.0
2025-08-01 05:00:00,9.0,6.0,20.0,0.0,1014.0,69.0,6.0,0.0,0.0
2025-08-01 06:00:00,9.0,6.0,21.0,0.0,1013.0,68.0,5.0,0.0,0.0
2025-08-01 07:00:00,9.0,6.0,24.0,0.0,1013.0,59.0,3.0,0.0,0.0
2025-08-01 08:00:00,12.0,7.0,26.0,0.0,1013.0,54.0,1.0,0.0,0.0
2025-08-01 09:00:00,12.0,7.0,27.0,0.0,1013.0,53.0,4.0,0.0,0.0
2025-08-01 10:00:00,10.0,6.0,27.0,0.0,1013.0,58.0,8.0,0.0,0.0
2025-08-01 11:00:00,11.0,6.0,27.0,0.0,1012.0,57.0,14.0,0.0,0.0
2025-08-01 12:00:00,9.0,6.0,27.0,0.0,1012.0,58.0,15.0,0.0,0.0
2025-08-01 13:00:00,8.0,6.0,27.0,0.0,1012.0,56.0,14.0,0.0,0.0
2025-08-01 14:00:00,13.0,6.0,28.0,0.0,1011.0,52.0,14.0,0.0,0.0
2025-08-01 15:00:00,11.0,5.0,27.0,0.0,1011.0,55.0,13.0,0.0,0.0
2025-08-01 16:00:00,10.0,6.0,26.0,0.0,1011.0,69.0,19.0,0.0,0.0
2025-08-01 17:00:00,17.0,9.0,25.0,0.0,1011.0,66.0,11.0,0.0,0.0
2025-08-01 18:00:00,17.0,6.0,25.0,0.0,1011.0,77.0,3.0,0.0,0.0
2025-08-01 19:00:00,17.0,5.0,24.0,0.0,1011.0,70.0,3.0,0.0,0.0
2025-08-01 20:00:00,8.0,4.0,23.0,0.0,1011.0,70.0,8.0,0.0,0.0
2025-08-01 21:00:00,7.0,4.0,23.0,0.0,1011.0,71.0,5.0,0.0,0.0
2025-08-01 22:00:00,7.0,5.0,23.0,0.0,1012.0,71.0,3.0,0.0,0.0
2025-08-01 23:00:00,9.0,5.0,22.0,0.0,1012.0,69.0,5.0,0.0,0.0
2025-08-02 00:00:00,8.0,5.0,22.0,0.0,1011.0,65.0,5.0,0.0,0.0
2025-08-02 01:00:00,8.0,5.0,22.0,0.0,1011.0,68.0,1.0,0.0,0.0
2025-08-02 02:00:00,8.0,5.0,22.0,0.0,1010.0,68.0,7.0,0.0,0.0
2025-08-02 03:00:00,6.0,5.0,22.0,0.0,1010.0,66.0,4.0,0.0,0.0
2025-08-02 04:00:00,9.0,6.0,22.0,0.0,1010.0,68.0,3.0,0.0,0.0
2025-08-02 05:00:00,12.0,7.0,22.0,0.0,1010.0,67.0,3.0,0.0,0.0
2025-08-02 06:00:00,9.0,6.0,22.0,0.0,1010.0,62.0,3.0,0.0,0.0
2025-08-02 07:00:00,7.0,5.0,22.0,0.0,1010.0,77.0,5.0,0.0,0.0
2025-08-02 08:00:00,6.0,4.0,24.0,0.0,1010.0,72.0,3.0,0.0,0.0
2025-08-02 09:00:00,7.0,4.0,25.0,0.0,1010.0,67.0,2.0,0.0,0.0
2025-08-02 10:00:00,7.0,4.0,26.0,0.0,1010.0,65.0,1.0,0.0,0.0
2025-08-02 11:00:00,14.028081708913582,7.593062962571807,25.0,0.1,1010.0,74.0,12.0,0.0,0.0
2025-08-02 12:00:00,14.20455624404269,8.495588130353042,23.0,1.7,1010.0,86.0,11.0,0.0,0.0
2025-08-02 13:00:00,14.88649027981234,9.262550269333119,23.0,0.1,1009.0,91.0,8.0,0.0,0.0
2025-08-02 14:00:00,14.587067294157029,8.351993657404151,25.0,0.0,1008.0,85.0,9.0,0.0,0.0
2025-08-02 15:00:00,13.804484271967292,7.171344485024932,24.0,0.4,1009.0,82.0,27.0,0.0,0.0
2025-08-02 16:00:00,13.511681614989921,7.970651474288516,20.0,1.5,1011.0,88.0,28.0,0.0,0.0
2025-08-02 17:00:00,13.26579137660158,8.797802843819625,19.0,4.6,1011.0,93.0,10.0,0.0,0.0
2025-08-02 18:00:00,13.035860695702613,8.73422616477788,18.0,2.9,1010.0,92.0,10.0,0.0,0.0
2025-08-02 19:00:00,14.023433451268662,9.5091387256805,19.0,0.0,1010.0,90.0,5.0,0.0,0.0
2025-08-02 20:00:00,13.937632697384009,9.672315715416076,18.0,0.0,1011.0,89.0,5.0,0.0,0.0
2025-08-02 21:00:00,14.130444833753156,9.602650854134737,19.0,0.0,1011.0,88.0,5.0,0.0,0.0
2025-08-02 22:00:00,14.108527882346134,9.544983298387805,19.0,0.0,1011.0,88.0,6.0,0.0,0.0
2025-08-02 23:00:00,14.23745621623765,9.696162982588987,19.0,0.0,1012.0,86.0,5.0,0.0,0.0
2025-08-03 00:00:00,13.936079230600274,9.388343240340063,19.0,0.0,1011.0,86.0,5.0,0.0,0.0
2025-08-03 01:00:00,13.95799618200731,9.446010796087009,19.0,0.0,1011.0,86.0,4.0,0.0,0.0
2025-08-03 02:00:00,14.163743832851946,9.930649206514573,18.0,0.0,1012.0,88.0,4.0,0.0,0.0
2025-08-03 03:00:00,14.163743832851946,9.930649206514573,18.0,0.0,1012.0,88.0,4.0,0.0,0.0
2025-08-03 04:00:00,13.969378229699116,9.716341592719942,18.0,0.0,1012.0,86.0,4.0,0.0,0.0
2025-08-03 05:00:00,14.065007564491822,9.539522924541274,19.0,0.0,1012.0,84.0,4.0,0.0,0.0
2025-08-03 06:00:00,13.944354344724648,9.090729086821014,20.0,0.0,1012.0,80.0,5.0,0.0,0.0
2025-08-03 07:00:00,13.120798239708394,8.033212607515537,20.0,0.0,1014.0,66.0,8.0,0.0,0.0
2025-08-03 08:00:00,13.482372134603278,8.167878803373952,18.0,0.0,1015.0,78.0,32.0,0.0,0.0
2025-08-03 09:00:00,13.29136660197355,7.669844297731785,19.0,0.9,1015.0,76.0,34.0,0.0,0.0
2025-08-03 10:00:00,13.914730905770712,7.771187220666789,21.0,0.1,1015.0,74.0,33.0,0.0,0.0
2025-08-03 11:00:00,14.168839833962029,7.963249523188566,22.0,0.0,1015.0,72.0,27.0,0.0,0.0
2025-08-03 12:00:00,13.899208380639791,7.699455658243551,22.0,0.0,1015.0,69.0,26.0,0.0,0.0
2025-08-03 13:00:00,13.94304228345383,7.814790769737414,22.0,0.0,1015.0,69.0,24.0,0.0,0.0
2025-08-03 14:00:00,14.06214203643724,7.9796121323816465,22.0,0.0,1015.0,70.0,23.0,0.0,0.0
2025-08-03 15:00:00,14.0183081336232,7.864277020887769,22.0,0.0,1015.0,70.0,25.0,0.0,0.0
2025-08-03 16:00:00,13.845859481877406,7.707636962840084,22.0,0.0,1015.0,68.0,24.0,0.0,0.0
2025-08-03 17:00:00,13.392930888134376,7.389991543085998,21.0,0.0,1015.0,67.0,27.0,0.0,0.0
2025-08-03 18:00:00,13.406886310376763,7.855147989999338,20.0,0.0,1015.0,69.0,22.0,0.0,0.0
2025-08-03 19:00:00,13.874083911321904,8.74782459431411,20.0,0.0,1016.0,68.0,10.0,0.0,0.0
2025-08-03 20:00:00,13.776901109745465,8.64067078741678,20.0,0.0,1016.0,67.0,10.0,0.0,0.0
2025-08-03 21:00:00,13.840078589415903,8.61884780437714,20.0,0.0,1017.0,65.0,12.0,0.0,0.0
2025-08-03 22:00:00,13.840078589415903,8.61884780437714,20.0,0.0,1017.0,65.0,12.0,0.0,0.0
2025-08-03 23:00:00,14.056361143975767,8.890822973918716,20.0,0.0,1017.0,67.0,11.0,0.0,0.0
2025-08-04 00:00:00,14.17546089695921,9.055644336562978,20.0,0.0,1017.0,68.0,10.0,0.0,0.0
2025-08-04 01:00:00,14.476837882596568,9.363464078811873,20.0,0.0,1018.0,68.0,10.0,0.0,0.0
2025-08-04 02:00:00,14.305942697634473,9.490796495840172,19.0,0.0,1018.0,69.0,9.0,0.0,0.0
2025-08-04 03:00:00,14.12366546498054,9.34779811623551,19.0,0.0,1017.0,70.0,8.0,0.0,0.0
2025-08-04 04:00:00,14.305942697634473,9.490796495840172,19.0,0.0,1018.0,69.0,9.0,0.0,0.0
2025-08-04 05:00:00,14.726419436255256,9.963437600733329,19.0,0.0,1019.0,70.0,8.0,0.0,0.0
2025-08-04 06:00:00,14.843965722454968,9.844286488301577,20.0,0.0,1019.0,68.0,7.0,0.0,0.0
2025-08-04 07:00:00,14.37686173241245,8.79824005940992,22.0,0.0,1019.0,57.0,6.0,0.0,0.0
2025-08-04 08:00:00,14.51477150323548,8.45278402764913,24.0,0.0,1019.0,52.0,4.0,0.0,0.0
2025-08-04 09:00:00,14.608847371244469,7.991992884394463,26.0,0.0,1019.0,47.0,4.0,0.0,0.0
2025-08-04 10:00:00,14.563460001646716,7.592685297824602,27.0,0.0,1019.0,44.0,6.0,0.0,0.0
2025-08-04 11:00:00,14.422443297256255,7.370196379433423,27.0,0.0,1019.0,43.0,8.0,0.0,0.0
2025-08-04 12:00:00,14.497709147425658,7.419682630583807,27.0,0.0,1019.0,44.0,9.0,0.0,0.0
2025-08-04 13:00:00,14.596131830826076,7.700934174909776,26.0,0.0,1018.0,52.0,13.0,0.0,0.0
2025-08-04 14:00:00,14.865763284148308,7.964728039854791,26.0,0.0,1018.0,55.0,14.0,0.0,0.0
2025-08-04 15:00:00,14.897195231503677,7.898879179511312,26.0,0.0,1018.0,56.0,17.0,0.0,0.0
2025-08-04 16:00:00,14.680912676943812,7.626904009969735,26.0,0.0,1018.0,54.0,18.0,0.0,0.0
2025-08-04 17:00:00,14.20740062452035,7.272318947320471,26.0,0.0,1018.0,48.0,13.0,0.0,0.0
2025-08-04 18:00:00,15.291920330887109,9.200139745180337,24.0,0.0,1018.0,64.0,8.0,0.0,0.0
2025-08-04 19:00:00,14.91714454682382,9.236680964504401,23.0,0.0,1018.0,62.0,3.0,0.0,0.0
2025-08-04 20:00:00,14.980322026494278,9.214857981464789,23.0,0.0,1019.0,60.0,5.0,0.0,0.0
2025-08-04 21:00:00,14.785956423341446,9.000550367670158,23.0,0.0,1019.0,58.0,5.0,0.0,0.0
2025-08-04 22:00:00,14.928526594515592,9.507011761137306,22.0,0.0,1019.0,62.0,3.0,0.0,0.0
2025-08-04 23:00:00,15.392523650990686,9.98511323987698,22.0,0.0,1019.0,67.0,4.0,0.0,0.0
2025-08-05 00:00:00,15.273423898007245,9.820291877232734,22.0,0.0,1019.0,66.0,5.0,0.0,0.0
2025-08-05 01:00:00,14.810980308315898,9.626162873569072,21.0,0.0,1019.0,64.0,4.0,0.0,0.0
2025-08-05 02:00:00,14.594697753756034,9.354187704027495,21.0,0.0,1019.0,62.0,5.0,0.0,0.0
2025-08-05 03:00:00,14.69188055533244,9.461341510924811,21.0,0.0,1019.0,63.0,5.0,0.0,0.0
2025-08-05 04:00:00,14.715350973523176,9.802981541747727,20.0,0.0,1019.0,66.0,4.0,0.0,0.0
2025-08-05 05:00:00,15.177794563214556,9.997110545411417,21.0,0.0,1019.0,68.0,5.0,0.0,0.0
2025-08-05 06:00:00,15.306722897106082,10.148290229612584,21.0,0.0,1020.0,66.0,4.0,0.0,0.0
2025-08-05 07:00:00,14.988597140618646,8.917243827945711,24.0,0.0,1020.0,54.0,5.0,0.0,0.0
2025-08-05 08:00:00,15.07315801267927,8.579969100781454,26.0,0.0,1020.0,48.0,1.0,0.0,0.0
2025-08-05 09:00:00,15.095074964086288,8.637636656528386,26.0,0.0,1020.0,48.0,0.0,0.0,0.0
2025-08-05 10:00:00,15.244053197641382,8.45263668375317,27.0,0.0,1020.0,47.0,2.0,0.0,0.0
2025-08-05 11:00:00,15.360265991114503,8.312757658469664,27.0,0.0,1020.0,50.0,10.0,0.0,0.0
2025-08-05 12:00:00,14.908357305138354,7.905965413920015,27.0,0.0,1019.0,48.0,8.0,0.0,0.0
2025-08-05 13:00:00,14.44560013048725,7.601961672608994,26.0,0.0,1018.0,50.0,11.0,0.0,0.0
2025-08-05 14:00:00,14.941029134317699,8.014214291005175,26.0,0.0,1018.0,56.0,15.0,0.0,0.0
2025-08-05 15:00:00,15.450413560390533,8.891623356314696,25.0,0.0,1018.0,64.0,14.0,0.0,0.0
2025-08-05 16:00:00,15.688613066357401,9.22126608160319,25.0,0.0,1018.0,66.0,12.0,0.0,0.0
2025-08-05 17:00:00,15.895380624968901,9.616757667235163,25.0,0.0,1018.0,67.0,7.0,0.0,0.0
2025-08-05 18:00:00,16.222801403347592,10.461043090587424,24.0,0.0,1018.0,72.0,1.0,0.0,0.0
2025-08-05 19:00:00,16.03950426292683,10.407191535778367,23.0,0.0,1018.0,74.0,5.0,0.0,0.0
2025-08-05 20:00:00,15.65077305662112,9.978576308189076,23.0,0.0,1018.0,70.0,5.0,0.0,0.0
2025-08-05 21:00:00,15.285512268506178,9.891601111422716,22.0,0.0,1018.0,69.0,4.0,0.0,0.0
2025-08-05 22:00:00,15.404612021489633,10.056422474066991,22.0,0.0,1018.0,70.0,3.0,0.0,0.0
2025-08-05 23:00:00,15.307429219913196,9.949268667169662,22.0,0.0,1018.0,69.0,3.0,0.0,0.0
2025-08-06 00:00:00,15.210246418336787,9.842114860272346,22.0,0.0,1018.0,68.0,3.0,0.0,0.0
2025-08-06 01:00:00,15.404612021489633,10.056422474066991,22.0,0.0,1018.0,70.0,3.0,0.0,0.0
2025-08-06 02:00:00,15.188329466929769,9.784447304525415,22.0,0.0,1018.0,68.0,4.0,0.0,0.0
2025-08-06 03:00:00,15.54562872588006,10.278911392458156,22.0,0.0,1018.0,71.0,1.0,0.0,0.0
2025-08-06 04:00:00,15.316944215861543,9.825752251079251,22.0,0.0,1018.0,70.0,7.0,0.0,0.0
2025-08-06 05:00:00,14.955204530617213,8.742615300142745,23.0,0.0,1018.0,66.0,19.0,0.0,0.0
2025-08-06 06:00:00,15.145443292435745,8.478124788580985,24.0,0.0,1019.0,63.0,24.0,0.0,0.0
2025-08-06 07:00:00,16.20247185359801,10.17576754861085,24.0,0.3,1020.0,68.0,8.0,0.0,0.0
2025-08-06 08:00:00,15.850086131954487,9.681549043906529,24.0,1.2,1020.0,68.0,13.0,0.0,0.0
2025-08-06 09:00:00,15.15524422752658,8.41238337167772,25.0,1.4,1020.0,60.0,20.0,0.0,0.0
2025-08-06 10:00:00,14.954751344765736,8.089965020586135,25.0,0.9,1020.0,57.0,22.0,0.0,0.0
2025-08-06 11:00:00,15.130247988369412,7.83887060423902,26.0,0.0,1020.0,54.0,25.0,0.0,0.0
2025-08-06 12:00:00,15.062943667364605,7.381895461922198,27.0,0.0,1020.0,51.0,28.0,0.0,0.0
2025-08-06 13:00:00,15.268157759192405,7.493414572478201,28.0,0.0,1020.0,49.0,23.0,0.0,0.0
2025-08-06 14:00:00,15.192891909023,7.443928321327803,28.0,0.0,1020.0,48.0,22.0,0.0,0.0
2025-08-06 15:00:00,15.290074710599423,7.551082128225119,28.0,0.0,1020.0,49.0,22.0,0.0,0.0
2025-08-06 16:00:00,15.409174463582865,7.71590349086938,28.0,0.0,1020.0,50.0,21.0,0.0,0.0
2025-08-06 17:00:00,15.260196230027756,7.900903463644582,27.0,0.0,1020.0,51.0,19.0,0.0,0.0
2025-08-06 18:00:00,14.797752640336409,7.7067744599809345,26.0,0.0,1020.0,49.0,18.0,0.0,0.0
2025-08-06 19:00:00,14.781829582007127,8.521752242313724,24.0,0.0,1020.0,53.0,10.0,0.0,0.0
2025-08-06 20:00:00,14.934228334089378,9.014571957337836,23.0,0.0,1021.0,54.0,8.0,0.0,0.0
2025-08-06 21:00:00,15.053328087072785,9.179393319982069,23.0,0.0,1021.0,55.0,7.0,0.0,0.0
2025-08-06 22:00:00,14.666150347550843,9.034750567468791,22.0,0.0,1021.0,54.0,7.0,0.0,0.0
2025-08-06 23:00:00,14.666150347550843,9.034750567468791,22.0,0.0,1021.0,54.0,7.0,0.0,0.0
2025-08-07 00:00:00,14.904349853517708,9.364393292757285,22.0,0.0,1021.0,56.0,5.0,0.0,0.0
2025-08-07 01:00:00,14.48387311489694,8.891752187864157,22.0,0.0,1020.0,55.0,6.0,0.0,0.0
2025-08-07 02:00:00,14.215795128358424,8.911930797995126,21.0,0.0,1020.0,55.0,5.0,0.0,0.0
2025-08-07 03:00:00,14.237712079765426,8.969598353742057,21.0,0.0,1020.0,55.0,4.0,0.0,0.0
2025-08-07 04:00:00,14.312977929934847,9.019084604892456,21.0,0.0,1020.0,56.0,5.0,0.0,0.0
2025-08-07 05:00:00,14.41016073151127,9.126238411789771,21.0,0.0,1020.0,57.0,5.0,0.0,0.0
2025-08-07 06:00:00,14.786803567318001,9.483544405189036,21.0,0.0,1021.0,58.0,6.0,0.0,0.0
2025-08-07 07:00:00,14.524600084143547,8.439142349206037,24.0,0.0,1020.0,49.0,4.0,0.0,0.0
2025-08-07 08:00:00,14.425863815783405,8.048016067232723,25.0,0.0,1020.0,45.0,4.0,0.0,0.0
2025-08-07 09:00:00,14.46659078503001,7.595406228574603,27.0,0.0,1020.0,39.0,2.0,0.0,0.0
2025-08-07 10:00:00,14.712751820161525,7.517560062696717,28.0,0.0,1020.0,39.0,4.0,0.0,0.0
2025-08-07 11:00:00,14.692388335538226,7.7438649820257695,27.0,0.0,1020.0,42.0,5.0,0.0,0.0
2025-08-07 12:00:00,11.0,4.0,28.0,0.0,1020.0,44.0,6.0,0.0,0.0
2025-08-07 13:00:00,8.0,4.0,27.0,0.0,1020.0,47.0,9.0,0.0,0.0
2025-08-07 14:00:00,8.0,4.0,27.0,0.0,1019.0,51.0,12.0,0.0,0.0
2025-08-07 15:00:00,8.0,4.0,26.0,0.0,1019.0,55.0,11.0,0.0,0.0
2025-08-07 16:00:00,9.0,4.0,26.0,0.0,1019.0,58.0,8.0,0.0,0.0
2025-08-07 17:00:00,9.0,4.0,26.0,0.0,1019.0,58.0,4.0,0.0,0.0
2025-08-07 18:00:00,8.0,4.0,24.0,0.0,1019.0,69.0,2.0,0.0,0.0
2025-08-07 19:00:00,8.0,4.0,24.0,0.0,1020.0,71.0,2.0,0.0,0.0
2025-08-07 20:00:00,7.0,4.0,23.0,0.0,1020.0,72.0,4.0,0.0,0.0
2025-08-07 21:00:00,8.0,4.0,23.0,0.0,1020.0,72.0,4.0,0.0,0.0
2025-08-07 22:00:00,8.0,4.0,23.0,0.0,1020.0,68.0,5.0,0.0,0.0
2025-08-07 23:00:00,12.0,5.0,22.0,0.0,1020.0,67.0,5.0,0.0,0.0
2025-08-08 00:00:00,8.0,5.0,22.0,0.0,1020.0,70.0,6.0,0.0,0.0
2025-08-08 01:00:00,9.0,5.0,21.0,0.0,1020.0,71.0,5.0,0.0,0.0
2025-08-08 02:00:00,10.0,6.0,21.0,0.0,1020.0,70.0,5.0,0.0,0.0
2025-08-08 03:00:00,10.0,6.0,21.0,0.0,1020.0,70.0,4.0,0.0,0.0
2025-08-08 04:00:00,11.0,7.0,21.0,0.0,1020.0,71.0,4.0,0.0,0.0
2025-08-08 05:00:00,11.0,6.0,21.0,0.0,1020.0,71.0,4.0,0.0,0.0
2025-08-08 06:00:00,11.0,7.0,22.0,0.0,1020.0,69.0,4.0,0.0,0.0
2025-08-08 07:00:00,11.0,7.0,24.0,0.0,1020.0,62.0,2.0,0.0,0.0
2025-08-08 08:00:00,14.0,7.0,26.0,0.0,1020.0,59.0,3.0,0.0,0.0
2025-08-08 09:00:00,15.0,8.0,27.0,0.0,1020.0,59.0,6.0,0.0,0.0
2025-08-08 10:00:00,12.0,7.0,26.0,0.0,1020.0,60.0,10.0,0.0,0.0
2025-08-08 11:00:00,13.0,7.0,27.0,0.0,1020.0,54.0,9.0,0.0,0.0
2025-08-08 12:00:00,12.0,7.0,28.0,0.0,1020.0,55.0,6.0,0.0,0.0
2025-08-08 13:00:00,11.0,7.0,28.0,0.0,1020.0,54.0,7.0,0.0,0.0
2025-08-08 14:00:00,13.0,7.0,28.0,0.0,1020.0,53.0,9.0,0.0,0.0
2025-08-08 15:00:00,14.0,7.0,28.0,0.0,1019.0,53.0,6.0,0.0,0.0
2025-08-08 16:00:00,13.0,7.0,27.0,0.0,1019.0,53.0,4.0,0.0,0.0
2025-08-08 17:00:00,11.0,6.0,27.0,0.0,1019.0,54.0,2.0,0.0,0.0
2025-08-08 18:00:00,12.0,6.0,25.0,0.0,1019.0,77.0,2.0,0.0,0.0
2025-08-08 19:00:00,12.0,7.0,24.0,0.0,1019.0,83.0,2.0,0.0,0.0
2025-08-08 20:00:00,14.0,7.0,24.0,0.0,1019.0,78.0,3.0,0.0,0.0
2025-08-08 21:00:00,13.0,7.0,24.0,0.0,1020.0,76.0,3.0,0.0,0.0
2025-08-08 22:00:00,17.0,8.0,24.0,0.0,1020.0,79.0,3.0,0.0,0.0
2025-08-08 23:00:00,20.0,10.0,24.0,0.0,1020.0,75.0,3.0,0.0,0.0
2025-08-09 00:00:00,17.0,9.0,23.0,0.0,1019.0,74.0,3.0,0.0,0.0
2025-08-09 01:00:00,18.0,10.0,23.0,0.0,1019.0,77.0,3.0,0.0,0.0
2025-08-09 02:00:00,18.0,11.0,22.0,0.0,1019.0,77.0,3.0,0.0,0.0
2025-08-09 03:00:00,18.0,10.0,22.0,0.0,1019.0,74.0,3.0,0.0,0.0
2025-08-09 04:00:00,17.0,10.0,22.0,0.0,1019.0,72.0,3.0,0.0,0.0
2025-08-09 05:00:00,17.0,11.0,22.0,0.0,1019.0,68.0,3.0,0.0,0.0
2025-08-09 06:00:00,17.0,11.0,23.0,0.0,1020.0,67.0,3.0,0.0,0.0
2025-08-09 07:00:00,17.0,11.0,27.0,0.0,1019.0,64.0,2.0,0.0,0.0
2025-08-09 08:00:00,17.0,11.0,28.0,0.0,1020.0,63.0,1.0,0.0,0.0
2025-08-09 09:00:00,18.0,11.0,29.0,0.0,1020.0,61.0,2.0,0.0,0.0
2025-08-09 10:00:00,20.0,12.0,30.0,0.0,1020.0,63.0,0.0,0.0,0.0
2025-08-09 11:00:00,18.0,13.0,30.0,0.0,1020.0,60.0,7.0,0.0,0.0
2025-08-09 12:00:00,19.0,14.0,30.0,0.0,1019.0,59.0,10.0,0.0,0.0
2025-08-09 13:00:00,18.0,13.0,30.0,0.0,1019.0,56.0,11.0,0.0,0.0
2025-08-09 14:00:00,14.0,10.0,30.0,0.0,1019.0,54.0,8.0,0.0,0.0
2025-08-09 15:00:00,14.0,9.0,30.0,0.0,1018.0,53.0,5.0,0.0,0.0
2025-08-09 16:00:00,12.0,8.0,29.0,0.0,1018.0,52.0,3.0,0.0,0.0
2025-08-09 17:00:00,12.0,7.0,29.0,0.0,1018.0,54.0,1.0,0.0,0.0
2025-08-09 18:00:00,12.0,7.0,27.0,0.0,1019.0,73.0,3.0,0.0,0.0
2025-08-09 19:00:00,21.0,12.0,26.0,0.0,1019.0,74.0,1.0,0.0,0.0
2025-08-09 20:00:00,23.0,13.0,25.0,0.0,1019.0,74.0,1.0,0.0,0.0
2025-08-09 21:00:00,19.0,12.0,25.0,0.0,1020.0,72.0,3.0,0.0,0.0
2025-08-09 22:00:00,21.0,13.0,25.0,0.0,1020.0,67.0,4.0,0.0,0.0
2025-08-09 23:00:00,21.0,14.0,24.0,0.0,1020.0,70.0,3.0,0.0,0.0
2025-08-10 00:00:00,20.0,13.0,24.0,0.0,1019.0,67.0,3.0,0.0,0.0
2025-08-10 01:00:00,21.0,13.0,24.0,0.0,1019.0,68.0,3.0,0.0,0.0
2025-08-10 02:00:00,18.0,12.0,24.0,0.0,1019.0,65.0,3.0,0.0,0.0
2025-08-10 03:00:00,18.0,12.0,24.0,0.0,1018.0,65.0,3.0,0.0,0.0
2025-08-10 04:00:00,17.0,12.0,23.0,0.0,1018.0,67.0,3.0,0.0,0.0
2025-08-10 05:00:00,17.0,12.0,24.0,0.0,1018.0,68.0,3.0,0.0,0.0
2025-08-10 06:00:00,19.0,13.0,24.0,0.0,1018.0,68.0,3.0,0.0,0.0
2025-08-10 07:00:00,18.0,13.0,28.0,0.0,1018.0,61.0,4.0,0.0,0.0
2025-08-10 08:00:00,19.0,14.0,30.0,0.0,1018.0,57.0,4.0,0.0,0.0
2025-08-10 09:00:00,20.0,13.0,31.0,0.0,1018.0,54.0,4.0,0.0,0.0
2025-08-10 10:00:00,20.0,14.0,32.0,0.0,1018.0,55.0,5.0,0.0,0.0
2025-08-10 11:00:00,17.0,13.0,31.0,0.0,1018.0,58.0,6.0,0.0,0.0
2025-08-10 12:00:00,19.0,15.0,32.0,0.0,1018.0,55.0,6.0,0.0,0.0
2025-08-10 13:00:00,19.0,14.0,33.0,0.0,1017.0,48.0,9.0,0.0,0.0
2025-08-10 14:00:00,18.0,14.0,34.0,0.0,1016.0,44.0,9.0,0.0,0.0
2025-08-10 15:00:00,16.0,12.0,33.0,0.0,1016.0,51.0,10.0,0.0,0.0
2025-08-10 16:00:00,15.0,11.0,30.0,0.0,1016.0,65.0,9.0,0.0,0.0
2025-08-10 17:00:00,15.0,11.0,29.0,0.0,1016.0,74.0,4.0,0.0,0.0
2025-08-10 18:00:00,16.0,11.0,29.0,0.0,1016.0,80.0,4.0,0.0,0.0
2025-08-10 19:00:00,17.0,11.0,28.0,0.0,1017.0,70.0,1.0,0.0,0.0
2025-08-10 20:00:00,20.0,12.0,28.0,0.0,1017.0,67.0,2.0,0.0,0.0
2025-08-10 21:00:00,22.0,14.0,28.0,0.0,1018.0,61.0,8.0,0.0,0.0
2025-08-10 22:00:00,24.0,16.0,28.0,0.0,1018.0,56.0,10.0,0.0,0.0
2025-08-10 23:00:00,24.0,17.0,28.0,0.0,1018.0,59.0,10.0,0.0,0.0
2025-08-11 00:00:00,18.0,14.0,27.0,0.0,1018.0,60.0,10.0,0.0,0.0
2025-08-11 01:00:00,18.0,14.0,27.0,0.0,1018.0,59.0,10.0,0.0,0.0
2025-08-11 02:00:00,24.0,16.0,27.0,0.0,1018.0,58.0,10.0,0.0,0.0
2025-08-11 03:00:00,24.0,18.0,27.0,0.0,1018.0,57.0,11.0,0.0,0.0
2025-08-11 04:00:00,25.0,17.0,26.0,0.0,1018.0,56.0,12.0,0.0,0.0
2025-08-11 05:00:00,25.0,16.0,26.0,0.0,1018.0,58.0,13.0,0.0,0.0
2025-08-11 06:00:00,25.0,15.0,26.0,0.0,1019.0,60.0,13.0,0.0,0.0
2025-08-11 07:00:00,23.0,14.0,31.0,0.0,1019.0,40.0,12.0,0.0,0.0
2025-08-11 08:00:00,27.0,15.0,32.0,0.0,1019.0,38.0,13.0,0.0,0.0
2025-08-11 09:00:00,28.0,15.0,34.0,0.0,1019.0,37.0,14.0,0.0,0.0
2025-08-11 10:00:00,29.0,16.0,35.0,0.0,1019.0,36.0,15.0,0.0,0.0
2025-08-11 11:00:00,29.0,17.0,35.0,0.0,1018.0,38.0,18.0,0.0,0.0
2025-08-11 12:00:00,30.0,17.0,35.0,0.0,1018.0,40.0,19.0,0.0,0.0
2025-08-11 13:00:00,27.0,16.0,34.0,0.0,1018.0,41.0,19.0,0.0,0.0
2025-08-11 14:00:00,26.0,16.0,34.0,0.0,1017.0,42.0,19.0,0.0,0.0
2025-08-11 15:00:00,27.0,16.0,33.0,0.0,1017.0,43.0,18.0,0.0,0.0
2025-08-11 16:00:00,25.0,16.0,32.0,0.0,1016.0,44.0,21.0,0.0,0.0
2025-08-11 17:00:00,26.0,16.0,31.0,0.0,1017.0,46.0,22.0,0.0,0.0
2025-08-11 18:00:00,25.0,16.0,29.0,0.0,1017.0,50.0,18.0,0.0,0.0
2025-08-11 19:00:00,27.0,17.0,28.0,0.0,1017.0,56.0,10.0,0.0,0.0
2025-08-11 20:00:00,29.0,17.0,27.0,0.0,1017.0,58.0,10.0,0.0,0.0
2025-08-11 21:00:00,27.0,17.0,27.0,0.0,1018.0,58.0,9.0,0.0,0.0
2025-08-11 22:00:00,29.0,18.0,26.0,0.0,1018.0,59.0,9.0,0.0,0.0
2025-08-11 23:00:00,24.0,18.0,26.0,0.0,1018.0,60.0,9.0,0.0,0.0
2025-08-12 00:00:00,27.0,18.0,26.0,0.0,1017.0,60.0,8.0,0.0,0.0
2025-08-12 01:00:00,25.0,17.0,26.0,0.0,1017.0,59.0,8.0,0.0,0.0
2025-08-12 02:00:00,26.0,17.0,25.0,0.0,1017.0,59.0,8.0,0.0,0.0
2025-08-12 03:00:00,25.0,17.0,25.0,0.0,1017.0,59.0,7.0,0.0,0.0
2025-08-12 04:00:00,24.0,17.0,25.0,0.0,1017.0,58.0,6.0,0.0,0.0
2025-08-12 05:00:00,23.0,16.0,25.0,0.0,1017.0,59.0,6.0,0.0,0.0
2025-08-12 06:00:00,22.0,15.0,25.0,0.0,1017.0,59.0,7.0,0.0,0.0
2025-08-12 07:00:00,21.0,15.0,30.0,0.0,1017.0,37.0,8.0,0.0,0.0
2025-08-12 08:00:00,21.0,14.0,31.0,0.0,1017.0,34.0,7.0,0.0,0.0
2025-08-12 09:00:00,26.0,14.0,33.0,0.0,1017.0,32.0,8.0,0.0,0.0
2025-08-12 10:00:00,26.0,14.0,34.0,0.0,1017.0,31.0,10.0,0.0,0.0
2025-08-12 11:00:00,24.0,13.0,35.0,0.0,1016.0,32.0,12.0,0.0,0.0
2025-08-12 12:00:00,28.0,14.0,35.0,0.0,1016.0,36.0,7.0,0.0,0.0
2025-08-12 13:00:00,28.0,14.0,32.0,0.0,1016.0,43.0,18.0,0.0,0.0
2025-08-12 14:00:00,28.0,15.0,31.0,0.0,1016.0,47.0,17.0,0.0,0.0
2025-08-12 15:00:00,26.0,14.0,31.0,0.0,1016.0,49.0,13.0,0.0,0.0
2025-08-12 16:00:00,25.0,14.0,30.0,0.0,1016.0,52.0,9.0,0.0,0.0
2025-08-12 17:00:00,26.0,14.0,30.0,0.0,1016.0,55.0,5.0,0.0,0.0
2025-08-12 18:00:00,26.0,14.0,28.0,0.0,1016.0,58.0,6.0,0.0,0.0
2025-08-12 19:00:00,27.0,14.0,27.0,0.0,1016.0,69.0,4.0,0.0,0.0
2025-08-12 20:00:00,30.0,14.0,27.0,0.0,1016.0,58.0,8.0,0.0,0.0
2025-08-12 21:00:00,26.0,14.0,27.0,0.0,1016.0,61.0,6.0,0.0,0.0
2025-08-12 22:00:00,23.0,13.0,26.0,0.0,1016.0,62.0,5.0,0.0,0.0
2025-08-12 23:00:00,23.0,13.0,26.0,0.0,1017.0,61.0,5.0,0.0,0.0
2025-08-13 00:00:00,21.0,13.0,26.0,0.0,1017.0,59.0,5.0,0.0,0.0
2025-08-13 01:00:00,21.0,13.0,25.0,0.0,1016.0,58.0,4.0,0.0,0.0
2025-08-13 02:00:00,21.0,13.0,25.0,0.0,1016.0,58.0,4.0,0.0,0.0
2025-08-13 03:00:00,21.0,12.0,25.0,0.0,1016.0,58.0,5.0,0.0,0.0
2025-08-13 04:00:00,21.0,12.0,24.0,0.0,1016.0,58.0,5.0,0.0,0.0
2025-08-13 05:00:00,21.0,12.0,24.0,0.0,1016.0,61.0,5.0,0.0,0.0
2025-08-13 06:00:00,20.0,12.0,25.0,0.0,1016.0,62.0,4.0,0.0,0.0
2025-08-13 07:00:00,19.0,12.0,31.0,0.0,1016.0,33.0,5.0,0.0,0.0
2025-08-13 08:00:00,21.0,12.0,33.0,0.0,1016.0,31.0,7.0,0.0,0.0
2025-08-13 09:00:00,22.0,13.0,35.0,0.0,1016.0,27.0,11.0,0.0,0.0
2025-08-13 10:00:00,25.0,13.0,36.0,0.0,1016.0,28.0,11.0,0.0,0.0
2025-08-13 11:00:00,25.0,13.0,36.0,0.0,1015.0,29.0,12.0,0.0,0.0
2025-08-13 12:00:00,28.0,14.0,36.0,0.0,1015.0,31.0,12.0,0.0,0.0
2025-08-13 13:00:00,26.0,13.0,34.0,0.0,1015.0,36.0,23.0,0.0,0.0
2025-08-13 14:00:00,24.0,13.0,32.0,0.0,1015.0,40.0,19.0,0.0,0.0
2025-08-13 15:00:00,27.0,14.0,31.0,0.0,1015.0,46.0,17.0,0.0,0.0
2025-08-13 16:00:00,25.0,14.0,30.0,0.0,1015.0,50.0,12.0,0.0,0.0
2025-08-13 17:00:00,26.0,14.0,30.0,0.0,1015.0,51.0,1.0,0.0,0.0
2025-08-13 18:00:00,27.0,15.0,29.0,0.0,1015.0,65.0,3.0,0.0,0.0
2025-08-13 19:00:00,28.0,15.0,28.0,0.0,1015.0,69.0,1.0,0.0,0.0
2025-08-13 20:00:00,30.0,15.0,27.0,0.0,1015.0,67.0,3.0,0.0,0.0
2025-08-13 21:00:00,35.0,18.0,27.0,0.0,1016.0,62.0,5.0,0.0,0.0
2025-08-13 22:00:00,34.0,18.0,26.0,0.0,1016.0,58.0,5.0,0.0,0.0
2025-08-13 23:00:00,30.0,16.0,26.0,0.0,1016.0,56.0,5.0,0.0,0.0
2025-08-14 00:00:00,25.0,15.0,26.0,0.0,1016.0,54.0,6.0,0.0,0.0
2025-08-14 01:00:00,22.0,14.0,26.0,0.0,1016.0,53.0,6.0,0.0,0.0
2025-08-14 02:00:00,22.0,14.0,26.0,0.0,1015.0,52.0,5.0,0.0,0.0
2025-08-14 03:00:00,20.0,14.0,25.0,0.0,1015.0,52.0,5.0,0.0,0.0
2025-08-14 04:00:00,22.0,14.0,25.0,0.0,1015.0,53.0,5.0,0.0,0.0
2025-08-14 05:00:00,22.0,14.0,26.0,0.0,1016.0,56.0,5.0,0.0,0.0
2025-08-14 06:00:00,21.0,14.0,26.0,0.0,1016.0,57.0,5.0,0.0,0.0
2025-08-14 07:00:00,21.0,13.0,32.0,0.0,1015.0,36.0,6.0,0.0,0.0
2025-08-14 08:00:00,22.0,13.0,34.0,0.0,1015.0,31.0,14.0,0.0,0.0
2025-08-14 09:00:00,25.0,14.0,36.0,0.0,1016.0,29.0,13.0,0.0,0.0
2025-08-14 10:00:00,31.0,15.0,37.0,0.0,1015.0,30.0,8.0,0.0,0.0
2025-08-14 11:00:00,29.0,14.0,37.0,0.0,1015.0,31.0,11.0,0.0,0.0
2025-08-14 12:00:00,27.0,14.0,36.0,0.0,1015.0,31.0,15.0,0.0,0.0
2025-08-14 13:00:00,29.0,15.0,36.0,0.0,1014.0,32.0,17.0,0.0,0.0
2025-08-14 14:00:00,31.0,15.0,36.0,0.0,1014.0,33.0,13.0,0.0,0.0
2025-08-14 15:00:00,31.0,15.0,35.0,0.0,1014.0,33.0,14.0,0.0,0.0
2025-08-14 16:00:00,29.0,14.0,34.0,0.0,1015.0,36.0,15.0,0.0,0.0
2025-08-14 17:00:00,27.0,13.0,33.0,0.0,1015.0,38.0,18.0,0.0,0.0
2025-08-14 18:00:00,29.0,14.0,31.0,0.0,1015.0,43.0,16.0,0.0,0.0
2025-08-14 19:00:00,27.0,15.0,29.0,0.0,1016.0,54.0,8.0,0.0,0.0
2025-08-14 20:00:00,26.0,14.0,28.0,0.0,1016.0,58.0,7.0,0.0,0.0
2025-08-14 21:00:00,33.0,19.0,28.0,0.0,1017.0,55.0,9.0,0.0,0.0
2025-08-14 22:00:00,27.0,16.0,28.0,0.0,1017.0,49.0,12.0,0.0,0.0
2025-08-14 23:00:00,27.0,16.0,27.0,0.0,1017.0,52.0,12.0,0.0,0.0
2025-08-15 00:00:00,26.0,16.0,27.0,0.0,1017.0,53.0,12.0,0.0,0.0
2025-08-15 01:00:00,25.0,16.0,26.0,0.0,1017.0,53.0,12.0,0.0,0.0
2025-08-15 02:00:00,26.0,16.0,26.0,0.0,1017.0,53.0,11.0,0.0,0.0
2025-08-15 03:00:00,24.0,15.0,26.0,0.0,1017.0,50.0,13.0,0.0,0.0
2025-08-15 04:00:00,24.0,15.0,26.0,0.0,1017.0,48.0,11.0,0.0,0.0
2025-08-15 05:00:00,25.0,15.0,26.0,0.0,1017.0,51.0,10.0,0.0,0.0
2025-08-15 06:00:00,24.0,15.0,27.0,0.0,1018.0,51.0,10.0,0.0,0.0
2025-08-15 07:00:00,25.0,15.0,31.0,0.0,1017.0,37.0,9.0,0.0,0.0
2025-08-15 08:00:00,26.0,15.0,33.0,0.0,1017.0,34.0,10.0,0.0,0.0
2025-08-15 09:00:00,26.0,14.0,35.0,0.0,1017.0,31.0,13.0,0.0,0.0
2025-08-15 10:00:00,27.0,14.0,36.0,0.0,1016.0,29.0,15.0,0.0,0.0
2025-08-15 11:00:00,28.0,13.0,36.0,0.0,1016.0,29.0,17.0,0.0,0.0
2025-08-15 12:00:00,24.0,12.0,36.0,0.0,1016.0,30.0,22.0,0.0,0.0
2025-08-15 13:00:00,23.0,11.0,36.0,0.0,1015.0,31.0,24.0,0.0,0.0
2025-08-15 14:00:00,20.0,10.0,35.0,0.0,1015.0,32.0,24.0,0.0,0.0
2025-08-15 15:00:00,17.0,10.0,34.0,0.0,1015.0,34.0,19.0,0.0,0.0
2025-08-15 16:00:00,17.0,9.0,33.0,0.0,1015.0,37.0,15.0,0.0,0.0
2025-08-15 17:00:00,18.0,9.0,32.0,0.0,1015.0,40.0,14.0,0.0,0.0
2025-08-15 18:00:00,18.0,9.0,31.0,0.0,1015.0,45.0,14.0,0.0,0.0
2025-08-15 19:00:00,21.0,11.0,29.0,0.0,1016.0,55.0,7.0,0.0,0.0
2025-08-15 20:00:00,21.0,11.0,28.0,0.0,1016.0,57.0,6.0,0.0,0.0
2025-08-15 21:00:00,21.0,11.0,28.0,0.0,1016.0,59.0,6.0,0.0,0.0
2025-08-15 22:00:00,23.0,11.0,27.0,0.0,1016.0,63.0,3.0,0.0,0.0
2025-08-15 23:00:00,27.0,13.0,26.0,0.0,1016.0,64.0,4.0,0.0,0.0
2025-08-16 00:00:00,21.0,12.0,26.0,0.0,1016.0,58.0,5.0,0.0,0.0
2025-08-16 01:00:00,23.0,13.0,26.0,0.0,1016.0,56.0,5.0,0.0,0.0
2025-08-16 02:00:00,23.0,14.0,26.0,0.0,1015.0,55.0,5.0,0.0,0.0
2025-08-16 03:00:00,21.0,13.0,26.0,0.0,1015.0,57.0,5.0,0.0,0.0
2025-08-16 04:00:00,20.0,12.0,26.0,0.0,1015.0,58.0,5.0,0.0,0.0
2025-08-16 05:00:00,19.0,11.0,26.0,0.0,1015.0,59.0,5.0,0.0,0.0
2025-08-16 06:00:00,19.0,11.0,27.0,0.0,1015.0,57.0,6.0,0.0,0.0
2025-08-16 07:00:00,20.0,11.0,29.0,0.0,1015.0,43.0,10.0,0.0,0.0
2025-08-16 08:00:00,20.0,11.0,30.0,0.0,1015.0,40.0,14.0,0.0,0.0
2025-08-16 09:00:00,23.0,12.0,32.0,0.0,1014.0,37.0,14.0,0.0,0.0
2025-08-16 10:00:00,33.0,14.0,33.0,0.0,1014.0,35.0,14.0,0.0,0.0
2025-08-16 11:00:00,27.0,13.0,33.0,0.0,1014.0,35.0,13.0,0.0,0.0
2025-08-16 12:00:00,29.0,13.0,34.0,0.0,1013.0,34.0,16.0,0.0,0.0
2025-08-16 13:00:00,23.0,11.0,34.0,0.0,1012.0,32.0,19.0,0.0,0.0
2025-08-16 14:00:00,23.0,11.0,34.0,0.0,1012.0,34.0,13.0,0.0,0.0
2025-08-16 15:00:00,22.0,12.0,33.0,0.0,1012.0,38.0,14.0,0.0,0.0
2025-08-16 16:00:00,21.0,11.0,32.0,0.0,1013.0,36.0,11.0,0.0,0.0
2025-08-16 17:00:00,19.0,10.0,27.0,0.4,1013.0,57.0,26.0,0.0,0.0
2025-08-16 18:00:00,23.0,11.0,26.0,0.1,1013.0,61.0,9.0,0.0,0.0
2025-08-16 19:00:00,23.0,11.0,26.0,0.0,1013.0,57.0,7.0,0.0,0.0
2025-08-16 20:00:00,22.0,11.0,27.0,0.0,1013.0,57.0,7.0,0.0,0.0
2025-08-16 21:00:00,26.0,14.0,27.0,0.0,1013.0,54.0,12.0,0.0,0.0
2025-08-16 22:00:00,26.0,14.0,28.0,0.0,1013.0,54.0,14.0,0.0,0.0
2025-08-16 23:00:00,24.0,13.0,27.0,0.0,1012.0,56.0,10.0,0.0,0.0
2025-08-17 00:00:00,21.0,11.0,27.0,0.0,1012.0,60.0,7.0,0.0,0.0
2025-08-17 01:00:00,24.0,12.0,27.0,0.0,1012.0,56.0,9.0,0.0,0.0
2025-08-17 02:00:00,22.0,12.0,26.0,0.0,1012.0,56.0,6.0,0.0,0.0
2025-08-17 03:00:00,19.0,12.0,26.0,0.0,1011.0,56.0,5.0,0.0,0.0
2025-08-17 04:00:00,20.0,13.0,26.0,0.0,1011.0,56.0,6.0,0.0,0.0
2025-08-17 05:00:00,21.0,13.0,26.0,0.0,1012.0,58.0,6.0,0.0,0.0
2025-08-17 06:00:00,20.0,13.0,26.0,0.0,1012.0,57.0,9.0,0.0,0.0
2025-08-17 07:00:00,23.0,15.0,27.0,0.0,1012.0,56.0,6.0,0.0,0.0
2025-08-17 08:00:00,27.0,16.0,30.0,0.0,1012.0,46.0,11.0,0.0,0.0
2025-08-17 09:00:00,27.0,17.0,31.0,0.0,1012.0,44.0,11.0,0.0,0.0
2025-08-17 10:00:00,28.0,17.0,32.0,0.0,1012.0,43.0,5.0,0.0,0.0
2025-08-17 11:00:00,29.0,17.0,32.0,0.0,1012.0,45.0,6.0,0.0,0.0
2025-08-17 12:00:00,33.0,17.0,32.0,0.0,1012.0,47.0,7.0,0.0,0.0
2025-08-17 13:00:00,37.0,18.0,30.0,0.2,1012.0,57.0,18.0,0.0,0.0
2025-08-17 14:00:00,26.0,16.0,28.0,0.2,1012.0,61.0,21.0,0.0,0.0
2025-08-17 15:00:00,24.0,13.0,27.0,0.0,1012.0,66.0,23.0,0.0,0.0
2025-08-17 16:00:00,16.0,11.0,26.0,0.0,1012.0,62.0,20.0,0.0,0.0
2025-08-17 17:00:00,14.0,10.0,26.0,0.0,1012.0,62.0,10.0,0.0,0.0
2025-08-17 18:00:00,14.0,9.0,24.0,0.9,1013.0,85.0,30.0,0.0,0.0
2025-08-17 19:00:00,21.0,11.0,22.0,1.5,1012.0,85.0,17.0,0.0,0.0
2025-08-17 20:00:00,17.0,11.0,23.0,0.0,1013.0,82.0,5.0,0.0,0.0
2025-08-17 21:00:00,17.0,11.0,23.0,0.0,1013.0,81.0,5.0,0.0,0.0
2025-08-17 22:00:00,16.0,12.0,24.0,0.0,1014.0,77.0,7.0,0.0,0.0
2025-08-17 23:00:00,17.0,11.0,24.0,0.0,1014.0,71.0,6.0,0.0,0.0
2025-08-18 00:00:00,15.0,11.0,24.0,0.0,1014.0,67.0,9.0,0.0,0.0
2025-08-18 01:00:00,14.0,10.0,23.0,0.0,1014.0,70.0,8.0,0.0,0.0
2025-08-18 02:00:00,12.0,9.0,23.0,0.0,1014.0,71.0,9.0,0.0,0.0
2025-08-18 03:00:00,14.0,10.0,23.0,0.0,1014.0,70.0,10.0,0.0,0.0
2025-08-18 04:00:00,14.0,10.0,22.0,0.0,1014.0,69.0,9.0,0.0,0.0
2025-08-18 05:00:00,15.0,11.0,22.0,0.0,1014.0,70.0,6.0,0.0,0.0
2025-08-18 06:00:00,14.0,11.0,23.0,0.0,1015.0,66.0,6.0,0.0,0.0
2025-08-18 07:00:00,17.0,11.0,26.0,0.0,1015.0,49.0,10.0,0.0,0.0
2025-08-18 08:00:00,18.0,12.0,27.0,0.0,1015.0,46.0,10.0,0.0,0.0
2025-08-18 09:00:00,20.0,11.0,28.0,0.0,1015.0,43.0,13.0,0.0,0.0
2025-08-18 10:00:00,13.504356918101847,5.981580705773396,28.0,0.0,1016.0,41.0,13.0,0.0,0.0
2025-08-18 11:00:00,13.772434904640381,5.961402095642441,29.0,0.0,1016.0,41.0,14.0,0.0,0.0
2025-08-18 12:00:00,13.471057919003023,5.653582353393531,29.0,0.0,1015.0,41.0,14.0,0.0,0.0
2025-08-18 13:00:00,13.739135905541541,5.633403743262562,30.0,0.0,1015.0,41.0,15.0,0.0,0.0
2025-08-18 14:00:00,13.373875117426614,5.54642854649623,29.0,0.0,1015.0,40.0,14.0,0.0,0.0
2025-08-18 15:00:00,13.395792068833618,5.6040961022431475,29.0,0.0,1015.0,40.0,13.0,0.0,0.0
2025-08-18 16:00:00,12.923519898234165,5.423608777022537,28.0,0.0,1014.0,41.0,12.0,0.0,0.0
2025-08-18 17:00:00,13.420815953808054,6.229708608142047,27.0,0.0,1015.0,46.0,12.0,0.0,0.0
2025-08-18 18:00:00,13.444286371998789,6.571348638964977,26.0,0.0,1015.0,49.0,11.0,0.0,0.0
2025-08-18 19:00:00,13.51159069300356,7.02832378128177,25.0,0.0,1015.0,52.0,8.0,0.0,0.0
2025-08-18 20:00:00,15.0,8.0,24.0,0.0,1016.0,52.0,9.0,0.0,0.0
2025-08-18 21:00:00,16.0,9.0,24.0,0.0,1016.0,51.0,8.0,0.0,0.0
2025-08-18 22:00:00,19.0,10.0,23.0,0.0,1016.0,49.0,8.0,0.0,0.0
2025-08-18 23:00:00,16.0,10.0,23.0,0.0,1016.0,50.0,6.0,0.0,0.0
2025-08-19 00:00:00,17.0,11.0,23.0,0.0,1016.0,50.0,5.0,0.0,0.0
2025-08-19 01:00:00,14.0,9.0,22.0,0.0,1015.0,50.0,5.0,0.0,0.0
2025-08-19 02:00:00,12.0,7.0,22.0,0.0,1015.0,49.0,5.0,0.0,0.0
2025-08-19 03:00:00,9.0,5.0,21.0,0.0,1015.0,50.0,5.0,0.0,0.0
2025-08-19 04:00:00,9.0,5.0,21.0,0.0,1015.0,52.0,6.0,0.0,0.0
2025-08-19 05:00:00,9.0,5.0,21.0,0.0,1015.0,56.0,5.0,0.0,0.0
2025-08-19 06:00:00,9.0,5.0,21.0,0.0,1015.0,58.0,5.0,0.0,0.0
2025-08-19 07:00:00,10.0,5.0,25.0,0.0,1014.0,41.0,3.0,0.0,0.0
2025-08-19 08:00:00,28.0,7.0,27.0,0.0,1014.0,36.0,3.0,0.0,0.0
2025-08-19 09:00:00,21.0,7.0,28.0,0.0,1014.0,31.0,2.0,0.0,0.0
2025-08-19 10:00:00,14.0,5.0,29.0,0.0,1014.0,31.0,2.0,0.0,0.0
2025-08-19 11:00:00,17.0,6.0,29.0,0.0,1014.0,37.0,9.0,0.0,0.0
2025-08-19 12:00:00,15.0,6.0,28.0,0.0,1014.0,45.0,13.0,0.0,0.0
2025-08-19 13:00:00,13.0,5.0,28.0,0.0,1013.0,48.0,14.0,0.0,0.0
2025-08-19 14:00:00,12.0,6.0,28.0,0.0,1013.0,50.0,14.0,0.0,0.0
2025-08-19 15:00:00,12.0,6.0,28.0,0.0,1012.0,55.0,14.0,0.0,0.0
2025-08-19 16:00:00,14.0,8.0,27.0,0.0,1012.0,59.0,12.0,0.0,0.0
2025-08-19 17:00:00,15.0,8.0,27.0,0.0,1012.0,60.0,6.0,0.0,0.0
2025-08-19 18:00:00,13.0,8.0,26.0,0.0,1012.0,70.0,2.0,0.0,0.0
2025-08-19 19:00:00,14.0,8.0,25.0,0.0,1012.0,71.0,1.0,0.0,0.0
2025-08-19 20:00:00,15.0,8.0,24.0,0.0,1012.0,72.0,4.0,0.0,0.0
2025-08-19 21:00:00,21.0,11.0,24.0,0.0,1012.0,72.0,6.0,0.0,0.0
2025-08-19 22:00:00,17.0,8.0,23.0,0.0,1012.0,71.0,4.0,0.0,0.0
2025-08-19 23:00:00,17.0,9.0,22.0,0.0,1012.0,71.0,5.0,0.0,0.0
2025-08-20 00:00:00,15.0,9.0,22.0,0.0,1011.0,69.0,5.0,0.0,0.0
2025-08-20 01:00:00,15.0,9.0,22.0,0.0,1011.0,67.0,6.0,0.0,0.0
2025-08-20 02:00:00,14.0,9.0,22.0,0.0,1010.0,65.0,6.0,0.0,0.0
2025-08-20 03:00:00,14.0,9.0,22.0,0.0,1010.0,63.0,6.0,0.0,0.0
2025-08-20 04:00:00,13.0,9.0,22.0,0.0,1010.0,62.0,6.0,0.0,0.0
2025-08-20 05:00:00,13.0,9.0,22.0,0.0,1010.0,63.0,6.0,0.0,0.0
2025-08-20 06:00:00,13.0,9.0,23.0,0.0,1011.0,66.0,5.0,0.0,0.0
2025-08-20 07:00:00,13.0,8.0,25.0,0.0,1010.0,49.0,17.0,0.0,0.0
2025-08-20 08:00:00,15.0,9.0,23.0,3.1,1011.0,70.0,8.0,0.0,0.0
2025-08-20 09:00:00,19.0,10.0,22.0,4.0,1012.0,76.0,10.0,0.0,0.0
2025-08-20 10:00:00,17.0,10.0,22.0,2.2,1011.0,77.0,18.0,0.0,0.0
2025-08-20 11:00:00,14.0,10.0,24.0,0.0,1010.0,75.0,9.0,0.0,0.0
2025-08-20 12:00:00,13.0,9.0,25.0,0.0,1010.0,73.0,9.0,0.0,0.0
2025-08-20 13:00:00,11.0,8.0,26.0,0.0,1010.0,74.0,9.0,0.0,0.0
2025-08-20 14:00:00,11.0,7.0,26.0,0.0,1010.0,76.0,14.0,0.0,0.0
2025-08-20 15:00:00,11.0,7.0,25.0,0.0,1009.0,77.0,18.0,0.0,0.0
2025-08-20 16:00:00,10.0,7.0,24.0,0.0,1009.0,78.0,15.0,0.0,0.0
2025-08-20 17:00:00,11.0,8.0,24.0,0.0,1009.0,81.0,12.0,0.0,0.0
2025-08-20 18:00:00,10.0,7.0,23.0,0.0,1009.0,87.0,6.0,0.0,0.0
2025-08-20 19:00:00,11.0,8.0,23.0,0.0,1008.0,84.0,1.0,0.0,0.0
2025-08-20 20:00:00,14.0,10.0,22.0,0.0,1008.0,85.0,8.0,0.0,0.0
2025-08-20 21:00:00,13.0,10.0,22.0,0.0,1008.0,86.0,3.0,0.0,0.0
2025-08-20 22:00:00,16.0,11.0,21.0,0.0,1010.0,90.0,10.0,0.0,0.0
2025-08-20 23:00:00,12.0,8.0,21.0,0.0,1009.0,89.0,6.0,0.0,0.0
2025-08-21 00:00:00,12.0,8.0,20.0,0.0,1008.0,92.0,6.0,0.0,0.0
2025-08-21 01:00:00,12.0,8.0,20.0,0.0,1007.0,91.0,5.0,0.0,0.0
2025-08-21 02:00:00,5.0,3.0,20.0,0.0,1007.0,88.0,5.0,0.0,0.0
2025-08-21 03:00:00,6.0,4.0,20.0,1.0,1006.0,94.0,9.0,0.0,0.0
2025-08-21 04:00:00,9.0,6.0,20.0,0.0,1006.0,90.0,5.0,0.0,0.0
2025-08-21 05:00:00,10.0,6.0,19.0,2.3,1006.0,96.0,10.0,0.0,0.0
2025-08-21 06:00:00,11.0,7.0,20.0,0.6,1005.0,89.0,7.0,0.0,0.0
2025-08-21 07:00:00,11.0,8.0,21.0,0.0,1005.0,83.0,10.0,0.0,0.0
2025-08-21 08:00:00,12.0,8.0,22.0,0.1,1005.0,78.0,10.0,0.0,0.0
2025-08-21 09:00:00,11.0,7.0,24.0,0.0,1005.0,75.0,9.0,0.0,0.0
2025-08-21 10:00:00,13.0,8.0,25.0,0.0,1004.0,73.0,9.0,0.0,0.0
2025-08-21 11:00:00,14.0,9.0,26.0,0.0,1004.0,74.0,14.0,0.0,0.0
2025-08-21 12:00:00,18.0,11.0,26.0,0.0,1004.0,78.0,16.0,0.0,0.0
2025-08-21 13:00:00,15.0,11.0,26.0,0.0,1004.0,78.0,17.0,0.0,0.0
2025-08-21 14:00:00,10.0,6.0,26.0,0.0,1004.0,76.0,13.0,0.0,0.0
2025-08-21 15:00:00,12.0,8.0,26.0,0.0,1004.0,77.0,15.0,0.0,0.0
2025-08-21 16:00:00,8.0,6.0,24.0,0.0,1004.0,84.0,15.0,0.0,0.0
2025-08-21 17:00:00,7.0,5.0,24.0,0.0,1004.0,83.0,13.0,0.0,0.0
2025-08-21 18:00:00,7.0,5.0,23.0,0.0,1005.0,85.0,9.0,0.0,0.0
2025-08-21 19:00:00,8.0,6.0,22.0,0.0,1005.0,87.0,5.0,0.0,0.0
2025-08-21 20:00:00,8.0,6.0,22.0,0.0,1005.0,86.0,7.0,0.0,0.0
2025-08-21 21:00:00,9.0,6.0,21.0,0.0,1005.0,90.0,8.0,0.0,0.0
2025-08-21 22:00:00,8.0,6.0,21.0,0.0,1005.0,92.0,8.0,0.0,0.0
2025-08-21 23:00:00,10.0,7.0,21.0,0.0,1005.0,87.0,22.0,0.0,0.0
2025-08-22 00:00:00,12.0,8.0,20.0,0.0,1005.0,81.0,10.0,0.0,0.0
2025-08-22 01:00:00,11.0,7.0,17.567959900017797,0.14022057033080593,1016.081384170477,66.68563603887605,9.705165984056407,0.0,0.0
2025-08-22 02:00:00,10.0,6.0,17.738828608869312,0.14259491091741605,1015.8997348841455,66.35235610483255,9.8132333093929,0.0,0.0
2025-08-22 03:00:00,9.0,5.0,17.909697317720656,0.1449692515040244,1015.7180855978139,66.0190761707886,9.921300634729562,0.0,0.0
2025-08-22 04:00:00,10.0,6.0,17.738828608869312,0.14259491091741605,1015.8997348841455,66.35235610483255,9.8132333093929,0.0,0.0
2025-08-22 05:00:00,11.0,7.0,17.567959900017797,0.14022057033080593,1016.081384170477,66.68563603887605,9.705165984056407,0.0,0.0
2025-08-22 06:00:00,10.0,6.0,17.738828608869312,0.14259491091741605,1015.8997348841455,66.35235610483255,9.8132333093929,0.0,0.0
2025-08-22 07:00:00,11.0,6.0,22.0,0.0,1009.0,81.0,20.0,0.0,0.0
2025-08-22 08:00:00,11.0,6.0,23.0,0.0,1009.0,75.0,17.0,0.0,0.0
2025-08-22 09:00:00,10.0,6.0,25.0,0.0,1010.0,70.0,9.0,0.0,0.0
2025-08-22 10:00:00,7.0,4.0,25.0,0.0,1010.0,65.0,14.0,0.0,0.0
2025-08-22 11:00:00,6.0,4.0,25.0,0.1,1011.0,64.0,12.0,0.0,0.0
2025-08-22 12:00:00,7.0,4.0,26.0,0.0,1011.0,63.0,12.0,0.0,0.0
2025-08-22 13:00:00,6.0,4.0,26.0,0.0,1011.0,61.0,12.0,0.0,0.0
2025-08-22 14:00:00,5.0,4.0,26.0,0.0,1011.0,61.0,9.0,0.0,0.0
2025-08-22 15:00:00,6.0,4.0,26.0,0.0,1011.0,59.0,6.0,0.0,0.0
2025-08-22 16:00:00,6.0,4.0,26.0,0.0,1011.0,59.0,6.0,0.0,0.0
2025-08-22 17:00:00,7.0,5.0,25.0,0.0,1011.0,66.0,8.0,0.0,0.0
2025-08-22 18:00:00,6.0,4.0,23.0,0.0,1012.0,73.0,3.0,0.0,0.0
2025-08-22 19:00:00,6.0,4.0,23.0,0.0,1012.0,72.0,6.0,0.0,0.0
2025-08-22 20:00:00,7.0,5.0,22.0,0.0,1013.0,78.0,7.0,0.0,0.0
2025-08-22 21:00:00,7.0,5.0,21.0,0.0,1013.0,79.0,9.0,0.0,0.0
2025-08-22 22:00:00,10.0,6.0,21.0,0.0,1014.0,74.0,8.0,0.0,0.0
2025-08-22 23:00:00,11.0,7.0,21.0,0.0,1014.0,73.0,8.0,0.0,0.0
2025-08-23 00:00:00,12.0,8.0,20.0,0.0,1014.0,73.0,7.0,0.0,0.0
2025-08-23 01:00:00,11.0,6.0,20.0,0.0,1013.0,72.0,7.0,0.0,0.0
2025-08-23 02:00:00,12.0,6.0,20.0,0.0,1013.0,71.0,4.0,0.0,0.0
2025-08-23 03:00:00,11.0,6.0,20.0,0.0,1013.0,71.0,6.0,0.0,0.0
2025-08-23 04:00:00,11.0,7.0,20.0,0.0,1013.0,72.0,8.0,0.0,0.0
2025-08-23 05:00:00,15.0,8.0,19.0,0.0,1014.0,74.0,8.0,0.0,0.0
2025-08-23 06:00:00,12.0,8.0,20.0,0.0,1014.0,74.0,7.0,0.0,0.0
2025-08-23 07:00:00,12.0,8.0,20.0,1.9,1014.0,72.0,6.0,0.0,0.0
2025-08-23 08:00:00,11.0,7.0,21.0,0.0,1014.0,70.0,3.0,0.0,0.0
2025-08-23 09:00:00,10.0,6.0,23.0,0.0,1014.0,60.0,1.0,0.0,0.0
2025-08-23 10:00:00,10.0,6.0,24.0,0.0,1014.0,59.0,5.0,0.0,0.0
2025-08-23 11:00:00,9.0,5.0,24.0,0.0,1013.0,60.0,6.0,0.0,0.0
2025-08-23 12:00:00,9.0,6.0,24.0,0.0,1013.0,61.0,9.0,0.0,0.0
2025-08-23 13:00:00,7.0,5.0,24.0,0.0,1013.0,62.0,8.0,0.0,0.0
2025-08-23 14:00:00,7.0,5.0,24.0,0.0,1013.0,63.0,7.0,0.0,0.0
2025-08-23 15:00:00,8.0,6.0,24.0,0.0,1012.0,63.0,7.0,0.0,0.0
2025-08-23 16:00:00,8.0,6.0,24.0,0.0,1012.0,62.0,6.0,0.0,0.0
2025-08-23 17:00:00,7.0,5.0,24.0,0.0,1013.0,63.0,11.0,0.0,0.0
2025-08-23 18:00:00,6.0,5.0,22.0,0.0,1013.0,64.0,21.0,0.0,0.0
2025-08-23 19:00:00,5.0,4.0,22.0,0.0,1014.0,67.0,21.0,0.0,0.0
2025-08-23 20:00:00,6.0,4.0,21.0,0.0,1014.0,64.0,23.0,0.0,0.0
2025-08-23 21:00:00,12.0,10.0,21.0,0.0,1015.0,60.0,20.0,0.0,0.0
2025-08-23 22:00:00,78.0,71.0,21.0,0.0,1015.0,58.0,17.0,0.0,0.0
2025-08-23 23:00:00,8.0,6.0,21.0,0.0,1015.0,58.0,14.0,0.0,0.0
2025-08-24 00:00:00,10.0,7.0,21.0,0.0,1015.0,60.0,14.0,0.0,0.0
2025-08-24 01:00:00,7.0,4.0,20.0,0.0,1015.0,59.0,14.0,0.0,0.0
2025-08-24 02:00:00,7.0,4.0,20.0,0.0,1016.0,57.0,11.0,0.0,0.0
2025-08-24 03:00:00,6.0,4.0,20.0,0.0,1016.0,56.0,11.0,0.0,0.0
2025-08-24 04:00:00,6.0,4.0,19.0,0.0,1016.0,55.0,9.0,0.0,0.0
2025-08-24 05:00:00,6.0,4.0,19.0,0.0,1016.0,57.0,6.0,0.0,0.0
2025-08-24 06:00:00,7.0,4.0,20.0,0.0,1017.0,57.0,6.0,0.0,0.0
2025-08-24 07:00:00,8.0,5.0,23.0,0.0,1017.0,49.0,10.0,0.0,0.0
2025-08-24 08:00:00,8.0,5.0,24.0,0.0,1018.0,44.0,9.0,0.0,0.0
2025-08-24 09:00:00,7.0,4.0,25.0,0.0,1018.0,39.0,7.0,0.0,0.0
2025-08-24 10:00:00,6.0,4.0,26.0,0.0,1018.0,36.0,3.0,0.0,0.0
2025-08-24 11:00:00,6.0,3.0,27.0,0.0,1018.0,37.0,6.0,0.0,0.0
2025-08-24 12:00:00,6.0,3.0,26.0,0.0,1017.0,38.0,1.0,0.0,0.0
2025-08-24 13:00:00,6.0,3.0,26.0,0.0,1017.0,40.0,6.0,0.0,0.0
2025-08-24 14:00:00,6.0,3.0,26.0,0.0,1017.0,41.0,2.0,0.0,0.0
2025-08-24 15:00:00,5.0,3.0,26.0,0.0,1017.0,43.0,3.0,0.0,0.0
2025-08-24 16:00:00,5.0,3.0,25.0,0.0,1017.0,43.0,3.0,0.0,0.0
2025-08-24 17:00:00,6.0,3.0,25.0,0.0,1017.0,43.0,5.0,0.0,0.0
2025-08-24 18:00:00,6.0,4.0,23.0,0.0,1017.0,42.0,12.0,0.0,0.0
2025-08-24 19:00:00,7.0,4.0,22.0,0.0,1017.0,50.0,6.0,0.0,0.0
2025-08-24 20:00:00,7.0,4.0,21.0,0.0,1018.0,58.0,5.0,0.0,0.0
2025-08-24 21:00:00,8.0,5.0,20.0,0.0,1018.0,58.0,5.0,0.0,0.0
2025-08-24 22:00:00,10.0,5.0,20.0,0.0,1018.0,58.0,6.0,0.0,0.0
2025-08-24 23:00:00,10.0,5.0,20.0,0.0,1018.0,57.0,6.0,0.0,0.0
2025-08-25 00:00:00,7.0,4.0,20.0,0.0,1018.0,57.0,6.0,0.0,0.0
2025-08-25 01:00:00,8.0,5.0,19.0,0.0,1018.0,56.0,6.0,0.0,0.0
2025-08-25 02:00:00,8.0,4.0,19.0,0.0,1018.0,56.0,6.0,0.0,0.0
2025-08-25 03:00:00,7.0,4.0,19.0,0.0,1018.0,56.0,6.0,0.0,0.0
2025-08-25 04:00:00,7.0,4.0,19.0,0.0,1017.0,55.0,6.0,0.0,0.0
2025-08-25 05:00:00,6.0,4.0,19.0,0.0,1018.0,57.0,5.0,0.0,0.0
2025-08-25 06:00:00,6.0,4.0,19.0,0.0,1018.0,59.0,4.0,0.0,0.0
2025-08-25 07:00:00,6.0,4.0,21.0,0.0,1018.0,52.0,6.0,0.0,0.0
2025-08-25 08:00:00,7.0,4.0,23.0,0.0,1018.0,47.0,5.0,0.0,0.0
2025-08-25 09:00:00,14.0,5.0,24.0,0.0,1018.0,43.0,3.0,0.0,0.0
2025-08-25 10:00:00,13.0,5.0,25.0,0.0,1018.0,42.0,2.0,0.0,0.0
2025-08-25 11:00:00,18.0,6.0,26.0,0.0,1018.0,44.0,6.0,0.0,0.0
2025-08-25 12:00:00,9.0,4.0,25.0,0.0,1018.0,46.0,10.0,0.0,0.0
2025-08-25 13:00:00,6.0,4.0,25.0,0.0,1018.0,48.0,12.0,0.0,0.0
2025-08-25 14:00:00,6.0,4.0,25.0,0.0,1017.0,47.0,9.0,0.0,0.0
2025-08-25 15:00:00,6.0,4.0,25.0,0.0,1017.0,47.0,9.0,0.0,0.0
2025-08-25 16:00:00,6.0,4.0,25.0,0.0,1016.0,48.0,9.0,0.0,0.0
2025-08-25 17:00:00,6.0,4.0,24.0,0.0,1016.0,47.0,7.0,0.0,0.0
2025-08-25 18:00:00,6.0,3.0,22.0,0.0,1016.0,69.0,2.0,0.0,0.0
2025-08-25 19:00:00,6.0,4.0,22.0,0.0,1016.0,58.0,4.0,0.0,0.0
2025-08-25 20:00:00,6.0,3.0,22.0,0.0,1017.0,64.0,7.0,0.0,0.0
2025-08-25 21:00:00,7.0,4.0,21.0,0.0,1017.0,64.0,7.0,0.0,0.0
2025-08-25 22:00:00,8.0,5.0,20.0,0.0,1017.0,62.0,6.0,0.0,0.0
2025-08-25 23:00:00,8.0,4.0,20.0,0.0,1016.0,62.0,5.0,0.0,0.0
2025-08-26 00:00:00,8.0,4.0,20.0,0.0,1016.0,62.0,5.0,0.0,0.0
2025-08-26 01:00:00,6.0,4.0,19.0,0.0,1016.0,65.0,5.0,0.0,0.0
2025-08-26 02:00:00,7.0,5.0,19.0,0.0,1015.0,67.0,7.0,0.0,0.0
2025-08-26 03:00:00,8.0,5.0,19.0,0.0,1015.0,67.0,6.0,0.0,0.0
2025-08-26 04:00:00,6.0,4.0,18.0,0.0,1015.0,69.0,6.0,0.0,0.0
2025-08-26 05:00:00,6.0,4.0,18.0,0.0,1015.0,70.0,8.0,0.0,0.0
2025-08-26 06:00:00,6.0,4.0,19.0,0.0,1016.0,71.0,6.0,0.0,0.0
2025-08-26 07:00:00,6.0,4.0,22.0,0.0,1016.0,60.0,6.0,0.0,0.0
2025-08-26 08:00:00,11.0,6.0,24.0,0.0,1016.0,53.0,6.0,0.0,0.0
2025-08-26 09:00:00,14.0,7.0,26.0,0.0,1016.0,53.0,3.0,0.0,0.0
2025-08-26 10:00:00,13.0,6.0,26.0,0.0,1017.0,54.0,3.0,0.0,0.0
2025-08-26 11:00:00,10.0,6.0,26.0,0.0,1016.0,56.0,5.0,0.0,0.0
2025-08-26 12:00:00,9.0,6.0,26.0,0.0,1016.0,57.0,9.0,0.0,0.0
2025-08-26 13:00:00,8.0,6.0,25.0,0.0,1016.0,59.0,10.0,0.0,0.0
2025-08-26 14:00:00,8.0,5.0,25.0,0.0,1016.0,61.0,9.0,0.0,0.0
2025-08-26 15:00:00,9.0,6.0,25.0,0.0,1015.0,63.0,8.0,0.0,0.0
2025-08-26 16:00:00,10.0,6.0,25.0,0.0,1015.0,65.0,7.0,0.0,0.0
2025-08-26 17:00:00,9.0,6.0,24.0,0.0,1015.0,64.0,4.0,0.0,0.0
2025-08-26 18:00:00,8.0,6.0,23.0,0.0,1015.0,78.0,1.0,0.0,0.0
2025-08-26 19:00:00,10.0,6.0,22.0,0.0,1016.0,76.0,3.0,0.0,0.0
2025-08-26 20:00:00,12.0,7.0,22.0,0.0,1016.0,79.0,4.0,0.0,0.0
2025-08-26 21:00:00,12.0,7.0,21.0,0.0,1016.0,81.0,3.0,0.0,0.0
2025-08-26 22:00:00,13.0,8.0,20.0,0.0,1016.0,82.0,6.0,0.0,0.0
2025-08-26 23:00:00,12.0,8.0,20.0,0.0,1016.0,83.0,7.0,0.0,0.0
2025-08-27 00:00:00,20.0,11.0,20.0,0.0,1016.0,83.0,8.0,0.0,0.0
2025-08-27 01:00:00,15.0,10.0,20.0,0.0,1016.0,84.0,8.0,0.0,0.0
2025-08-27 02:00:00,11.0,8.0,20.0,0.0,1016.0,82.0,7.0,0.0,0.0
2025-08-27 03:00:00,13.0,10.0,20.0,0.0,1016.0,81.0,6.0,0.0,0.0
2025-08-27 04:00:00,11.0,8.0,20.0,0.0,1016.0,80.0,6.0,0.0,0.0
2025-08-27 05:00:00,11.0,8.0,20.0,0.0,1016.0,80.0,7.0,0.0,0.0
2025-08-27 06:00:00,10.0,7.0,20.0,0.0,1016.0,79.0,6.0,0.0,0.0
2025-08-27 07:00:00,11.0,7.0,24.0,0.0,1016.0,65.0,6.0,0.0,0.0
2025-08-27 08:00:00,13.0,9.0,26.0,0.0,1016.0,59.0,5.0,0.0,0.0
2025-08-27 09:00:00,14.0,10.0,27.0,0.0,1016.0,56.0,3.0,0.0,0.0
2025-08-27 10:00:00,15.0,10.0,27.0,0.0,1016.0,58.0,4.0,0.0,0.0
2025-08-27 11:00:00,13.0,8.0,27.0,0.0,1016.0,55.0,8.0,0.0,0.0
2025-08-27 12:00:00,12.0,9.0,26.0,0.0,1016.0,58.0,11.0,0.0,0.0
2025-08-27 13:00:00,10.0,8.0,26.0,0.0,1015.0,61.0,7.0,0.0,0.0
2025-08-27 14:00:00,10.0,7.0,26.0,0.0,1015.0,66.0,6.0,0.0,0.0
2025-08-27 15:00:00,10.0,7.0,26.0,0.0,1015.0,73.0,6.0,0.0,0.0
2025-08-27 16:00:00,8.0,6.0,26.0,0.0,1014.0,75.0,6.0,0.0,0.0
2025-08-27 17:00:00,9.0,6.0,26.0,0.0,1014.0,75.0,4.0,0.0,0.0
2025-08-27 18:00:00,9.0,6.0,25.0,0.0,1014.0,78.0,2.0,0.0,0.0
2025-08-27 19:00:00,9.0,6.0,24.0,0.0,1015.0,88.0,2.0,0.0,0.0
2025-08-27 20:00:00,10.0,7.0,23.0,0.0,1015.0,88.0,6.0,0.0,0.0
2025-08-27 21:00:00,11.0,8.0,23.0,0.0,1015.0,89.0,5.0,0.0,0.0
2025-08-27 22:00:00,15.0,9.0,22.0,0.0,1015.0,88.0,5.0,0.0,0.0
2025-08-27 23:00:00,15.0,10.0,22.0,0.0,1014.0,87.0,5.0,0.0,0.0
2025-08-28 00:00:00,13.0,10.0,22.0,0.0,1014.0,87.0,6.0,0.0,0.0
2025-08-28 01:00:00,18.0,11.0,22.0,0.0,1013.0,86.0,5.0,0.0,0.0
2025-08-28 02:00:00,17.0,10.0,22.0,0.0,1013.0,86.0,4.0,0.0,0.0
2025-08-28 03:00:00,15.0,10.0,22.0,0.0,1013.0,82.0,4.0,0.0,0.0
2025-08-28 04:00:00,16.0,11.0,22.0,0.0,1013.0,81.0,5.0,0.0,0.0
2025-08-28 05:00:00,14.0,11.0,22.0,0.0,1012.0,80.0,5.0,0.0,0.0
2025-08-28 06:00:00,13.0,10.0,22.0,0.0,1013.0,79.0,6.0,0.0,0.0
2025-08-28 07:00:00,14.0,10.0,26.0,0.0,1012.0,63.0,6.0,0.0,0.0
2025-08-28 08:00:00,12.0,8.0,27.0,0.0,1012.0,64.0,17.0,0.0,0.0
2025-08-28 09:00:00,17.0,9.0,28.0,0.0,1012.0,60.0,17.0,0.0,0.0
2025-08-28 10:00:00,20.0,9.0,28.0,0.0,1011.0,58.0,18.0,0.0,0.0
2025-08-28 11:00:00,11.0,7.0,28.0,0.0,1011.0,56.0,16.0,0.0,0.0
2025-08-28 12:00:00,10.0,6.0,29.0,0.0,1010.0,54.0,16.0,0.0,0.0
2025-08-28 13:00:00,11.0,7.0,28.0,0.0,1010.0,53.0,15.0,0.0,0.0
2025-08-28 14:00:00,12.0,8.0,28.0,0.0,1010.0,53.0,14.0,0.0,0.0
2025-08-28 15:00:00,12.0,8.0,28.0,0.0,1009.0,54.0,14.0,0.0,0.0
2025-08-28 16:00:00,15.0,8.0,27.0,0.0,1008.0,54.0,14.0,0.0,0.0
2025-08-28 17:00:00,14.0,8.0,27.0,0.0,1007.0,52.0,21.0,0.0,0.0
2025-08-28 18:00:00,12.0,7.0,27.0,0.0,1007.0,52.0,28.0,0.0,0.0
2025-08-28 19:00:00,13.0,7.0,26.0,0.0,1007.0,55.0,32.0,0.0,0.0
2025-08-28 20:00:00,14.0,8.0,26.0,0.0,1008.0,55.0,28.0,0.0,0.0
2025-08-28 21:00:00,16.0,9.0,26.0,0.0,1008.0,55.0,29.0,0.0,0.0
2025-08-28 22:00:00,15.0,9.0,26.0,0.0,1008.0,55.0,30.0,0.0,0.0
2025-08-28 23:00:00,14.0,9.0,26.0,0.0,1007.0,54.0,31.0,0.0,0.0
2025-08-29 00:00:00,15.0,9.0,26.0,0.0,1007.0,54.0,30.0,0.0,0.0
2025-08-29 01:00:00,13.0,8.0,26.0,0.0,1006.0,56.0,30.0,0.0,0.0
2025-08-29 02:00:00,13.0,8.0,26.0,0.0,1006.0,58.0,28.0,0.0,0.0
2025-08-29 03:00:00,13.0,8.0,26.0,0.0,1005.0,59.0,28.0,0.0,0.0
2025-08-29 04:00:00,14.0,8.0,26.0,0.0,1005.0,60.0,28.0,0.0,0.0
2025-08-29 05:00:00,13.0,8.0,26.0,0.0,1005.0,61.0,28.0,0.0,0.0
2025-08-29 06:00:00,13.0,9.0,26.0,0.0,1006.0,64.0,28.0,0.0,0.0
2025-08-29 07:00:00,19.0,11.0,23.0,0.0,1007.0,86.0,10.0,0.0,0.0
2025-08-29 08:00:00,19.0,11.0,24.0,0.0,1007.0,83.0,10.0,0.0,0.0
2025-08-29 09:00:00,13.0,10.0,26.0,0.0,1007.0,78.0,10.0,0.0,0.0
2025-08-29 10:00:00,13.0,10.0,27.0,0.0,1007.0,75.0,10.0,0.0,0.0
2025-08-29 11:00:00,16.0,10.0,28.0,0.0,1007.0,74.0,4.0,0.0,0.0
2025-08-29 12:00:00,16.0,8.0,28.0,0.0,1006.0,71.0,13.0,0.0,0.0
2025-08-29 13:00:00,14.0,8.0,29.0,0.0,1006.0,68.0,20.0,0.0,0.0
2025-08-29 14:00:00,15.0,9.0,28.0,0.0,1006.0,69.0,20.0,0.0,0.0
2025-08-29 15:00:00,20.0,11.0,28.0,0.0,1006.0,65.0,18.0,0.0,0.0
2025-08-29 16:00:00,21.0,12.0,27.0,0.0,1006.0,64.0,21.0,0.0,0.0
2025-08-29 17:00:00,30.0,15.0,23.0,0.0,1006.0,59.0,22.0,0.0,0.0
2025-08-29 18:00:00,37.0,17.0,22.0,0.0,1007.0,60.0,16.0,0.0,0.0
2025-08-29 19:00:00,35.0,17.0,22.0,0.0,1007.0,64.0,18.0,0.0,0.0
2025-08-29 20:00:00,33.0,17.0,22.0,0.0,1007.0,66.0,15.0,0.0,0.0
2025-08-29 21:00:00,24.0,13.0,22.0,0.0,1008.0,66.0,16.0,0.0,0.0
2025-08-29 22:00:00,22.0,11.0,22.0,0.0,1008.0,67.0,14.0,0.0,0.0
2025-08-29 23:00:00,19.0,9.0,22.0,0.0,1008.0,68.0,13.0,0.0,0.0
2025-08-30 00:00:00,20.0,10.0,22.0,0.0,1008.0,72.0,12.0,0.0,0.0
2025-08-30 01:00:00,21.0,10.0,21.0,0.0,1008.0,79.0,10.0,0.0,0.0
2025-08-30 02:00:00,21.0,10.0,20.0,0.2,1008.0,84.0,9.0,0.0,0.0
2025-08-30 03:00:00,19.0,9.0,20.0,0.1,1008.0,88.0,8.0,0.0,0.0
2025-08-30 04:00:00,19.0,9.0,20.0,0.0,1008.0,88.0,8.0,0.0,0.0
2025-08-30 05:00:00,14.0,6.0,20.0,0.0,1008.0,87.0,8.0,0.0,0.0
2025-08-30 06:00:00,13.0,6.0,20.0,0.0,1008.0,86.0,8.0,0.0,0.0
2025-08-30 07:00:00,13.0,6.0,24.0,0.0,1007.0,71.0,10.0,0.0,0.0
2025-08-30 08:00:00,14.0,6.0,22.0,0.0,1008.0,79.0,16.0,0.0,0.0
2025-08-30 09:00:00,17.0,8.0,20.0,1.6,1008.0,93.0,11.0,0.0,0.0
2025-08-30 10:00:00,18.0,9.0,19.0,1.4,1008.0,98.0,6.0,0.0,0.0
2025-08-30 11:00:00,13.0,6.0,19.0,1.2,1009.0,98.0,11.0,0.0,0.0
2025-08-30 12:00:00,10.0,5.0,19.0,0.2,1008.0,95.0,11.0,0.0,0.0
2025-08-30 13:00:00,10.0,4.0,20.0,0.0,1008.0,83.0,5.0,0.0,0.0
2025-08-30 14:00:00,6.0,3.0,21.0,0.0,1008.0,85.0,14.0,0.0,0.0
2025-08-30 15:00:00,4.0,2.0,20.0,0.3,1008.0,87.0,3.0,0.0,0.0
2025-08-30 16:00:00,6.0,3.0,21.0,0.0,1008.0,83.0,4.0,0.0,0.0
2025-08-30 17:00:00,7.0,3.0,21.0,0.0,1009.0,83.0,12.0,0.0,0.0
2025-08-30 18:00:00,6.0,3.0,19.0,0.2,1009.0,89.0,13.0,0.0,0.0
2025-08-30 19:00:00,10.0,5.0,19.0,0.0,1010.0,90.0,10.0,0.0,0.0
2025-08-30 20:00:00,7.0,4.0,19.0,0.0,1010.0,86.0,10.0,0.0,0.0
2025-08-30 21:00:00,8.0,4.0,19.0,0.0,1010.0,82.0,11.0,0.0,0.0
2025-08-30 22:00:00,8.0,3.0,19.0,0.0,1011.0,79.0,12.0,0.0,0.0
2025-08-30 23:00:00,10.0,4.0,19.0,0.0,1011.0,79.0,4.0,0.0,0.0
2025-08-31 00:00:00,8.0,4.0,19.0,0.0,1011.0,78.0,3.0,0.0,0.0
2025-08-31 01:00:00,10.0,4.0,19.0,0.0,1011.0,78.0,3.0,0.0,0.0
2025-08-31 02:00:00,9.0,4.0,19.0,0.0,1012.0,80.0,2.0,0.0,0.0
2025-08-31 03:00:00,8.0,3.0,19.0,0.0,1012.0,81.0,4.0,0.0,0.0
2025-08-31 04:00:00,6.0,3.0,19.0,0.0,1012.0,81.0,5.0,0.0,0.0
2025-08-31 05:00:00,6.0,3.0,19.0,0.0,1012.0,82.0,6.0,0.0,0.0
2025-08-31 06:00:00,5.0,2.0,19.0,0.0,1012.0,81.0,6.0,0.0,0.0
2025-08-31 07:00:00,4.0,2.0,21.0,0.0,1013.0,70.0,7.0,0.0,0.0
2025-08-31 08:00:00,6.0,3.0,23.0,0.0,1013.0,59.0,7.0,0.0,0.0
2025-08-31 09:00:00,8.0,3.0,24.0,0.0,1014.0,55.0,3.0,0.0,0.0
2025-08-31 10:00:00,5.0,3.0,24.0,0.0,1014.0,58.0,3.0,0.0,0.0
2025-08-31 11:00:00,7.0,4.0,25.0,0.0,1014.0,60.0,5.0,0.0,0.0
2025-08-31 12:00:00,7.0,4.0,25.0,0.0,1014.0,59.0,5.0,0.0,0.0
2025-08-31 13:00:00,7.0,4.0,25.0,0.0,1014.0,57.0,6.0,0.0,0.0
2025-08-31 14:00:00,7.0,4.0,25.0,0.0,1013.0,56.0,7.0,0.0,0.0
2025-08-31 15:00:00,7.0,4.0,25.0,0.0,1013.0,58.0,7.0,0.0,0.0
2025-08-31 16:00:00,7.0,4.0,25.0,0.0,1013.0,60.0,6.0,0.0,0.0
2025-08-31 17:00:00,7.0,4.0,24.0,0.0,1013.0,60.0,3.0,0.0,0.0
2025-08-31 18:00:00,5.0,3.0,23.0,0.0,1013.0,69.0,3.0,0.0,0.0
2025-08-31 19:00:00,6.0,3.0,22.0,0.0,1014.0,73.0,4.0,0.0,0.0
2025-08-31 20:00:00,6.0,3.0,22.0,0.0,1014.0,76.0,6.0,0.0,0.0
2025-08-31 21:00:00,5.0,3.0,20.0,0.0,1014.0,81.0,8.0,0.0,0.0
2025-08-31 22:00:00,6.0,4.0,20.0,0.0,1014.0,81.0,8.0,0.0,0.0
2025-08-31 23:00:00,8.0,5.0,19.0,0.0,1014.0,81.0,8.0,0.0,0.0
2025-09-01 00:00:00,8.0,4.0,19.0,0.0,1014.0,83.0,8.0,0.0,0.0
2025-09-01 01:00:00,6.0,4.0,19.0,0.0,1014.0,86.0,8.0,0.0,0.0
2025-09-01 02:00:00,8.0,4.0,19.0,0.0,1014.0,87.0,8.0,0.0,0.0
2025-09-01 03:00:00,6.0,3.0,19.0,0.0,1013.0,86.0,8.0,0.0,0.0
2025-09-01 04:00:00,5.0,3.0,19.0,0.0,1013.0,84.0,8.0,0.0,0.0
2025-09-01 05:00:00,5.0,2.0,19.0,0.0,1013.0,82.0,8.0,0.0,0.0
2025-09-01 06:00:00,6.0,3.0,20.0,0.0,1013.0,80.0,7.0,0.0,0.0
2025-09-01 07:00:00,4.0,2.0,24.0,0.0,1013.0,58.0,7.0,0.0,0.0
2025-09-01 08:00:00,6.0,3.0,26.0,0.0,1013.0,54.0,10.0,0.0,0.0
2025-09-01 09:00:00,8.0,3.0,28.0,0.0,1013.0,52.0,10.0,0.0,0.0
2025-09-01 10:00:00,5.0,2.0,29.0,0.0,1013.0,53.0,10.0,0.0,0.0
2025-09-01 11:00:00,4.0,2.0,29.0,0.0,1012.0,52.0,12.0,0.0,0.0
2025-09-01 12:00:00,4.0,2.0,29.0,0.0,1012.0,48.0,21.0,0.0,0.0
2025-09-01 13:00:00,6.0,3.0,29.0,0.0,1012.0,48.0,21.0,0.0,0.0
2025-09-01 14:00:00,7.0,4.0,28.0,0.0,1012.0,52.0,19.0,0.0,0.0
2025-09-01 15:00:00,7.0,4.0,28.0,0.0,1012.0,49.0,17.0,0.0,0.0
2025-09-01 16:00:00,8.0,4.0,27.0,0.0,1012.0,49.0,15.0,0.0,0.0
2025-09-01 17:00:00,7.0,4.0,26.0,0.0,1011.0,50.0,12.0,0.0,0.0
2025-09-01 18:00:00,8.0,4.0,24.0,0.0,1011.0,73.0,6.0,0.0,0.0
2025-09-01 19:00:00,8.0,5.0,24.0,0.0,1012.0,63.0,4.0,0.0,0.0
2025-09-01 20:00:00,9.0,5.0,23.0,0.0,1012.0,71.0,6.0,0.0,0.0
2025-09-01 21:00:00,8.0,5.0,22.0,0.0,1012.0,76.0,5.0,0.0,0.0
2025-09-01 22:00:00,8.0,5.0,22.0,0.0,1012.0,81.0,7.0,0.0,0.0
2025-09-01 23:00:00,7.0,4.0,22.0,0.0,1012.0,82.0,8.0,0.0,0.0
2025-09-02 00:00:00,6.0,4.0,22.0,0.0,1011.0,79.0,8.0,0.0,0.0
2025-09-02 01:00:00,7.0,4.0,22.0,0.0,1011.0,75.0,9.0,0.0,0.0
2025-09-02 02:00:00,5.0,3.0,22.0,0.0,1010.0,70.0,12.0,0.0,0.0
2025-09-02 03:00:00,4.0,3.0,22.0,0.0,1010.0,67.0,15.0,0.0,0.0
2025-09-02 04:00:00,4.0,2.0,23.0,0.0,1010.0,66.0,22.0,0.0,0.0
2025-09-02 05:00:00,4.0,2.0,22.0,0.0,1009.0,72.0,23.0,0.0,0.0
2025-09-02 06:00:00,4.0,2.0,22.0,1.0,1010.0,77.0,21.0,0.0,0.0
2025-09-02 07:00:00,8.0,4.0,19.0,2.2,1010.0,90.0,17.0,0.0,0.0
2025-09-02 08:00:00,13.0,6.0,20.0,0.0,1010.0,87.0,14.0,0.0,0.0
2025-09-02 09:00:00,6.0,3.0,19.0,1.6,1011.0,100.0,14.0,0.0,0.0
2025-09-02 10:00:00,8.0,3.0,19.0,2.3,1010.0,98.0,19.0,0.0,0.0
2025-09-02 11:00:00,5.0,2.0,21.0,0.0,1010.0,91.0,16.0,0.0,0.0
2025-09-02 12:00:00,7.0,3.0,22.0,0.0,1010.0,85.0,12.0,0.0,0.0
2025-09-02 13:00:00,8.0,3.0,23.0,0.1,1010.0,84.0,10.0,0.0,0.0
2025-09-02 14:00:00,6.0,2.0,23.0,0.1,1010.0,85.0,10.0,0.0,0.0
2025-09-02 15:00:00,5.0,2.0,23.0,0.0,1010.0,83.0,17.0,0.0,0.0
2025-09-02 16:00:00,5.0,3.0,23.0,0.0,1010.0,83.0,8.0,0.0,0.0
2025-09-02 17:00:00,6.0,3.0,23.0,0.0,1010.0,84.0,6.0,0.0,0.0
2025-09-02 18:00:00,8.0,3.0,22.0,0.0,1010.0,88.0,4.0,0.0,0.0
2025-09-02 19:00:00,11.0,5.0,22.0,0.0,1011.0,86.0,4.0,0.0,0.0
2025-09-02 20:00:00,18.0,8.0,21.0,0.0,1011.0,91.0,7.0,0.0,0.0
2025-09-02 21:00:00,5.0,2.0,20.0,0.0,1011.0,93.0,7.0,0.0,0.0
2025-09-02 22:00:00,7.0,3.0,20.0,0.0,1011.0,92.0,5.0,0.0,0.0
2025-09-02 23:00:00,7.0,3.0,20.0,3.4,1013.0,90.0,24.0,0.0,0.0
2025-09-03 00:00:00,4.0,2.0,19.0,2.6,1013.0,92.0,13.0,0.0,0.0
2025-09-03 01:00:00,4.0,2.0,18.0,0.0,1013.0,92.0,5.0,0.0,0.0
2025-09-03 02:00:00,7.0,3.0,18.0,0.0,1012.0,90.0,6.0,0.0,0.0
2025-09-03 03:00:00,6.0,2.0,18.0,0.0,1013.0,89.0,2.0,0.0,0.0
2025-09-03 04:00:00,7.0,3.0,18.0,0.0,1013.0,89.0,5.0,0.0,0.0
2025-09-03 05:00:00,6.0,3.0,18.0,0.0,1013.0,90.0,5.0,0.0,0.0
2025-09-03 06:00:00,8.0,4.0,19.0,0.0,1014.0,89.0,3.0,0.0,0.0
2025-09-03 07:00:00,7.0,3.0,22.0,0.0,1014.0,79.0,6.0,0.0,0.0
2025-09-03 08:00:00,9.0,5.0,24.0,0.0,1015.0,72.0,2.0,0.0,0.0
2025-09-03 09:00:00,14.0,6.0,25.0,0.0,1015.0,69.0,4.0,0.0,0.0
2025-09-03 10:00:00,9.0,4.0,25.0,0.0,1016.0,68.0,12.0,0.0,0.0
2025-09-03 11:00:00,8.0,4.0,26.0,0.0,1016.0,65.0,10.0,0.0,0.0
2025-09-03 12:00:00,8.0,4.0,26.0,0.0,1016.0,61.0,5.0,0.0,0.0
2025-09-03 13:00:00,7.0,4.0,26.0,0.0,1015.0,61.0,8.0,0.0,0.0
2025-09-03 14:00:00,6.0,4.0,26.0,0.0,1015.0,64.0,8.0,0.0,0.0
2025-09-03 15:00:00,6.0,4.0,25.0,0.0,1015.0,68.0,10.0,0.0,0.0
2025-09-03 16:00:00,7.0,4.0,25.0,0.0,1015.0,68.0,7.0,0.0,0.0
2025-09-03 17:00:00,6.0,4.0,24.0,0.0,1015.0,67.0,3.0,0.0,0.0
2025-09-03 18:00:00,5.0,4.0,23.0,0.0,1015.0,80.0,1.0,0.0,0.0
2025-09-03 19:00:00,6.0,4.0,23.0,0.0,1015.0,78.0,4.0,0.0,0.0
2025-09-03 20:00:00,6.0,4.0,22.0,0.0,1016.0,83.0,5.0,0.0,0.0
2025-09-03 21:00:00,9.0,5.0,22.0,0.0,1016.0,84.0,5.0,0.0,0.0
2025-09-03 22:00:00,9.0,6.0,22.0,0.0,1016.0,83.0,5.0,0.0,0.0
2025-09-03 23:00:00,10.0,6.0,21.0,0.0,1016.0,83.0,5.0,0.0,0.0
2025-09-04 00:00:00,8.0,5.0,21.0,0.0,1016.0,85.0,6.0,0.0,0.0
2025-09-04 01:00:00,8.0,5.0,20.0,0.0,1016.0,87.0,8.0,0.0,0.0
2025-09-04 02:00:00,7.0,5.0,20.0,0.0,1015.0,88.0,8.0,0.0,0.0
2025-09-04 03:00:00,8.0,5.0,20.0,0.0,1015.0,86.0,7.0,0.0,0.0
2025-09-04 04:00:00,11.0,6.0,20.0,0.0,1015.0,82.0,6.0,0.0,0.0
2025-09-04 05:00:00,7.0,5.0,20.0,0.0,1016.0,79.0,5.0,0.0,0.0
2025-09-04 06:00:00,6.0,4.0,20.0,0.0,1016.0,77.0,4.0,0.0,0.0
2025-09-04 07:00:00,8.0,5.0,22.0,0.0,1016.0,68.0,3.0,0.0,0.0
2025-09-04 08:00:00,12.0,6.0,24.0,0.0,1016.0,62.0,4.0,0.0,0.0
2025-09-04 09:00:00,16.0,8.0,26.0,0.0,1016.0,60.0,3.0,0.0,0.0
2025-09-04 10:00:00,15.0,7.0,26.0,0.0,1015.0,59.0,5.0,0.0,0.0
2025-09-04 11:00:00,9.0,5.0,26.0,0.0,1015.0,62.0,7.0,0.0,0.0
2025-09-04 12:00:00,8.0,5.0,27.0,0.0,1015.0,57.0,12.0,0.0,0.0
2025-09-04 13:00:00,7.0,4.0,27.0,0.0,1014.0,59.0,15.0,0.0,0.0
2025-09-04 14:00:00,6.0,4.0,27.0,0.0,1014.0,56.0,13.0,0.0,0.0
2025-09-04 15:00:00,6.0,4.0,26.0,0.0,1014.0,58.0,12.0,0.0,0.0
2025-09-04 16:00:00,14.493953612482994,7.88719860936898,26.0,0.0,1014.0,62.0,7.0,0.0,0.0
2025-09-04 17:00:00,14.918557192438072,8.838637839618514,25.0,0.0,1014.0,68.0,1.0,0.0,0.0
2025-09-04 18:00:00,15.308841865527466,9.551225542283788,24.0,0.0,1014.0,75.0,1.0,0.0,0.0
2025-09-04 19:00:00,14.973459557984176,9.114429010097965,24.0,0.0,1014.0,72.0,3.0,0.0,0.0
2025-09-04 20:00:00,14.66154766863162,9.019272508735071,23.0,0.0,1014.0,72.0,4.0,0.0,0.0
2025-09-04 21:00:00,14.639630717224602,8.96160495298814,23.0,0.0,1014.0,72.0,5.0,0.0,0.0
2025-09-04 22:00:00,14.531913011932964,9.067114386976826,22.0,0.0,1015.0,71.0,6.0,0.0,0.0
2025-09-04 23:00:00,14.133353224719198,8.6521408378306,22.0,0.0,1014.0,70.0,6.0,0.0,0.0
2025-09-05 00:00:00,13.94054108835007,8.721805699111954,21.0,0.0,1014.0,71.0,6.0,0.0,0.0
2025-09-05 01:00:00,14.037723889926493,8.828959506009284,21.0,0.0,1014.0,72.0,6.0,0.0,0.0
2025-09-05 02:00:00,13.843358286773647,8.614651892214638,21.0,0.0,1014.0,70.0,6.0,0.0,0.0
2025-09-05 03:00:00,13.74617548519724,8.507498085317323,21.0,0.0,1014.0,69.0,6.0,0.0,0.0
2025-09-05 04:00:00,13.865275238180649,8.672319447961556,21.0,0.0,1014.0,70.0,5.0,0.0,0.0
2025-09-05 05:00:00,13.76964590338796,8.849138116140239,20.0,0.0,1014.0,72.0,5.0,0.0,0.0
2025-09-05 06:00:00,14.339100875563851,9.136779248258179,21.0,0.0,1015.0,72.0,6.0,0.0,0.0
2025-09-05 07:00:00,15.522551045536732,9.628375061544943,24.0,0.0,1015.0,75.0,5.0,0.0,0.0
2025-09-05 08:00:00,11.0,6.0,26.0,0.0,1016.0,69.0,4.0,0.0,0.0
2025-09-05 09:00:00,16.0,8.0,28.0,0.0,1016.0,64.0,1.0,0.0,0.0
2025-09-05 10:00:00,14.0,7.0,28.0,0.0,1016.0,64.0,3.0,0.0,0.0
2025-09-05 11:00:00,18.0,11.0,27.0,0.0,1016.0,64.0,6.0,0.0,0.0
2025-09-05 12:00:00,18.0,11.0,27.0,0.0,1016.0,59.0,6.0,0.0,0.0
2025-09-05 13:00:00,16.0,12.0,28.0,0.0,1015.0,55.0,6.0,0.0,0.0
2025-09-05 14:00:00,15.0,11.0,28.0,0.0,1015.0,54.0,8.0,0.0,0.0
2025-09-05 15:00:00,10.0,7.0,27.0,0.0,1015.0,61.0,9.0,0.0,0.0
2025-09-05 16:00:00,9.0,6.0,26.0,0.0,1015.0,67.0,7.0,0.0,0.0
2025-09-05 17:00:00,7.0,4.0,25.0,0.0,1016.0,68.0,1.0,0.0,0.0
2025-09-05 18:00:00,9.0,5.0,24.0,0.0,1016.0,84.0,1.0,0.0,0.0
2025-09-05 19:00:00,11.0,6.0,23.0,0.0,1017.0,87.0,4.0,0.0,0.0
2025-09-05 20:00:00,13.0,8.0,23.0,0.0,1017.0,88.0,1.0,0.0,0.0
2025-09-05 21:00:00,13.0,8.0,23.0,0.0,1017.0,89.0,5.0,0.0,0.0
2025-09-05 22:00:00,16.0,10.0,22.0,0.0,1018.0,86.0,6.0,0.0,0.0
2025-09-05 23:00:00,18.0,10.0,22.0,0.0,1018.0,75.0,10.0,0.0,0.0
2025-09-06 00:00:00,17.0,12.0,22.0,0.0,1018.0,71.0,15.0,0.0,0.0
2025-09-06 01:00:00,18.0,12.0,22.0,0.0,1018.0,69.0,19.0,0.0,0.0
2025-09-06 02:00:00,14.0,9.0,22.0,0.0,1019.0,66.0,20.0,0.0,0.0
2025-09-06 03:00:00,12.0,8.0,22.0,0.0,1019.0,65.0,19.0,0.0,0.0
2025-09-06 04:00:00,10.0,5.0,22.0,0.0,1019.0,64.0,18.0,0.0,0.0
2025-09-06 05:00:00,7.0,4.0,22.0,0.0,1020.0,64.0,17.0,0.0,0.0
2025-09-06 06:00:00,6.0,4.0,22.0,0.0,1020.0,64.0,17.0,0.0,0.0
2025-09-06 07:00:00,5.0,3.0,24.0,0.0,1020.0,55.0,9.0,0.0,0.0
2025-09-06 08:00:00,6.0,3.0,25.0,0.0,1020.0,53.0,8.0,0.0,0.0
2025-09-06 09:00:00,8.0,3.0,27.0,0.0,1020.0,52.0,11.0,0.0,0.0
2025-09-06 10:00:00,9.0,3.0,28.0,0.0,1020.0,49.0,13.0,0.0,0.0
2025-09-06 11:00:00,7.0,3.0,28.0,0.0,1020.0,45.0,16.0,0.0,0.0
2025-09-06 12:00:00,9.0,4.0,28.0,0.0,1020.0,43.0,19.0,0.0,0.0
2025-09-06 13:00:00,9.0,4.0,28.0,0.0,1020.0,44.0,12.0,0.0,0.0
2025-09-06 14:00:00,8.0,4.0,28.0,0.0,1020.0,45.0,5.0,0.0,0.0
2025-09-06 15:00:00,7.0,4.0,28.0,0.0,1020.0,48.0,2.0,0.0,0.0
2025-09-06 16:00:00,7.0,4.0,26.0,0.0,1020.0,51.0,1.0,0.0,0.0
2025-09-06 17:00:00,7.0,4.0,25.0,0.0,1020.0,54.0,11.0,0.0,0.0
2025-09-06 18:00:00,7.0,4.0,24.0,0.0,1020.0,52.0,17.0,0.0,0.0
2025-09-06 19:00:00,7.0,4.0,23.0,0.0,1020.0,58.0,10.0,0.0,0.0
2025-09-06 20:00:00,9.0,6.0,22.0,0.0,1021.0,59.0,8.0,0.0,0.0
2025-09-06 21:00:00,8.0,5.0,22.0,0.0,1021.0,59.0,8.0,0.0,0.0
2025-09-06 22:00:00,7.0,4.0,21.0,0.0,1021.0,60.0,7.0,0.0,0.0
2025-09-06 23:00:00,8.0,4.0,20.0,0.0,1021.0,61.0,6.0,0.0,0.0
2025-09-07 00:00:00,8.0,5.0,20.0,0.0,1021.0,63.0,6.0,0.0,0.0
2025-09-07 01:00:00,8.0,5.0,20.0,0.0,1021.0,62.0,6.0,0.0,0.0
2025-09-07 02:00:00,6.0,4.0,19.0,0.0,1020.0,62.0,6.0,0.0,0.0
2025-09-07 03:00:00,5.0,3.0,19.0,0.0,1020.0,63.0,6.0,0.0,0.0
2025-09-07 04:00:00,5.0,3.0,19.0,0.0,1020.0,64.0,6.0,0.0,0.0
2025-09-07 05:00:00,6.0,3.0,19.0,0.0,1020.0,66.0,6.0,0.0,0.0
2025-09-07 06:00:00,6.0,3.0,19.0,0.0,1020.0,68.0,6.0,0.0,0.0
2025-09-07 07:00:00,7.0,4.0,21.0,0.0,1019.0,61.0,6.0,0.0,0.0
2025-09-07 08:00:00,6.0,4.0,23.0,0.0,1019.0,56.0,6.0,0.0,0.0
2025-09-07 09:00:00,7.0,4.0,24.0,0.0,1019.0,51.0,5.0,0.0,0.0
2025-09-07 10:00:00,6.0,4.0,25.0,0.0,1019.0,48.0,1.0,0.0,0.0
2025-09-07 11:00:00,8.0,5.0,26.0,0.0,1019.0,48.0,5.0,0.0,0.0
2025-09-07 12:00:00,8.0,5.0,26.0,0.0,1018.0,52.0,8.0,0.0,0.0
2025-09-07 13:00:00,9.0,5.0,26.0,0.0,1018.0,54.0,8.0,0.0,0.0
2025-09-07 14:00:00,9.0,5.0,26.0,0.0,1017.0,56.0,6.0,0.0,0.0
2025-09-07 15:00:00,8.0,5.0,26.0,0.0,1017.0,56.0,7.0,0.0,0.0
2025-09-07 16:00:00,9.0,6.0,25.0,0.0,1016.0,58.0,9.0,0.0,0.0
2025-09-07 17:00:00,9.0,6.0,24.0,0.0,1016.0,61.0,6.0,0.0,0.0
2025-09-07 18:00:00,8.0,6.0,23.0,0.0,1017.0,72.0,3.0,0.0,0.0
2025-09-07 19:00:00,9.0,6.0,23.0,0.0,1017.0,68.0,4.0,0.0,0.0
2025-09-07 20:00:00,9.0,6.0,22.0,0.0,1017.0,73.0,6.0,0.0,0.0
2025-09-07 21:00:00,11.0,7.0,21.0,0.0,1017.0,73.0,6.0,0.0,0.0
2025-09-07 22:00:00,11.0,7.0,20.0,0.0,1017.0,72.0,5.0,0.0,0.0
2025-09-07 23:00:00,10.0,6.0,20.0,0.0,1017.0,71.0,4.0,0.0,0.0
2025-09-08 00:00:00,10.0,6.0,20.0,0.0,1016.0,70.0,4.0,0.0,0.0
2025-09-08 01:00:00,9.0,7.0,19.0,0.0,1016.0,69.0,5.0,0.0,0.0
2025-09-08 02:00:00,12.0,8.0,19.0,0.0,1016.0,68.0,5.0,0.0,0.0
2025-09-08 03:00:00,12.0,9.0,18.0,0.0,1015.0,70.0,6.0,0.0,0.0
2025-09-08 04:00:00,13.0,9.0,18.0,0.0,1015.0,69.0,5.0,0.0,0.0
2025-09-08 05:00:00,12.0,10.0,18.0,0.0,1015.0,69.0,5.0,0.0,0.0
2025-09-08 06:00:00,12.0,9.0,18.0,0.0,1015.0,70.0,6.0,0.0,0.0
2025-09-08 07:00:00,12.0,10.0,21.0,0.0,1016.0,72.0,7.0,0.0,0.0
2025-09-08 08:00:00,15.0,10.0,23.0,0.0,1016.0,63.0,5.0,0.0,0.0
2025-09-08 09:00:00,16.0,10.0,25.0,0.0,1016.0,56.0,4.0,0.0,0.0
2025-09-08 10:00:00,18.0,11.0,26.0,0.0,1016.0,53.0,3.0,0.0,0.0
2025-09-08 11:00:00,19.0,11.0,26.0,0.0,1016.0,53.0,4.0,0.0,0.0
2025-09-08 12:00:00,14.0,10.0,26.0,0.0,1015.0,54.0,8.0,0.0,0.0
2025-09-08 13:00:00,13.0,9.0,26.0,0.0,1015.0,56.0,12.0,0.0,0.0
2025-09-08 14:00:00,13.0,8.0,25.0,0.0,1015.0,57.0,11.0,0.0,0.0
2025-09-08 15:00:00,13.0,8.0,25.0,0.0,1015.0,58.0,7.0,0.0,0.0
2025-09-08 16:00:00,9.0,6.0,25.0,0.0,1014.0,57.0,5.0,0.0,0.0
2025-09-08 17:00:00,10.0,6.0,24.0,0.0,1014.0,74.0,2.0,0.0,0.0
2025-09-08 18:00:00,12.0,6.0,22.0,0.0,1014.0,77.0,1.0,0.0,0.0
2025-09-08 19:00:00,12.0,6.0,22.0,0.0,1014.0,71.0,5.0,0.0,0.0
2025-09-08 20:00:00,16.0,7.0,22.0,0.0,1014.0,70.0,6.0,0.0,0.0
2025-09-08 21:00:00,16.0,7.0,22.0,0.0,1014.0,69.0,5.0,0.0,0.0
2025-09-08 22:00:00,15.0,9.0,21.0,0.0,1014.0,69.0,3.0,0.0,0.0
2025-09-08 23:00:00,15.0,9.0,21.0,0.0,1014.0,70.0,3.0,0.0,0.0
2025-09-09 00:00:00,14.0,9.0,21.0,0.0,1014.0,70.0,6.0,0.0,0.0
2025-09-09 01:00:00,13.0,9.0,20.0,0.0,1014.0,71.0,7.0,0.0,0.0
2025-09-09 02:00:00,12.0,9.0,20.0,0.0,1014.0,70.0,6.0,0.0,0.0
2025-09-09 03:00:00,14.0,9.0,20.0,0.0,1013.0,71.0,6.0,0.0,0.0
2025-09-09 04:00:00,12.0,8.0,20.0,0.0,1013.0,72.0,6.0,0.0,0.0
2025-09-09 05:00:00,12.0,8.0,20.0,0.0,1013.0,73.0,6.0,0.0,0.0
2025-09-09 06:00:00,12.0,8.0,20.0,0.0,1014.0,74.0,5.0,0.0,0.0
2025-09-09 07:00:00,12.0,8.0,22.0,0.0,1013.0,73.0,6.0,0.0,0.0
2025-09-09 08:00:00,14.0,8.0,24.0,0.0,1013.0,64.0,4.0,0.0,0.0
2025-09-09 09:00:00,15.0,9.0,26.0,0.0,1014.0,58.0,1.0,0.0,0.0
2025-09-09 10:00:00,17.0,10.0,26.0,0.0,1014.0,58.0,6.0,0.0,0.0
2025-09-09 11:00:00,23.0,11.0,25.0,0.1,1014.0,63.0,6.0,0.0,0.0
2025-09-09 12:00:00,14.0,8.0,22.0,0.0,1014.0,76.0,11.0,0.0,0.0
2025-09-09 13:00:00,17.0,10.0,21.0,0.6,1013.0,86.0,13.0,0.0,0.0
2025-09-09 14:00:00,17.0,11.0,22.0,0.1,1012.0,85.0,11.0,0.0,0.0
2025-09-09 15:00:00,17.0,11.0,22.0,0.6,1012.0,89.0,8.0,0.0,0.0
2025-09-09 16:00:00,14.0,9.0,23.0,0.1,1012.0,87.0,7.0,0.0,0.0
2025-09-09 17:00:00,14.0,9.0,23.0,0.0,1012.0,86.0,10.0,0.0,0.0
2025-09-09 18:00:00,17.0,11.0,22.0,0.1,1012.0,89.0,22.0,0.0,0.0
2025-09-09 19:00:00,18.0,11.0,22.0,0.2,1012.0,90.0,14.0,0.0,0.0
2025-09-09 20:00:00,14.0,10.0,22.0,1.9,1013.0,93.0,12.0,0.0,0.0
2025-09-09 21:00:00,15.0,11.0,22.0,6.7,1013.0,92.0,6.0,0.0,0.0
2025-09-09 22:00:00,12.0,9.0,22.0,13.1,1013.0,91.0,6.0,0.0,0.0
2025-09-09 23:00:00,9.0,6.0,22.0,25.1,1013.0,88.0,14.0,0.0,0.0
2025-09-10 00:00:00,8.0,6.0,21.0,32.9,1013.0,87.0,14.0,0.0,0.0
2025-09-10 01:00:00,8.0,6.0,21.0,33.5,1012.0,87.0,13.0,0.0,0.0
2025-09-10 02:00:00,9.0,7.0,21.0,23.2,1012.0,89.0,13.0,0.0,0.0
2025-09-10 03:00:00,9.0,6.0,21.0,21.6,1012.0,88.0,9.0,0.0,0.0
2025-09-10 04:00:00,9.0,6.0,20.0,11.6,1012.0,93.0,10.0,0.0,0.0
2025-09-10 05:00:00,9.0,6.0,20.0,0.0,1011.0,90.0,8.0,0.0,0.0
2025-09-10 06:00:00,9.0,6.0,20.0,0.0,1011.0,89.0,10.0,0.0,0.0
2025-09-10 07:00:00,11.0,6.0,23.0,0.0,1010.0,69.0,7.0,0.0,0.0
2025-09-10 08:00:00,13.0,7.0,24.0,0.0,1009.0,66.0,10.0,0.0,0.0
2025-09-10 09:00:00,12.0,7.0,25.0,0.0,1008.0,65.0,9.0,0.0,0.0
2025-09-10 10:00:00,14.0,8.0,24.0,1.8,1008.0,72.0,8.0,0.0,0.0
2025-09-10 11:00:00,16.0,9.0,24.0,1.1,1007.0,76.0,6.0,0.0,0.0
2025-09-10 12:00:00,15.0,10.0,23.0,2.5,1006.0,80.0,15.0,0.0,0.0
2025-09-10 13:00:00,13.0,9.0,22.0,2.4,1006.0,83.0,17.0,0.0,0.0
2025-09-10 14:00:00,15.0,9.0,22.0,1.1,1005.0,87.0,12.0,0.0,0.0
2025-09-10 15:00:00,18.0,8.0,22.0,3.5,1005.0,90.0,20.0,0.0,0.0
2025-09-10 16:00:00,18.0,8.0,22.0,1.1,1005.0,92.0,10.0,0.0,0.0
2025-09-10 17:00:00,19.0,9.0,22.0,0.0,1005.0,93.0,5.0,0.0,0.0
2025-09-10 18:00:00,9.0,5.0,22.0,0.0,1006.0,91.0,9.0,0.0,0.0
2025-09-10 19:00:00,8.0,3.0,22.0,0.0,1006.0,91.0,14.0,0.0,0.0
2025-09-10 20:00:00,7.0,3.0,21.0,0.6,1006.0,94.0,6.0,0.0,0.0
2025-09-10 21:00:00,6.0,3.0,21.0,0.0,1007.0,93.0,8.0,0.0,0.0
2025-09-10 22:00:00,6.0,3.0,21.0,0.0,1008.0,90.0,14.0,0.0,0.0
2025-09-10 23:00:00,6.0,4.0,21.0,0.0,1008.0,90.0,11.0,0.0,0.0
2025-09-11 00:00:00,7.0,4.0,21.0,0.0,1008.0,89.0,9.0,0.0,0.0
2025-09-11 01:00:00,8.0,5.0,21.0,0.0,1008.0,87.0,6.0,0.0,0.0
2025-09-11 02:00:00,12.0,7.0,21.0,0.0,1008.0,87.0,7.0,0.0,0.0
2025-09-11 03:00:00,13.0,8.0,20.0,0.0,1008.0,91.0,8.0,0.0,0.0
2025-09-11 04:00:00,14.0,8.0,20.0,0.0,1008.0,90.0,9.0,0.0,0.0
2025-09-11 05:00:00,16.0,9.0,20.0,0.0,1009.0,90.0,10.0,0.0,0.0
2025-09-11 06:00:00,15.0,9.0,21.0,0.0,1010.0,88.0,8.0,0.0,0.0
2025-09-11 07:00:00,15.0,9.0,22.0,0.0,1011.0,78.0,6.0,0.0,0.0
2025-09-11 08:00:00,12.0,6.0,23.0,0.0,1012.0,75.0,6.0,0.0,0.0
2025-09-11 09:00:00,12.0,6.0,25.0,0.0,1012.0,69.0,6.0,0.0,0.0
2025-09-11 10:00:00,9.0,5.0,26.0,0.0,1012.0,65.0,6.0,0.0,0.0
2025-09-11 11:00:00,11.0,6.0,26.0,0.0,1013.0,64.0,15.0,0.0,0.0
2025-09-11 12:00:00,20.0,10.0,26.0,0.0,1013.0,67.0,16.0,0.0,0.0
2025-09-11 13:00:00,18.0,9.0,25.0,0.0,1013.0,69.0,15.0,0.0,0.0
2025-09-11 14:00:00,11.0,6.0,25.0,0.0,1013.0,72.0,14.0,0.0,0.0
2025-09-11 15:00:00,8.0,4.0,24.0,0.0,1013.0,75.0,13.0,0.0,0.0
2025-09-11 16:00:00,7.0,4.0,24.0,0.0,1013.0,77.0,11.0,0.0,0.0
2025-09-11 17:00:00,9.0,5.0,22.0,0.0,1014.0,86.0,7.0,0.0,0.0
2025-09-11 18:00:00,8.0,4.0,21.0,0.0,1014.0,88.0,4.0,0.0,0.0
2025-09-11 19:00:00,7.0,4.0,22.0,0.0,1015.0,84.0,5.0,0.0,0.0
2025-09-11 20:00:00,7.0,3.0,21.0,0.0,1015.0,84.0,5.0,0.0,0.0
2025-09-11 21:00:00,10.0,5.0,20.0,0.0,1016.0,85.0,5.0,0.0,0.0
2025-09-11 22:00:00,10.0,6.0,19.0,0.0,1016.0,90.0,7.0,0.0,0.0
2025-09-11 23:00:00,10.0,6.0,19.0,0.0,1016.0,91.0,8.0,0.0,0.0
2025-09-12 00:00:00,12.0,6.0,18.0,0.0,1016.0,92.0,8.0,0.0,0.0
2025-09-12 01:00:00,10.0,5.0,18.0,0.0,1016.0,91.0,8.0,0.0,0.0
2025-09-12 02:00:00,10.0,5.0,18.0,0.0,1016.0,91.0,8.0,0.0,0.0
2025-09-12 03:00:00,9.0,4.0,18.0,0.0,1016.0,91.0,8.0,0.0,0.0
2025-09-12 04:00:00,9.0,4.0,18.0,0.0,1016.0,91.0,6.0,0.0,0.0
2025-09-12 05:00:00,8.0,4.0,18.0,0.0,1017.0,88.0,6.0,0.0,0.0
2025-09-12 06:00:00,8.0,4.0,19.0,0.0,1017.0,87.0,5.0,0.0,0.0
2025-09-12 07:00:00,8.0,4.0,24.0,0.0,1017.0,65.0,7.0,0.0,0.0
2025-09-12 08:00:00,8.0,4.0,26.0,0.0,1017.0,62.0,6.0,0.0,0.0
2025-09-12 09:00:00,8.0,4.0,29.0,0.0,1017.0,56.0,8.0,0.0,0.0
2025-09-12 10:00:00,8.0,4.0,29.0,0.0,1018.0,57.0,8.0,0.0,0.0
2025-09-12 11:00:00,11.0,4.0,29.0,0.0,1018.0,59.0,8.0,0.0,0.0
2025-09-12 12:00:00,16.0,5.0,26.0,0.0,1018.0,69.0,8.0,0.0,0.0
2025-09-12 13:00:00,9.0,4.0,25.0,0.0,1018.0,78.0,7.0,0.0,0.0
2025-09-12 14:00:00,9.0,4.0,25.0,0.0,1018.0,74.0,5.0,0.0,0.0
2025-09-12 15:00:00,10.0,4.0,25.0,0.0,1018.0,75.0,4.0,0.0,0.0
2025-09-12 16:00:00,10.0,4.0,24.0,0.0,1018.0,76.0,2.0,0.0,0.0
2025-09-12 17:00:00,9.0,4.0,23.0,0.0,1018.0,85.0,3.0,0.0,0.0
2025-09-12 18:00:00,8.0,4.0,22.0,0.0,1019.0,92.0,4.0,0.0,0.0
2025-09-12 19:00:00,8.0,4.0,22.0,0.0,1019.0,89.0,3.0,0.0,0.0
2025-09-12 20:00:00,9.0,4.0,21.0,0.0,1019.0,89.0,5.0,0.0,0.0
2025-09-12 21:00:00,10.0,5.0,20.0,0.0,1020.0,88.0,6.0,0.0,0.0
2025-09-12 22:00:00,12.0,5.0,20.0,0.0,1020.0,85.0,5.0,0.0,0.0
2025-09-12 23:00:00,12.0,5.0,20.0,0.0,1020.0,83.0,5.0,0.0,0.0
2025-09-13 00:00:00,11.0,5.0,19.0,0.0,1019.0,83.0,5.0,0.0,0.0
2025-09-13 01:00:00,10.0,5.0,19.0,0.0,1019.0,82.0,5.0,0.0,0.0
2025-09-13 02:00:00,10.0,5.0,19.0,0.0,1019.0,81.0,5.0,0.0,0.0
2025-09-13 03:00:00,7.0,3.0,19.0,0.0,1019.0,81.0,5.0,0.0,0.0
2025-09-13 04:00:00,7.0,3.0,19.0,0.0,1019.0,81.0,5.0,0.0,0.0
2025-09-13 05:00:00,6.0,3.0,19.0,0.0,1019.0,81.0,5.0,0.0,0.0
2025-09-13 06:00:00,6.0,3.0,19.0,0.0,1019.0,81.0,5.0,0.0,0.0
2025-09-13 07:00:00,6.0,3.0,20.0,0.0,1019.0,71.0,4.0,0.0,0.0
2025-09-13 08:00:00,7.0,4.0,21.0,0.0,1019.0,70.0,4.0,0.0,0.0
2025-09-13 09:00:00,15.0,6.0,22.0,0.0,1019.0,64.0,0.0,0.0,0.0
2025-09-13 10:00:00,20.0,6.0,23.0,0.0,1019.0,62.0,3.0,0.0,0.0
2025-09-13 11:00:00,18.0,5.0,24.0,0.0,1019.0,60.0,7.0,0.0,0.0
2025-09-13 12:00:00,10.0,5.0,25.0,0.0,1019.0,61.0,10.0,0.0,0.0
2025-09-13 13:00:00,8.0,4.0,25.0,0.0,1018.0,60.0,8.0,0.0,0.0
2025-09-13 14:00:00,6.0,4.0,26.0,0.0,1018.0,58.0,5.0,0.0,0.0
2025-09-13 15:00:00,8.0,4.0,25.0,0.0,1017.0,60.0,4.0,0.0,0.0
2025-09-13 16:00:00,7.0,4.0,25.0,0.0,1017.0,61.0,1.0,0.0,0.0
2025-09-13 17:00:00,8.0,4.0,24.0,0.0,1017.0,68.0,3.0,0.0,0.0
2025-09-13 18:00:00,8.0,4.0,22.0,0.0,1017.0,78.0,3.0,0.0,0.0
2025-09-13 19:00:00,12.0,7.0,22.0,0.0,1017.0,81.0,4.0,0.0,0.0
2025-09-13 20:00:00,11.0,6.0,22.0,0.0,1017.0,86.0,6.0,0.0,0.0
2025-09-13 21:00:00,13.0,7.0,21.0,0.0,1016.0,88.0,5.0,0.0,0.0
2025-09-13 22:00:00,13.0,8.0,21.0,0.0,1016.0,87.0,5.0,0.0,0.0
2025-09-13 23:00:00,11.0,7.0,20.0,0.3,1016.0,91.0,8.0,0.0,0.0
2025-09-14 00:00:00,11.0,6.0,20.0,12.1,1016.0,91.0,4.0,0.0,0.0
2025-09-14 01:00:00,12.0,7.0,19.0,5.1,1015.0,93.0,12.0,0.0,0.0
2025-09-14 02:00:00,7.0,4.0,19.0,3.2,1014.0,93.0,9.0,0.0,0.0
2025-09-14 03:00:00,7.0,4.0,20.0,5.0,1014.0,89.0,27.0,0.0,0.0
2025-09-14 04:00:00,7.0,4.0,20.0,0.2,1014.0,92.0,13.0,0.0,0.0
2025-09-14 05:00:00,5.0,3.0,19.0,0.8,1014.0,93.0,10.0,0.0,0.0
2025-09-14 06:00:00,5.0,3.0,19.0,0.6,1014.0,93.0,6.0,0.0,0.0
2025-09-14 07:00:00,6.0,3.0,18.0,1.1,1016.0,99.0,14.0,0.0,0.0
2025-09-14 08:00:00,7.0,4.0,20.0,0.0,1016.0,94.0,8.0,0.0,0.0
2025-09-14 09:00:00,9.0,5.0,20.0,0.0,1017.0,91.0,6.0,0.0,0.0
2025-09-14 10:00:00,10.0,5.0,22.0,0.0,1017.0,86.0,8.0,0.0,0.0
2025-09-14 11:00:00,10.0,5.0,23.0,0.0,1017.0,81.0,12.0,0.0,0.0
2025-09-14 12:00:00,10.0,5.0,23.0,0.0,1017.0,77.0,15.0,0.0,0.0
2025-09-14 13:00:00,12.0,7.0,23.0,0.0,1017.0,80.0,10.0,0.0,0.0
2025-09-14 14:00:00,11.0,7.0,23.0,0.0,1016.0,80.0,4.0,0.0,0.0
2025-09-14 15:00:00,19.0,12.0,23.0,0.0,1017.0,76.0,5.0,0.0,0.0
2025-09-14 16:00:00,10.0,6.0,23.0,0.0,1017.0,76.0,3.0,0.0,0.0
2025-09-14 17:00:00,8.0,6.0,22.0,0.0,1017.0,82.0,2.0,0.0,0.0
2025-09-14 18:00:00,8.0,5.0,21.0,0.0,1018.0,88.0,5.0,0.0,0.0
2025-09-14 19:00:00,9.0,6.0,21.0,0.0,1018.0,88.0,5.0,0.0,0.0
2025-09-14 20:00:00,10.0,6.0,20.0,0.0,1018.0,90.0,6.0,0.0,0.0
2025-09-14 21:00:00,10.0,6.0,19.0,0.0,1019.0,88.0,6.0,0.0,0.0
2025-09-14 22:00:00,10.0,6.0,19.0,0.0,1020.0,86.0,6.0,0.0,0.0
2025-09-14 23:00:00,8.0,4.0,19.0,0.0,1020.0,86.0,6.0,0.0,0.0
2025-09-15 00:00:00,7.0,4.0,19.0,0.0,1020.0,88.0,6.0,0.0,0.0
2025-09-15 01:00:00,7.0,4.0,18.0,0.0,1020.0,88.0,8.0,0.0,0.0
2025-09-15 02:00:00,7.0,4.0,18.0,0.0,1020.0,89.0,6.0,0.0,0.0
2025-09-15 03:00:00,7.0,4.0,18.0,0.0,1019.0,88.0,6.0,0.0,0.0
2025-09-15 04:00:00,7.0,4.0,18.0,0.0,1019.0,88.0,6.0,0.0,0.0
2025-09-15 05:00:00,7.0,4.0,18.0,0.0,1020.0,88.0,6.0,0.0,0.0
2025-09-15 06:00:00,6.0,4.0,19.0,0.0,1020.0,88.0,5.0,0.0,0.0
2025-09-15 07:00:00,7.0,4.0,23.0,0.0,1020.0,66.0,8.0,0.0,0.0
2025-09-15 08:00:00,7.0,4.0,25.0,0.0,1020.0,60.0,9.0,0.0,0.0
2025-09-15 09:00:00,8.0,4.0,27.0,0.0,1020.0,56.0,7.0,0.0,0.0
2025-09-15 10:00:00,9.0,4.0,28.0,0.0,1020.0,57.0,8.0,0.0,0.0
2025-09-15 11:00:00,8.0,4.0,28.0,0.0,1020.0,61.0,8.0,0.0,0.0
2025-09-15 12:00:00,7.0,4.0,27.0,0.0,1020.0,65.0,16.0,0.0,0.0
2025-09-15 13:00:00,8.0,5.0,26.0,0.0,1019.0,66.0,15.0,0.0,0.0
2025-09-15 14:00:00,6.0,4.0,26.0,0.0,1019.0,67.0,14.0,0.0,0.0
2025-09-15 15:00:00,6.0,4.0,26.0,0.0,1019.0,67.0,13.0,0.0,0.0
2025-09-15 16:00:00,6.0,4.0,25.0,0.0,1018.0,69.0,12.0,0.0,0.0
2025-09-15 17:00:00,6.0,4.0,24.0,0.0,1019.0,80.0,10.0,0.0,0.0
2025-09-15 18:00:00,6.0,4.0,22.0,0.0,1019.0,85.0,4.0,0.0,0.0
2025-09-15 19:00:00,7.0,4.0,22.0,0.0,1019.0,85.0,4.0,0.0,0.0
2025-09-15 20:00:00,8.0,5.0,21.0,0.0,1019.0,90.0,5.0,0.0,0.0
2025-09-15 21:00:00,8.0,5.0,20.0,0.0,1019.0,92.0,7.0,0.0,0.0
2025-09-15 22:00:00,8.0,5.0,20.0,0.0,1019.0,92.0,6.0,0.0,0.0
2025-09-15 23:00:00,7.0,4.0,20.0,0.0,1019.0,91.0,7.0,0.0,0.0
2025-09-16 00:00:00,6.0,4.0,19.0,0.0,1018.0,91.0,7.0,0.0,0.0
2025-09-16 01:00:00,8.0,5.0,19.0,0.0,1018.0,91.0,7.0,0.0,0.0
2025-09-16 02:00:00,8.0,4.0,19.0,0.0,1018.0,91.0,7.0,0.0,0.0
2025-09-16 03:00:00,8.0,5.0,19.0,0.0,1017.0,91.0,6.0,0.0,0.0
2025-09-16 04:00:00,7.0,5.0,19.0,0.0,1017.0,89.0,6.0,0.0,0.0
2025-09-16 05:00:00,7.0,5.0,19.0,0.0,1017.0,86.0,7.0,0.0,0.0
2025-09-16 06:00:00,7.0,4.0,19.0,0.0,1017.0,84.0,7.0,0.0,0.0
2025-09-16 07:00:00,7.0,5.0,25.0,0.0,1017.0,69.0,7.0,0.0,0.0
2025-09-16 08:00:00,9.0,6.0,28.0,0.0,1017.0,62.0,10.0,0.0,0.0
2025-09-16 09:00:00,11.0,6.0,29.0,0.0,1018.0,61.0,9.0,0.0,0.0
2025-09-16 10:00:00,14.0,7.0,29.0,0.0,1018.0,60.0,6.0,0.0,0.0
2025-09-16 11:00:00,9.0,5.0,29.0,0.0,1017.0,60.0,12.0,0.0,0.0
2025-09-16 12:00:00,8.0,5.0,29.0,0.0,1017.0,58.0,15.0,0.0,0.0
2025-09-16 13:00:00,7.0,4.0,28.0,0.0,1016.0,57.0,18.0,0.0,0.0
2025-09-16 14:00:00,15.0,6.0,27.0,0.0,1016.0,61.0,17.0,0.0,0.0
2025-09-16 15:00:00,12.0,7.0,26.0,0.0,1016.0,61.0,12.0,0.0,0.0
2025-09-16 16:00:00,12.0,7.0,26.0,0.0,1016.0,62.0,5.0,0.0,0.0
2025-09-16 17:00:00,13.0,8.0,25.0,0.0,1016.0,68.0,4.0,0.0,0.0
2025-09-16 18:00:00,15.0,7.0,22.0,0.1,1016.0,77.0,23.0,0.0,0.0
2025-09-16 19:00:00,9.0,2.0,20.0,0.1,1017.0,83.0,17.0,0.0,0.0
2025-09-16 20:00:00,5.0,2.0,20.0,0.0,1017.0,82.0,12.0,0.0,0.0
2025-09-16 21:00:00,8.0,3.0,19.0,0.4,1018.0,85.0,27.0,0.0,0.0
2025-09-16 22:00:00,8.0,4.0,18.0,1.4,1019.0,86.0,26.0,0.0,0.0
2025-09-16 23:00:00,7.0,3.0,18.0,0.0,1018.0,81.0,19.0,0.0,0.0
2025-09-17 00:00:00,5.0,2.0,18.0,0.0,1019.0,77.0,14.0,0.0,0.0
2025-09-17 01:00:00,4.0,2.0,18.0,0.0,1019.0,77.0,12.0,0.0,0.0
2025-09-17 02:00:00,4.0,2.0,18.0,0.0,1019.0,78.0,10.0,0.0,0.0
2025-09-17 03:00:00,4.0,2.0,18.0,0.0,1019.0,77.0,10.0,0.0,0.0
2025-09-17 04:00:00,3.0,2.0,18.0,0.0,1019.0,72.0,9.0,0.0,0.0
2025-09-17 05:00:00,3.0,2.0,18.0,0.0,1020.0,70.0,7.0,0.0,0.0
2025-09-17 06:00:00,4.0,2.0,18.0,0.0,1021.0,69.0,6.0,0.0,0.0
2025-09-17 07:00:00,4.0,2.0,21.0,0.0,1020.0,49.0,6.0,0.0,0.0
2025-09-17 08:00:00,4.0,2.0,22.0,0.0,1020.0,46.0,5.0,0.0,0.0
2025-09-17 09:00:00,5.0,2.0,24.0,0.0,1021.0,45.0,7.0,0.0,0.0
2025-09-17 10:00:00,5.0,2.0,25.0,0.0,1022.0,47.0,11.0,0.0,0.0
2025-09-17 11:00:00,4.0,2.0,25.0,0.0,1022.0,49.0,14.0,0.0,0.0
2025-09-17 12:00:00,4.0,2.0,24.0,0.0,1022.0,53.0,15.0,0.0,0.0
2025-09-17 13:00:00,4.0,2.0,24.0,0.0,1021.0,56.0,14.0,0.0,0.0
2025-09-17 14:00:00,7.0,3.0,24.0,0.0,1021.0,58.0,14.0,0.0,0.0
2025-09-17 15:00:00,6.0,3.0,23.0,0.0,1021.0,61.0,15.0,0.0,0.0
2025-09-17 16:00:00,7.0,2.0,22.0,0.0,1021.0,64.0,15.0,0.0,0.0
2025-09-17 17:00:00,5.0,2.0,21.0,0.0,1022.0,68.0,12.0,0.0,0.0
2025-09-17 18:00:00,6.0,2.0,19.0,0.0,1022.0,74.0,9.0,0.0,0.0
2025-09-17 19:00:00,5.0,3.0,19.0,0.0,1023.0,75.0,6.0,0.0,0.0
2025-09-17 20:00:00,9.0,5.0,18.0,0.0,1023.0,78.0,7.0,0.0,0.0
2025-09-17 21:00:00,8.0,4.0,18.0,0.0,1024.0,79.0,6.0,0.0,0.0
2025-09-17 22:00:00,7.0,3.0,17.0,0.0,1024.0,80.0,7.0,0.0,0.0
2025-09-17 23:00:00,8.0,4.0,17.0,0.0,1024.0,78.0,7.0,0.0,0.0
2025-09-18 00:00:00,6.0,3.0,17.0,0.0,1024.0,77.0,8.0,0.0,0.0
2025-09-18 01:00:00,5.0,3.0,16.0,0.0,1024.0,77.0,7.0,0.0,0.0
2025-09-18 02:00:00,6.0,3.0,16.0,0.0,1024.0,77.0,7.0,0.0,0.0
2025-09-18 03:00:00,5.0,3.0,16.0,0.0,1024.0,76.0,7.0,0.0,0.0
2025-09-18 04:00:00,4.0,2.0,16.0,0.0,1024.0,76.0,6.0,0.0,0.0
2025-09-18 05:00:00,5.0,2.0,16.0,0.0,1025.0,75.0,6.0,0.0,0.0
2025-09-18 06:00:00,5.0,2.0,18.0,0.0,1025.0,60.0,6.0,0.0,0.0
2025-09-18 07:00:00,5.0,3.0,20.0,0.0,1025.0,62.0,6.0,0.0,0.0
2025-09-18 08:00:00,6.0,3.0,23.0,0.0,1026.0,53.0,6.0,0.0,0.0
2025-09-18 09:00:00,10.0,5.0,25.0,0.0,1026.0,47.0,4.0,0.0,0.0
2025-09-18 10:00:00,13.0,6.0,26.0,0.0,1026.0,43.0,2.0,0.0,0.0
2025-09-18 11:00:00,10.0,5.0,26.0,0.0,1026.0,45.0,4.0,0.0,0.0
2025-09-18 12:00:00,9.0,4.0,26.0,0.0,1026.0,44.0,9.0,0.0,0.0
2025-09-18 13:00:00,6.0,3.0,25.0,0.0,1026.0,47.0,10.0,0.0,0.0
2025-09-18 14:00:00,7.0,3.0,25.0,0.0,1025.0,47.0,8.0,0.0,0.0
2025-09-18 15:00:00,6.0,3.0,24.0,0.0,1025.0,50.0,6.0,0.0,0.0
2025-09-18 16:00:00,6.0,3.0,24.0,0.0,1025.0,52.0,7.0,0.0,0.0
2025-09-18 17:00:00,5.0,3.0,23.0,0.0,1026.0,58.0,5.0,0.0,0.0
2025-09-18 18:00:00,5.0,3.0,21.0,0.0,1026.0,71.0,3.0,0.0,0.0
2025-09-18 19:00:00,6.0,3.0,22.0,0.0,1026.0,67.0,5.0,0.0,0.0
2025-09-18 20:00:00,7.0,4.0,21.0,0.0,1026.0,68.0,6.0,0.0,0.0
2025-09-18 21:00:00,9.0,6.0,20.0,0.0,1026.0,67.0,6.0,0.0,0.0
2025-09-18 22:00:00,8.0,5.0,20.0,0.0,1026.0,65.0,6.0,0.0,0.0
2025-09-18 23:00:00,8.0,4.0,20.0,0.0,1026.0,63.0,6.0,0.0,0.0
2025-09-19 00:00:00,9.0,5.0,20.0,0.0,1026.0,61.0,6.0,0.0,0.0
2025-09-19 01:00:00,6.0,3.0,19.0,0.0,1026.0,60.0,5.0,0.0,0.0
2025-09-19 02:00:00,6.0,3.0,19.0,0.0,1026.0,60.0,5.0,0.0,0.0
2025-09-19 03:00:00,6.0,3.0,19.0,0.0,1026.0,59.0,5.0,0.0,0.0
2025-09-19 04:00:00,5.0,3.0,19.0,0.0,1026.0,60.0,5.0,0.0,0.0
2025-09-19 05:00:00,6.0,3.0,19.0,0.0,1026.0,62.0,5.0,0.0,0.0
2025-09-19 06:00:00,6.0,3.0,19.0,0.0,1026.0,64.0,5.0,0.0,0.0
2025-09-19 07:00:00,6.0,4.0,20.0,0.0,1027.0,66.0,4.0,0.0,0.0
2025-09-19 08:00:00,7.0,4.0,22.0,0.0,1027.0,58.0,5.0,0.0,0.0
2025-09-19 09:00:00,17.0,6.0,24.0,0.0,1027.0,53.0,3.0,0.0,0.0
2025-09-19 10:00:00,18.0,6.0,25.0,0.0,1027.0,55.0,2.0,0.0,0.0
2025-09-19 11:00:00,9.0,4.0,25.0,0.0,1027.0,59.0,4.0,0.0,0.0
2025-09-19 12:00:00,8.0,4.0,25.0,0.0,1027.0,59.0,6.0,0.0,0.0
2025-09-19 13:00:00,9.0,4.0,26.0,0.0,1026.0,56.0,5.0,0.0,0.0
2025-09-19 14:00:00,12.0,6.0,26.0,0.0,1026.0,56.0,5.0,0.0,0.0
2025-09-19 15:00:00,11.0,6.0,25.0,0.0,1026.0,57.0,3.0,0.0,0.0
2025-09-19 16:00:00,11.0,5.0,25.0,0.0,1026.0,60.0,1.0,0.0,0.0
2025-09-19 17:00:00,11.0,5.0,23.0,0.0,1026.0,76.0,1.0,0.0,0.0
2025-09-19 18:00:00,12.0,5.0,22.0,0.0,1026.0,81.0,1.0,0.0,0.0
2025-09-19 19:00:00,13.0,5.0,22.0,0.0,1026.0,76.0,3.0,0.0,0.0
2025-09-19 20:00:00,14.0,6.0,22.0,0.0,1026.0,76.0,4.0,0.0,0.0
2025-09-19 21:00:00,14.0,6.0,22.0,0.0,1026.0,75.0,3.0,0.0,0.0
2025-09-19 22:00:00,16.0,7.0,21.0,0.0,1026.0,75.0,4.0,0.0,0.0
2025-09-19 23:00:00,20.0,9.0,21.0,0.0,1026.0,75.0,4.0,0.0,0.0
2025-09-20 00:00:00,16.0,9.0,20.0,0.0,1026.0,77.0,5.0,0.0,0.0
2025-09-20 01:00:00,14.0,8.0,19.0,0.0,1025.0,79.0,4.0,0.0,0.0
2025-09-20 02:00:00,12.0,7.0,19.0,0.0,1025.0,78.0,4.0,0.0,0.0
2025-09-20 03:00:00,17.0,10.0,19.0,0.0,1025.0,78.0,2.0,0.0,0.0
2025-09-20 04:00:00,14.0,9.0,19.0,0.0,1024.0,77.0,3.0,0.0,0.0
2025-09-20 05:00:00,18.0,10.0,19.0,0.0,1024.0,75.0,3.0,0.0,0.0
2025-09-20 06:00:00,15.0,8.0,20.0,0.0,1024.0,74.0,3.0,0.0,0.0
2025-09-20 07:00:00,13.0,7.0,21.0,0.0,1024.0,73.0,3.0,0.0,0.0
2025-09-20 08:00:00,14.0,8.0,22.0,0.0,1024.0,65.0,1.0,0.0,0.0
2025-09-20 09:00:00,18.0,9.0,23.0,0.0,1024.0,63.0,4.0,0.0,0.0
2025-09-20 10:00:00,17.0,8.0,24.0,0.0,1024.0,67.0,8.0,0.0,0.0
2025-09-20 11:00:00,21.0,11.0,24.0,0.0,1023.0,66.0,10.0,0.0,0.0
2025-09-20 12:00:00,25.0,13.0,24.0,0.0,1023.0,69.0,9.0,0.0,0.0
2025-09-20 13:00:00,26.0,15.0,20.934036315730395,0.09058491303772076,1016.1064042987001,65.67208920884514,9.16739009947321,0.0,0.0
2025-09-20 14:00:00,23.0,16.0,18.05858127172246,0.1057196767940729,1017.1041531064199,68.10810417282005,8.872601220931358,0.0,0.0
2025-09-20 15:00:00,21.0,14.0,18.400318689425205,0.1104683579672967,1016.7408545337568,67.44154430473282,9.088735871604456,0.0,0.0
2025-09-20 16:00:00,14.0,9.0,17.90236906610403,0.13109461307183956,1016.2406578627931,66.82651214948055,9.53571172168455,0.0,0.0
2025-09-20 17:00:00,17.0,9.0,19.93080881747153,0.11796278481461098,1015.628583221752,65.24946087703165,9.675752886588555,0.0,0.0
2025-09-20 18:00:00,18.0,11.0,18.912924815979522,0.1175913797271333,1016.1959066747621,66.44170450260208,9.412937847614103,0.0,0.0
2025-09-20 19:00:00,21.0,12.0,20.09434927470636,0.10646248696903715,1015.9695062003997,65.72361692167988,9.398231298880148,0.0,0.0
2025-09-20 20:00:00,18.0,12.0,18.065909523338917,0.11959431522626307,1016.5815808414407,67.30066819412855,9.258190133976257,0.0,0.0
2025-09-20 21:00:00,18.0,13.0,17.218894230698425,0.12159725072539196,1016.9672550081193,68.15963188565502,9.10344242033841,0.0,0.0
2025-09-20 22:00:00,21.0,14.0,18.400318689425205,0.1104683579672967,1016.7408545337568,67.44154430473282,9.088735871604456,0.0,0.0
2025-09-20 23:00:00,18.0,13.0,17.218894230698425,0.12159725072539196,1016.9672550081193,68.15963188565502,9.10344242033841,0.0,0.0
2025-09-21 00:00:00,21.0,16.0,16.706288104144107,0.1144742289655607,1017.5122028671138,69.15947168778621,8.77924044432865,0.0,0.0
2025-09-21 01:00:00,16.0,12.0,16.71361635576062,0.12834886739774465,1016.9896306021348,68.35203570909425,9.164829357373662,0.0,0.0
2025-09-21 02:00:00,14.0,9.0,17.90236906610403,0.13109461307183956,1016.2406578627931,66.82651214948055,9.53571172168455,0.0,0.0
2025-09-21 03:00:00,13.0,9.0,17.226222482314995,0.13547188915758213,1016.4446827431401,67.35219590696329,9.489031333383252,0.0,0.0
2025-09-21 04:00:00,13.0,9.0,17.226222482314995,0.13547188915758213,1016.4446827431401,67.35219590696329,9.489031333383252,0.0,0.0
2025-09-21 05:00:00,12.0,9.0,16.550075898525847,0.13984916524332291,1016.6487076234871,67.87787966444625,9.442350945081955,0.0,0.0
2025-09-21 06:00:00,8.0,6.0,16.386535441291016,0.1513494630888994,1016.3077846448394,67.40372361979848,9.719872532790248,0.0,0.0
2025-09-21 07:00:00,7.0,5.0,16.55740415014236,0.15372380367551308,1016.126135358508,67.07044368575453,9.82793985812691,0.0,0.0
2025-09-21 08:00:00,6.0,4.0,16.728272858993876,0.15609814426212232,1015.9444860721763,66.73716375171102,9.936007183463403,0.0,0.0
2025-09-21 09:00:00,7.0,5.0,16.55740415014236,0.15372380367551308,1016.126135358508,67.07044368575453,9.82793985812691,0.0,0.0
2025-09-21 10:00:00,5.0,4.0,16.052126275204728,0.160475420347864,1016.1485109525233,67.26284750919399,9.889326795162106,0.0,0.0
2025-09-21 11:00:00,6.0,4.0,16.728272858993876,0.15609814426212232,1015.9444860721763,66.73716375171102,9.936007183463403,0.0,0.0
2025-09-21 12:00:00,10.0,5.0,24.0,0.0,1018.0,70.0,12.0,0.0,0.0
2025-09-21 13:00:00,12.0,6.0,24.0,0.0,1017.0,68.0,11.0,0.0,0.0
2025-09-21 14:00:00,12.0,6.0,24.0,0.0,1017.0,62.0,8.0,0.0,0.0
2025-09-21 15:00:00,8.0,5.0,24.0,0.0,1016.0,64.0,6.0,0.0,0.0
2025-09-21 16:00:00,9.0,5.0,24.0,0.0,1016.0,68.0,4.0,0.0,0.0
2025-09-21 17:00:00,9.0,5.0,24.0,0.0,1015.0,66.0,5.0,0.0,0.0
2025-09-21 18:00:00,7.0,5.0,24.0,0.0,1015.0,63.0,5.0,0.0,0.0
2025-09-21 19:00:00,7.0,5.0,23.0,0.0,1015.0,62.0,4.0,0.0,0.0
2025-09-21 20:00:00,8.0,5.0,22.0,0.0,1015.0,65.0,5.0,0.0,0.0
2025-09-21 21:00:00,9.0,6.0,21.0,0.0,1015.0,72.0,6.0,0.0,0.0
2025-09-21 22:00:00,11.0,9.0,20.0,0.0,1015.0,71.0,5.0,0.0,0.0
2025-09-21 23:00:00,12.0,9.0,20.0,0.0,1015.0,68.0,5.0,0.0,0.0
2025-09-22 00:00:00,11.0,9.0,20.0,0.0,1015.0,67.0,5.0,0.0,0.0
2025-09-22 01:00:00,10.0,8.0,20.0,0.0,1014.0,68.0,6.0,0.0,0.0
2025-09-22 02:00:00,8.0,6.0,20.0,0.0,1014.0,68.0,7.0,0.0,0.0
2025-09-22 03:00:00,7.0,5.0,19.0,0.0,1013.0,68.0,7.0,0.0,0.0
2025-09-22 04:00:00,5.0,4.0,20.0,0.0,1013.0,68.0,8.0,0.0,0.0
2025-09-22 05:00:00,5.0,3.0,20.0,0.0,1013.0,68.0,9.0,0.0,0.0
2025-09-22 06:00:00,4.0,3.0,20.0,0.0,1014.0,71.0,8.0,0.0,0.0
2025-09-22 07:00:00,6.0,3.0,24.0,0.0,1013.0,57.0,9.0,0.0,0.0
2025-09-22 08:00:00,7.0,3.0,27.0,0.0,1014.0,52.0,15.0,0.0,0.0
2025-09-22 09:00:00,13.0,4.0,28.0,0.0,1014.0,54.0,18.0,0.0,0.0
2025-09-22 10:00:00,7.0,3.0,29.0,0.0,1014.0,54.0,18.0,0.0,0.0
2025-09-22 11:00:00,6.0,3.0,29.0,0.0,1014.0,54.0,19.0,0.0,0.0
2025-09-22 12:00:00,8.0,4.0,28.0,0.0,1013.0,50.0,21.0,0.0,0.0
2025-09-22 13:00:00,8.0,4.0,28.0,0.0,1013.0,51.0,19.0,0.0,0.0
2025-09-22 14:00:00,8.0,4.0,28.0,0.0,1013.0,51.0,16.0,0.0,0.0
2025-09-22 15:00:00,8.0,4.0,27.0,0.0,1013.0,55.0,12.0,0.0,0.0
2025-09-22 16:00:00,8.0,4.0,25.0,0.0,1013.0,69.0,14.0,0.0,0.0
2025-09-22 17:00:00,8.0,4.0,23.0,1.1,1014.0,84.0,22.0,0.0,0.0
2025-09-22 18:00:00,10.0,5.0,22.0,0.1,1015.0,86.0,1.0,0.0,0.0
2025-09-22 19:00:00,10.0,5.0,21.0,0.0,1015.0,91.0,9.0,0.0,0.0
2025-09-22 20:00:00,11.0,6.0,20.0,0.0,1015.0,88.0,3.0,0.0,0.0
2025-09-22 21:00:00,10.0,6.0,20.0,0.0,1016.0,86.0,3.0,0.0,0.0
2025-09-22 22:00:00,10.0,5.0,20.0,0.0,1016.0,88.0,7.0,0.0,0.0
2025-09-22 23:00:00,9.0,5.0,20.0,0.0,1015.0,92.0,7.0,0.0,0.0
2025-09-23 00:00:00,9.0,6.0,20.0,0.0,1015.0,90.0,4.0,0.0,0.0
2025-09-23 01:00:00,10.0,6.0,20.0,0.0,1015.0,89.0,4.0,0.0,0.0
2025-09-23 02:00:00,10.0,6.0,19.0,0.0,1015.0,89.0,5.0,0.0,0.0
2025-09-23 03:00:00,10.0,7.0,19.0,0.0,1015.0,89.0,5.0,0.0,0.0
2025-09-23 04:00:00,10.0,7.0,19.0,0.0,1015.0,88.0,5.0,0.0,0.0
2025-09-23 05:00:00,11.0,8.0,19.0,0.0,1015.0,87.0,5.0,0.0,0.0
2025-09-23 06:00:00,11.0,8.0,19.0,0.0,1015.0,87.0,6.0,0.0,0.0
2025-09-23 07:00:00,10.0,7.0,23.0,0.0,1014.0,82.0,8.0,0.0,0.0
2025-09-23 08:00:00,14.0,9.0,24.0,0.0,1014.0,75.0,6.0,0.0,0.0
2025-09-23 09:00:00,23.0,10.0,26.0,0.0,1015.0,70.0,9.0,0.0,0.0
2025-09-23 10:00:00,20.0,9.0,22.0,0.4,1016.0,89.0,14.0,0.0,0.0
2025-09-23 11:00:00,15.0,8.0,20.0,0.2,1016.0,91.0,15.0,0.0,0.0
2025-09-23 12:00:00,10.0,6.0,20.0,0.4,1016.0,91.0,10.0,0.0,0.0
2025-09-23 13:00:00,8.0,5.0,21.0,0.0,1015.0,84.0,8.0,0.0,0.0
2025-09-23 14:00:00,9.0,4.0,22.0,0.0,1015.0,76.0,6.0,0.0,0.0
2025-09-23 15:00:00,7.0,4.0,21.0,0.0,1015.0,81.0,9.0,0.0,0.0
2025-09-23 16:00:00,7.0,4.0,21.0,0.0,1014.0,83.0,18.0,0.0,0.0
2025-09-23 17:00:00,8.0,4.0,20.0,0.0,1014.0,84.0,12.0,0.0,0.0
2025-09-23 18:00:00,13.0,6.0,20.0,0.0,1014.0,86.0,9.0,0.0,0.0
2025-09-23 19:00:00,10.0,4.0,20.0,0.0,1014.0,80.0,7.0,0.0,0.0
2025-09-23 20:00:00,8.0,4.0,20.0,0.0,1014.0,81.0,5.0,0.0,0.0
2025-09-23 21:00:00,9.0,5.0,20.0,0.0,1014.0,80.0,7.0,0.0,0.0
2025-09-23 22:00:00,10.0,5.0,20.0,0.0,1014.0,80.0,6.0,0.0,0.0
2025-09-23 23:00:00,7.0,3.0,20.0,0.0,1014.0,81.0,5.0,0.0,0.0
2025-09-24 00:00:00,6.0,3.0,20.0,0.0,1014.0,79.0,5.0,0.0,0.0
2025-09-24 01:00:00,6.0,3.0,20.0,0.2,1014.0,80.0,8.0,0.0,0.0
2025-09-24 02:00:00,5.0,3.0,18.0,1.3,1013.0,91.0,8.0,0.0,0.0
2025-09-24 03:00:00,5.0,3.0,19.0,0.6,1013.0,88.0,12.0,0.0,0.0
2025-09-24 04:00:00,8.0,5.0,18.0,11.0,1012.0,91.0,8.0,0.0,0.0
2025-09-24 05:00:00,11.0,6.0,19.0,0.0,1012.0,85.0,8.0,0.0,0.0
2025-09-24 06:00:00,7.0,4.0,19.0,0.6,1012.0,87.0,4.0,0.0,0.0
2025-09-24 07:00:00,4.0,3.0,20.0,0.0,1012.0,81.0,5.0,0.0,0.0
2025-09-24 08:00:00,6.0,4.0,22.0,0.0,1012.0,80.0,5.0,0.0,0.0
2025-09-24 09:00:00,8.0,4.0,22.0,0.0,1012.0,76.0,3.0,0.0,0.0
2025-09-24 10:00:00,7.0,3.0,23.0,0.0,1012.0,73.0,2.0,0.0,0.0
2025-09-24 11:00:00,11.0,4.0,22.0,0.1,1013.0,84.0,11.0,0.0,0.0
2025-09-24 12:00:00,8.0,4.0,20.0,3.7,1013.0,93.0,17.0,0.0,0.0
2025-09-24 13:00:00,10.0,5.0,19.0,1.8,1013.0,92.0,5.0,0.0,0.0
2025-09-24 14:00:00,7.0,4.0,19.0,2.6,1013.0,93.0,5.0,0.0,0.0
2025-09-24 15:00:00,5.0,3.0,19.0,2.4,1013.0,95.0,9.0,0.0,0.0
2025-09-24 16:00:00,4.0,2.0,18.0,2.7,1013.0,94.0,1.0,0.0,0.0
2025-09-24 17:00:00,4.0,2.0,17.0,0.7,1012.0,94.0,19.0,0.0,0.0
2025-09-24 18:00:00,5.0,2.0,16.0,0.1,1013.0,90.0,7.0,0.0,0.0
2025-09-24 19:00:00,4.0,2.0,17.0,0.0,1013.0,85.0,5.0,0.0,0.0
2025-09-24 20:00:00,3.0,2.0,16.0,0.0,1013.0,85.0,5.0,0.0,0.0
2025-09-24 21:00:00,5.0,2.0,16.0,0.0,1014.0,88.0,8.0,0.0,0.0
2025-09-24 22:00:00,6.0,3.0,16.0,0.0,1014.0,89.0,4.0,0.0,0.0
2025-09-24 23:00:00,7.0,3.0,16.0,2.1,1015.0,90.0,6.0,0.0,0.0
2025-09-25 00:00:00,7.0,3.0,16.0,0.8,1015.0,93.0,3.0,0.0,0.0
2025-09-25 01:00:00,9.0,4.0,16.0,0.3,1015.0,95.0,6.0,0.0,0.0
2025-09-25 02:00:00,11.0,5.0,16.0,0.0,1015.0,93.0,4.0,0.0,0.0
2025-09-25 03:00:00,6.0,2.0,15.0,0.0,1015.0,93.0,6.0,0.0,0.0
2025-09-25 04:00:00,5.0,2.0,15.0,0.0,1015.0,91.0,7.0,0.0,0.0
2025-09-25 05:00:00,5.0,2.0,15.0,0.0,1015.0,91.0,7.0,0.0,0.0
2025-09-25 06:00:00,4.0,2.0,16.0,0.2,1016.0,90.0,8.0,0.0,0.0
2025-09-25 07:00:00,16.0,12.0,16.0,0.0,1016.0,82.0,5.0,0.0,0.0
2025-09-25 08:00:00,5.0,3.0,18.0,0.0,1016.0,76.0,5.0,0.0,0.0
2025-09-25 09:00:00,10.0,3.0,20.0,0.0,1016.0,67.0,4.0,0.0,0.0
2025-09-25 10:00:00,12.0,4.0,21.0,0.0,1016.0,61.0,4.0,0.0,0.0
2025-09-25 11:00:00,6.0,2.0,21.0,0.0,1016.0,62.0,6.0,0.0,0.0
2025-09-25 12:00:00,4.0,2.0,21.0,0.0,1016.0,62.0,7.0,0.0,0.0
2025-09-25 13:00:00,4.0,2.0,21.0,0.0,1016.0,62.0,5.0,0.0,0.0
2025-09-25 14:00:00,4.0,2.0,20.0,0.0,1017.0,68.0,6.0,0.0,0.0
2025-09-25 15:00:00,4.0,2.0,19.0,0.1,1017.0,83.0,10.0,0.0,0.0
2025-09-25 16:00:00,7.0,2.0,19.0,0.0,1017.0,83.0,8.0,0.0,0.0
2025-09-25 17:00:00,5.0,2.0,18.0,0.0,1017.0,87.0,6.0,0.0,0.0
2025-09-25 18:00:00,5.0,2.0,17.0,0.0,1017.0,90.0,4.0,0.0,0.0
2025-09-25 19:00:00,5.0,2.0,17.0,0.0,1017.0,86.0,7.0,0.0,0.0
2025-09-25 20:00:00,5.0,2.0,17.0,0.0,1018.0,84.0,7.0,0.0,0.0
2025-09-25 21:00:00,6.0,3.0,17.0,0.0,1018.0,82.0,5.0,0.0,0.0
2025-09-25 22:00:00,6.0,3.0,16.0,0.3,1020.0,93.0,11.0,0.0,0.0
2025-09-25 23:00:00,6.0,3.0,16.0,0.8,1020.0,92.0,8.0,0.0,0.0
2025-09-26 00:00:00,7.0,3.0,16.0,0.1,1019.0,93.0,14.0,0.0,0.0
2025-09-26 01:00:00,7.0,3.0,16.0,0.0,1019.0,90.0,6.0,0.0,0.0
2025-09-26 02:00:00,6.0,3.0,16.0,0.0,1019.0,88.0,2.0,0.0,0.0
2025-09-26 03:00:00,6.0,3.0,16.0,0.0,1019.0,86.0,3.0,0.0,0.0
2025-09-26 04:00:00,5.0,2.0,16.0,0.0,1019.0,87.0,6.0,0.0,0.0
2025-09-26 05:00:00,4.0,2.0,16.0,0.0,1019.0,86.0,6.0,0.0,0.0
2025-09-26 06:00:00,5.0,3.0,15.0,0.0,1020.0,87.0,5.0,0.0,0.0
2025-09-26 07:00:00,6.0,3.0,17.0,0.0,1019.0,78.0,9.0,0.0,0.0
2025-09-26 08:00:00,6.0,3.0,19.0,0.0,1019.0,79.0,9.0,0.0,0.0
2025-09-26 09:00:00,10.0,4.0,21.0,0.0,1020.0,69.0,6.0,0.0,0.0
2025-09-26 10:00:00,9.0,4.0,22.0,0.0,1020.0,63.0,5.0,0.0,0.0
2025-09-26 11:00:00,7.0,3.0,22.0,0.0,1020.0,64.0,9.0,0.0,0.0
2025-09-26 12:00:00,4.0,2.0,19.0,0.1,1020.0,81.0,7.0,0.0,0.0
2025-09-26 13:00:00,6.0,3.0,20.0,0.1,1020.0,80.0,6.0,0.0,0.0
2025-09-26 14:00:00,6.0,3.0,20.0,0.0,1020.0,76.0,6.0,0.0,0.0
2025-09-26 15:00:00,5.0,3.0,20.0,0.0,1020.0,72.0,6.0,0.0,0.0
2025-09-26 16:00:00,6.0,3.0,20.0,0.0,1020.0,72.0,6.0,0.0,0.0
2025-09-26 17:00:00,3.0,2.0,18.0,0.0,1020.0,79.0,8.0,0.0,0.0
2025-09-26 18:00:00,4.0,2.0,17.0,0.0,1020.0,86.0,5.0,0.0,0.0
2025-09-26 19:00:00,4.0,2.0,18.0,0.0,1020.0,80.0,5.0,0.0,0.0
2025-09-26 20:00:00,4.0,2.0,17.0,0.0,1020.0,81.0,6.0,0.0,0.0
2025-09-26 21:00:00,7.0,4.0,16.0,0.0,1021.0,79.0,7.0,0.0,0.0
2025-09-26 22:00:00,6.0,4.0,16.0,0.0,1021.0,77.0,7.0,0.0,0.0
2025-09-26 23:00:00,8.0,4.0,16.0,0.0,1021.0,77.0,6.0,0.0,0.0
2025-09-27 00:00:00,6.0,3.0,16.0,0.0,1020.0,78.0,6.0,0.0,0.0
2025-09-27 01:00:00,6.0,3.0,16.0,0.0,1020.0,77.0,6.0,0.0,0.0
2025-09-27 02:00:00,5.0,3.0,16.0,0.0,1020.0,77.0,6.0,0.0,0.0
2025-09-27 03:00:00,5.0,2.0,16.0,0.0,1020.0,78.0,6.0,0.0,0.0
2025-09-27 04:00:00,5.0,3.0,16.0,0.0,1020.0,75.0,5.0,0.0,0.0
2025-09-27 05:00:00,5.0,2.0,16.0,0.0,1020.0,75.0,5.0,0.0,0.0
2025-09-27 06:00:00,5.0,3.0,16.0,0.0,1020.0,76.0,4.0,0.0,0.0
2025-09-27 07:00:00,5.0,3.0,19.0,0.0,1020.0,65.0,9.0,0.0,0.0
2025-09-27 08:00:00,5.0,3.0,20.0,0.0,1020.0,59.0,9.0,0.0,0.0
2025-09-27 09:00:00,7.0,4.0,22.0,0.0,1020.0,56.0,10.0,0.0,0.0
2025-09-27 10:00:00,6.0,4.0,23.0,0.0,1020.0,52.0,8.0,0.0,0.0
2025-09-27 11:00:00,6.0,3.0,24.0,0.0,1020.0,51.0,6.0,0.0,0.0
2025-09-27 12:00:00,5.0,3.0,24.0,0.0,1019.0,50.0,7.0,0.0,0.0
2025-09-27 13:00:00,5.0,3.0,22.0,0.0,1019.0,55.0,13.0,0.0,0.0
2025-09-27 14:00:00,7.0,3.0,19.0,0.3,1018.0,74.0,12.0,0.0,0.0
2025-09-27 15:00:00,6.0,3.0,20.0,0.0,1018.0,70.0,7.0,0.0,0.0
2025-09-27 16:00:00,7.0,4.0,20.0,0.0,1018.0,81.0,1.0,0.0,0.0
2025-09-27 17:00:00,8.0,5.0,20.0,0.0,1018.0,81.0,4.0,0.0,0.0
2025-09-27 18:00:00,8.0,6.0,18.0,0.0,1018.0,77.0,9.0,0.0,0.0
2025-09-27 19:00:00,9.0,7.0,18.0,0.0,1018.0,72.0,11.0,0.0,0.0
2025-09-27 20:00:00,10.0,7.0,18.0,0.0,1018.0,71.0,13.0,0.0,0.0
2025-09-27 21:00:00,12.0,9.0,18.0,0.0,1018.0,70.0,11.0,0.0,0.0
2025-09-27 22:00:00,12.0,9.0,18.0,0.0,1019.0,69.0,10.0,0.0,0.0
2025-09-27 23:00:00,15.0,10.0,17.0,0.0,1018.0,69.0,6.0,0.0,0.0
2025-09-28 00:00:00,14.0,10.0,17.0,0.0,1018.0,68.0,3.0,0.0,0.0
2025-09-28 01:00:00,13.0,9.0,17.0,0.0,1018.0,70.0,6.0,0.0,0.0
2025-09-28 02:00:00,13.0,10.0,16.0,0.0,1018.0,71.0,6.0,0.0,0.0
2025-09-28 03:00:00,13.0,10.0,16.0,0.0,1018.0,72.0,7.0,0.0,0.0
2025-09-28 04:00:00,16.0,12.0,16.0,0.0,1017.0,72.0,9.0,0.0,0.0
2025-09-28 05:00:00,18.0,13.0,16.0,0.0,1017.0,72.0,12.0,0.0,0.0
2025-09-28 06:00:00,18.0,13.0,16.0,0.0,1018.0,71.0,13.0,0.0,0.0
2025-09-28 07:00:00,16.0,11.0,18.0,0.0,1018.0,62.0,10.0,0.0,0.0
2025-09-28 08:00:00,13.0,9.0,20.0,0.0,1018.0,60.0,9.0,0.0,0.0
2025-09-28 09:00:00,12.0,8.0,21.0,0.0,1018.0,55.0,10.0,0.0,0.0
2025-09-28 10:00:00,13.0,9.0,22.0,0.0,1018.0,51.0,14.0,0.0,0.0
2025-09-28 11:00:00,15.0,11.0,22.0,0.0,1017.0,47.0,18.0,0.0,0.0
2025-09-28 12:00:00,16.0,11.0,23.0,0.0,1017.0,45.0,25.0,0.0,0.0
2025-09-28 13:00:00,15.0,10.0,23.0,0.0,1017.0,44.0,27.0,0.0,0.0
2025-09-28 14:00:00,13.0,9.0,22.0,0.0,1016.0,46.0,29.0,0.0,0.0
2025-09-28 15:00:00,13.0,8.0,21.0,0.0,1016.0,48.0,26.0,0.0,0.0
2025-09-28 16:00:00,12.0,7.0,20.0,0.0,1016.0,50.0,21.0,0.0,0.0
2025-09-28 17:00:00,12.0,7.0,19.0,0.0,1017.0,51.0,15.0,0.0,0.0
2025-09-28 18:00:00,11.0,6.0,19.0,0.0,1017.0,51.0,14.0,0.0,0.0
2025-09-28 19:00:00,11.0,6.0,18.0,0.0,1017.0,59.0,12.0,0.0,0.0
2025-09-28 20:00:00,12.0,6.0,18.0,0.0,1017.0,61.0,12.0,0.0,0.0
2025-09-28 21:00:00,13.0,6.0,17.0,0.0,1018.0,63.0,11.0,0.0,0.0
2025-09-28 22:00:00,12.0,6.0,17.0,0.0,1018.0,65.0,10.0,0.0,0.0
2025-09-28 23:00:00,12.0,6.0,16.0,0.0,1018.0,67.0,8.0,0.0,0.0
2025-09-29 00:00:00,11.0,6.0,16.0,0.0,1018.0,69.0,8.0,0.0,0.0
2025-09-29 01:00:00,10.0,6.0,16.0,0.0,1018.0,70.0,8.0,0.0,0.0
2025-09-29 02:00:00,10.0,6.0,16.0,0.0,1018.0,70.0,7.0,0.0,0.0
2025-09-29 03:00:00,11.0,6.0,16.0,0.0,1017.0,70.0,8.0,0.0,0.0
2025-09-29 04:00:00,11.0,6.0,16.0,0.0,1017.0,71.0,7.0,0.0,0.0
2025-09-29 05:00:00,11.0,6.0,16.0,0.0,1018.0,71.0,7.0,0.0,0.0
2025-09-29 06:00:00,12.0,6.0,16.0,0.0,1018.0,72.0,6.0,0.0,0.0
2025-09-29 07:00:00,13.0,7.0,15.0,0.0,1018.0,74.0,9.0,0.0,0.0
2025-09-29 08:00:00,14.0,8.0,18.0,0.0,1018.0,62.0,9.0,0.0,0.0
2025-09-29 09:00:00,13.0,7.0,20.0,0.0,1018.0,56.0,10.0,0.0,0.0
2025-09-29 10:00:00,15.0,8.0,21.0,0.0,1018.0,49.0,11.0,0.0,0.0
2025-09-29 11:00:00,16.0,8.0,22.0,0.0,1018.0,44.0,11.0,0.0,0.0
2025-09-29 12:00:00,13.0,7.0,23.0,0.0,1018.0,41.0,10.0,0.0,0.0
2025-09-29 13:00:00,11.0,6.0,23.0,0.0,1018.0,40.0,7.0,0.0,0.0
2025-09-29 14:00:00,10.0,6.0,23.0,0.0,1018.0,39.0,6.0,0.0,0.0
2025-09-29 15:00:00,10.0,6.0,22.0,0.0,1018.0,40.0,8.0,0.0,0.0
2025-09-29 16:00:00,10.0,6.0,22.0,0.0,1018.0,46.0,3.0,0.0,0.0
2025-09-29 17:00:00,10.0,6.0,20.0,0.0,1019.0,50.0,11.0,0.0,0.0
2025-09-29 18:00:00,11.0,6.0,18.0,0.0,1019.0,54.0,10.0,0.0,0.0
2025-09-29 19:00:00,13.0,6.0,18.0,0.0,1019.0,58.0,6.0,0.0,0.0
2025-09-29 20:00:00,15.0,8.0,17.0,0.0,1020.0,58.0,6.0,0.0,0.0
2025-09-29 21:00:00,14.0,9.0,17.0,0.0,1020.0,59.0,8.0,0.0,0.0
2025-09-29 22:00:00,10.0,7.0,17.0,0.0,1020.0,59.0,9.0,0.0,0.0
2025-09-29 23:00:00,10.0,7.0,17.0,0.0,1020.0,57.0,8.0,0.0,0.0
2025-09-30 00:00:00,11.0,7.0,17.0,0.0,1020.0,57.0,8.0,0.0,0.0
2025-09-30 01:00:00,10.0,7.0,16.0,0.0,1020.0,57.0,14.0,0.0,0.0
2025-09-30 02:00:00,10.0,7.0,16.0,0.0,1020.0,62.0,17.0,0.0,0.0
2025-09-30 03:00:00,9.0,6.0,16.0,0.0,1020.0,68.0,13.0,0.0,0.0
2025-09-30 04:00:00,9.0,6.0,14.0,0.3,1020.0,82.0,13.0,0.0,0.0
2025-09-30 05:00:00,9.0,6.0,14.0,0.0,1020.0,82.0,10.0,0.0,0.0
2025-09-30 06:00:00,10.0,6.0,14.0,0.0,1020.0,82.0,13.0,0.0,0.0
2025-09-30 07:00:00,9.0,6.0,14.0,0.1,1021.0,90.0,11.0,0.0,0.0
2025-09-30 08:00:00,8.0,6.0,15.0,0.0,1021.0,88.0,10.0,0.0,0.0
2025-09-30 09:00:00,9.0,6.0,16.0,0.0,1021.0,84.0,11.0,0.0,0.0
2025-09-30 10:00:00,7.0,5.0,16.0,0.0,1021.0,79.0,12.0,0.0,0.0
2025-09-30 11:00:00,7.0,4.0,17.0,0.0,1021.0,76.0,10.0,0.0,0.0
2025-09-30 12:00:00,10.0,4.0,17.0,0.0,1021.0,74.0,10.0,0.0,0.0
2025-09-30 13:00:00,6.0,3.0,16.0,0.2,1021.0,83.0,9.0,0.0,0.0
2025-09-30 14:00:00,6.0,3.0,16.0,0.4,1021.0,90.0,10.0,0.0,0.0
2025-09-30 15:00:00,4.0,3.0,16.0,0.2,1020.0,89.0,10.0,0.0,0.0
2025-09-30 16:00:00,6.0,4.0,16.0,0.0,1020.0,86.0,8.0,0.0,0.0
2025-09-30 17:00:00,5.0,3.0,15.0,0.0,1021.0,92.0,8.0,0.0,0.0
2025-09-30 18:00:00,5.0,3.0,14.0,0.0,1021.0,94.0,7.0,0.0,0.0
2025-09-30 19:00:00,5.0,3.0,15.0,0.0,1021.0,81.0,8.0,0.0,0.0
2025-09-30 20:00:00,5.0,3.0,15.0,0.0,1021.0,76.0,10.0,0.0,0.0
2025-09-30 21:00:00,5.0,3.0,14.0,0.0,1021.0,75.0,8.0,0.0,0.0
2025-09-30 22:00:00,5.0,4.0,14.0,0.0,1021.0,74.0,7.0,0.0,0.0
2025-09-30 23:00:00,6.0,4.0,14.0,0.0,1021.0,74.0,8.0,0.0,0.0
2025-10-01 00:00:00,5.0,4.0,14.0,0.0,1021.0,73.0,9.0,0.0,0.0
2025-10-01 01:00:00,6.0,4.0,14.0,0.0,1020.0,74.0,12.0,0.0,0.0
2025-10-01 02:00:00,6.0,4.0,13.0,0.0,1020.0,74.0,12.0,0.0,0.0
2025-10-01 03:00:00,6.0,4.0,13.0,0.0,1020.0,74.0,12.0,0.0,0.0
2025-10-01 04:00:00,5.0,3.0,13.0,0.0,1020.0,72.0,12.0,0.0,0.0
2025-10-01 05:00:00,5.0,3.0,13.0,0.0,1020.0,70.0,12.0,0.0,0.0
2025-10-01 06:00:00,5.0,3.0,13.0,0.0,1021.0,70.0,15.0,0.0,0.0
2025-10-01 07:00:00,7.0,5.0,14.0,0.0,1021.0,52.0,13.0,0.0,0.0
2025-10-01 08:00:00,7.0,4.0,15.0,0.0,1022.0,51.0,15.0,0.0,0.0
2025-10-01 09:00:00,8.0,5.0,16.0,0.0,1022.0,49.0,17.0,0.0,0.0
2025-10-01 10:00:00,8.0,4.0,16.0,0.0,1022.0,48.0,19.0,0.0,0.0
2025-10-01 11:00:00,8.0,4.0,17.0,0.0,1023.0,48.0,22.0,0.0,0.0
2025-10-01 12:00:00,8.0,3.0,17.0,0.0,1023.0,46.0,26.0,0.0,0.0
2025-10-01 13:00:00,7.0,3.0,16.0,0.0,1023.0,44.0,25.0,0.0,0.0
2025-10-01 14:00:00,7.0,3.0,16.0,0.0,1023.0,46.0,25.0,0.0,0.0
2025-10-01 15:00:00,7.0,3.0,16.0,0.0,1022.0,54.0,24.0,0.0,0.0
2025-10-01 16:00:00,8.0,3.0,15.0,0.0,1022.0,53.0,24.0,0.0,0.0
2025-10-01 17:00:00,4.0,2.0,14.0,0.0,1023.0,56.0,24.0,0.0,0.0
2025-10-01 18:00:00,4.0,2.0,13.0,0.0,1023.0,58.0,24.0,0.0,0.0
2025-10-01 19:00:00,5.0,3.0,14.0,0.0,1024.0,58.0,16.0,0.0,0.0
2025-10-01 20:00:00,5.0,3.0,13.0,0.0,1024.0,59.0,16.0,0.0,0.0
2025-10-01 21:00:00,4.0,3.0,13.0,0.0,1024.0,59.0,17.0,0.0,0.0
2025-10-01 22:00:00,5.0,4.0,13.0,0.0,1024.0,62.0,16.0,0.0,0.0
2025-10-01 23:00:00,5.0,4.0,13.0,0.0,1024.0,63.0,15.0,0.0,0.0
2025-10-02 00:00:00,5.0,4.0,12.0,0.0,1024.0,63.0,16.0,0.0,0.0
2025-10-02 01:00:00,6.0,4.0,12.0,0.0,1024.0,63.0,17.0,0.0,0.0
2025-10-02 02:00:00,7.0,4.0,12.0,0.0,1024.0,63.0,18.0,0.0,0.0
2025-10-02 03:00:00,5.0,4.0,12.0,0.0,1024.0,63.0,19.0,0.0,0.0
2025-10-02 04:00:00,4.0,3.0,12.0,0.0,1024.0,63.0,20.0,0.0,0.0
2025-10-02 05:00:00,3.0,2.0,12.0,0.0,1024.0,63.0,21.0,0.0,0.0
2025-10-02 06:00:00,3.0,2.0,12.0,0.0,1025.0,63.0,20.0,0.0,0.0
2025-10-02 07:00:00,4.0,2.0,13.0,0.0,1024.0,50.0,3.0,0.0,0.0
2025-10-02 08:00:00,5.0,3.0,15.0,0.0,1024.0,45.0,3.0,0.0,0.0
2025-10-02 09:00:00,7.0,4.0,16.0,0.0,1024.0,42.0,8.0,0.0,0.0
2025-10-02 10:00:00,7.0,4.0,17.0,0.0,1024.0,40.0,13.0,0.0,0.0
2025-10-02 11:00:00,8.0,4.0,18.0,0.0,1023.0,39.0,17.0,0.0,0.0
2025-10-02 12:00:00,6.0,4.0,18.0,0.0,1023.0,36.0,23.0,0.0,0.0
2025-10-02 13:00:00,7.0,4.0,18.0,0.0,1022.0,37.0,24.0,0.0,0.0
2025-10-02 14:00:00,6.0,4.0,18.0,0.0,1022.0,37.0,26.0,0.0,0.0
2025-10-02 15:00:00,7.0,4.0,17.0,0.0,1022.0,37.0,26.0,0.0,0.0
2025-10-02 16:00:00,8.0,3.0,16.0,0.0,1022.0,39.0,29.0,0.0,0.0
2025-10-02 17:00:00,7.0,3.0,15.0,0.0,1023.0,41.0,30.0,0.0,0.0
2025-10-02 18:00:00,7.0,3.0,14.0,0.0,1023.0,44.0,31.0,0.0,0.0
2025-10-02 19:00:00,7.0,3.0,14.0,0.0,1024.0,49.0,20.0,0.0,0.0
2025-10-02 20:00:00,10.0,5.0,13.0,0.0,1024.0,50.0,18.0,0.0,0.0
2025-10-02 21:00:00,10.0,6.0,12.0,0.0,1024.0,50.0,18.0,0.0,0.0
2025-10-02 22:00:00,11.0,6.0,12.0,0.0,1024.0,48.0,18.0,0.0,0.0
2025-10-02 23:00:00,10.0,6.0,12.0,0.0,1024.0,46.0,19.0,0.0,0.0
2025-10-03 00:00:00,10.0,7.0,12.0,0.0,1024.0,47.0,19.0,0.0,0.0
2025-10-03 01:00:00,9.0,6.0,11.0,0.0,1024.0,48.0,20.0,0.0,0.0
2025-10-03 02:00:00,9.0,6.0,11.0,0.0,1023.0,49.0,19.0,0.0,0.0
2025-10-03 03:00:00,9.0,6.0,11.0,0.0,1023.0,50.0,19.0,0.0,0.0
2025-10-03 04:00:00,9.0,7.0,11.0,0.0,1023.0,51.0,19.0,0.0,0.0
2025-10-03 05:00:00,9.0,7.0,11.0,0.0,1023.0,51.0,21.0,0.0,0.0
2025-10-03 06:00:00,9.0,6.0,11.0,0.0,1023.0,50.0,21.0,0.0,0.0
2025-10-03 07:00:00,10.0,7.0,12.0,0.0,1023.0,41.0,10.0,0.0,0.0
2025-10-03 08:00:00,14.0,7.0,14.0,0.0,1023.0,36.0,7.0,0.0,0.0
2025-10-03 09:00:00,13.0,7.0,16.0,0.0,1023.0,31.0,10.0,0.0,0.0
2025-10-03 10:00:00,10.0,6.0,18.0,0.0,1022.0,28.0,12.0,0.0,0.0
2025-10-03 11:00:00,9.0,6.0,18.0,0.0,1022.0,25.0,14.0,0.0,0.0
2025-10-03 12:00:00,8.0,5.0,18.0,0.0,1021.0,24.0,17.0,0.0,0.0
2025-10-03 13:00:00,7.0,4.0,18.0,0.0,1021.0,25.0,13.0,0.0,0.0
2025-10-03 14:00:00,7.0,3.0,18.0,0.0,1020.0,34.0,12.0,0.0,0.0
2025-10-03 15:00:00,7.0,3.0,17.0,0.0,1020.0,43.0,10.0,0.0,0.0
2025-10-03 16:00:00,6.0,4.0,16.0,0.0,1020.0,45.0,8.0,0.0,0.0
2025-10-03 17:00:00,6.0,4.0,15.0,0.0,1020.0,43.0,8.0,0.0,0.0
2025-10-03 18:00:00,6.0,4.0,13.0,0.0,1020.0,37.0,11.0,0.0,0.0
2025-10-03 19:00:00,6.0,4.0,14.0,0.0,1021.0,35.0,9.0,0.0,0.0
2025-10-03 20:00:00,8.0,5.0,13.0,0.0,1021.0,38.0,9.0,0.0,0.0
2025-10-03 21:00:00,7.0,5.0,12.0,0.0,1021.0,40.0,10.0,0.0,0.0
2025-10-03 22:00:00,6.0,4.0,11.0,0.0,1021.0,44.0,8.0,0.0,0.0
2025-10-03 23:00:00,6.0,4.0,11.0,0.0,1021.0,44.0,8.0,0.0,0.0
2025-10-04 00:00:00,6.0,4.0,11.0,0.0,1020.0,44.0,7.0,0.0,0.0
2025-10-04 01:00:00,6.0,4.0,10.0,0.0,1020.0,46.0,7.0,0.0,0.0
2025-10-04 02:00:00,5.0,4.0,10.0,0.0,1019.0,48.0,7.0,0.0,0.0
2025-10-04 03:00:00,5.0,4.0,10.0,0.0,1019.0,51.0,7.0,0.0,0.0
2025-10-04 04:00:00,5.0,3.0,10.0,0.0,1019.0,54.0,7.0,0.0,0.0
2025-10-04 05:00:00,6.0,4.0,10.0,0.0,1018.0,57.0,7.0,0.0,0.0
2025-10-04 06:00:00,6.0,4.0,10.0,0.0,1019.0,61.0,6.0,0.0,0.0
2025-10-04 07:00:00,7.0,5.0,11.0,0.0,1018.0,64.0,7.0,0.0,0.0
2025-10-04 08:00:00,8.0,5.0,14.0,0.0,1018.0,57.0,8.0,0.0,0.0
2025-10-04 09:00:00,8.0,5.0,17.0,0.0,1017.0,51.0,5.0,0.0,0.0
2025-10-04 10:00:00,11.0,6.0,18.0,0.0,1017.0,52.0,1.0,0.0,0.0
2025-10-04 11:00:00,14.0,7.0,19.0,0.0,1016.0,54.0,2.0,0.0,0.0
2025-10-04 12:00:00,11.0,6.0,19.0,0.0,1016.0,54.0,4.0,0.0,0.0
2025-10-04 13:00:00,10.0,5.0,20.0,0.0,1015.0,54.0,14.0,0.0,0.0
2025-10-04 14:00:00,11.0,6.0,19.0,0.0,1014.0,54.0,16.0,0.0,0.0
2025-10-04 15:00:00,11.0,6.0,18.0,0.0,1013.0,53.0,12.0,0.0,0.0
2025-10-04 16:00:00,12.0,7.0,18.0,0.0,1012.0,53.0,12.0,0.0,0.0
2025-10-04 17:00:00,13.0,7.0,16.0,0.0,1012.0,63.0,6.0,0.0,0.0
2025-10-04 18:00:00,10.0,6.0,15.0,0.0,1012.0,66.0,7.0,0.0,0.0
2025-10-04 19:00:00,10.0,6.0,15.0,0.0,1011.0,71.0,9.0,0.0,0.0
2025-10-04 20:00:00,12.0,7.0,15.0,0.0,1011.0,68.0,8.0,0.0,0.0
2025-10-04 21:00:00,15.0,12.0,16.0,0.0,1011.0,66.0,8.0,0.0,0.0
2025-10-04 22:00:00,9.0,6.0,16.0,0.0,1010.0,69.0,6.0,0.0,0.0
2025-10-04 23:00:00,7.0,5.0,17.0,0.0,1010.0,67.0,5.0,0.0,0.0
2025-10-05 00:00:00,7.0,4.0,17.0,0.2,1009.0,80.0,9.0,0.0,0.0
2025-10-05 01:00:00,7.0,4.0,16.0,1.9,1008.0,90.0,11.0,0.0,0.0
2025-10-05 02:00:00,8.0,4.0,17.0,3.4,1008.0,90.0,10.0,0.0,0.0
2025-10-05 03:00:00,9.0,5.0,16.0,3.3,1007.0,89.0,16.0,0.0,0.0
2025-10-05 04:00:00,8.0,5.0,16.0,3.4,1006.0,89.0,18.0,0.0,0.0
2025-10-05 05:00:00,7.0,4.0,16.0,10.1,1006.0,87.0,27.0,0.0,0.0
2025-10-05 06:00:00,6.0,4.0,12.0,14.4,1007.0,83.0,40.0,0.0,0.0
2025-10-05 07:00:00,8.0,7.0,8.0,8.9,1008.0,80.0,26.0,0.0,0.0
2025-10-05 08:00:00,3.0,2.0,6.0,3.4,1012.0,80.0,30.0,0.0,0.0
2025-10-05 09:00:00,3.0,2.0,6.0,1.5,1014.0,79.0,29.0,0.0,0.0
2025-10-05 10:00:00,8.0,2.0,7.0,3.5,1014.0,81.0,32.0,0.0,0.0
2025-10-05 11:00:00,3.0,2.0,8.0,3.8,1014.0,81.0,34.0,0.0,0.0
2025-10-05 12:00:00,3.0,2.0,9.0,4.0,1013.0,82.0,39.0,0.0,0.0
2025-10-05 13:00:00,2.0,2.0,10.0,0.4,1013.0,79.0,35.0,0.0,0.0
2025-10-05 14:00:00,2.0,2.0,12.0,0.0,1013.0,73.0,22.0,0.0,0.0
2025-10-05 15:00:00,2.0,2.0,12.0,0.0,1014.0,72.0,22.0,0.0,0.0
2025-10-05 16:00:00,2.0,2.0,12.0,0.0,1014.0,73.0,19.0,0.0,0.0
2025-10-05 17:00:00,2.0,2.0,11.0,0.0,1015.0,75.0,15.0,0.0,0.0
2025-10-05 18:00:00,2.0,2.0,10.0,0.0,1016.0,78.0,12.0,0.0,0.0
2025-10-05 19:00:00,2.0,2.0,11.0,0.0,1016.0,74.0,10.0,0.0,0.0
2025-10-05 20:00:00,2.0,2.0,11.0,0.0,1017.0,76.0,6.0,0.0,0.0
2025-10-05 21:00:00,2.0,2.0,10.0,0.0,1017.0,78.0,8.0,0.0,0.0
2025-10-05 22:00:00,2.0,2.0,10.0,0.0,1017.0,81.0,8.0,0.0,0.0
2025-10-05 23:00:00,2.0,2.0,10.0,0.0,1017.0,79.0,6.0,0.0,0.0
2025-10-06 00:00:00,2.0,2.0,10.0,0.0,1017.0,79.0,6.0,0.0,0.0
2025-10-06 01:00:00,2.0,2.0,10.0,0.0,1017.0,77.0,7.0,0.0,0.0
2025-10-06 02:00:00,2.0,2.0,10.0,0.0,1017.0,77.0,7.0,0.0,0.0
2025-10-06 03:00:00,2.0,2.0,10.0,0.0,1018.0,79.0,7.0,0.0,0.0
2025-10-06 04:00:00,2.0,2.0,10.0,0.0,1018.0,82.0,7.0,0.0,0.0
2025-10-06 05:00:00,2.0,2.0,10.0,0.0,1018.0,82.0,7.0,0.0,0.0
2025-10-06 06:00:00,2.0,2.0,10.0,0.0,1019.0,81.0,7.0,0.0,0.0
2025-10-06 07:00:00,2.0,2.0,10.0,0.0,1019.0,89.0,5.0,0.0,0.0
2025-10-06 08:00:00,3.0,2.0,12.0,0.0,1019.0,83.0,6.0,0.0,0.0
2025-10-06 09:00:00,5.0,2.0,13.0,0.0,1020.0,69.0,3.0,0.0,0.0
2025-10-06 10:00:00,7.0,3.0,15.0,0.0,1020.0,61.0,3.0,0.0,0.0
2025-10-06 11:00:00,5.0,2.0,16.0,0.0,1020.0,59.0,3.0,0.0,0.0
2025-10-06 12:00:00,8.0,3.0,16.0,0.0,1020.0,56.0,3.0,0.0,0.0
2025-10-06 13:00:00,5.0,2.0,16.0,0.0,1020.0,54.0,2.0,0.0,0.0
2025-10-06 14:00:00,4.0,2.0,16.0,0.0,1020.0,53.0,2.0,0.0,0.0
2025-10-06 15:00:00,5.0,3.0,16.0,0.0,1020.0,56.0,3.0,0.0,0.0
2025-10-06 16:00:00,5.0,3.0,16.0,0.0,1020.0,75.0,1.0,0.0,0.0
2025-10-06 17:00:00,5.0,3.0,14.0,0.0,1020.0,73.0,1.0,0.0,0.0
2025-10-06 18:00:00,5.0,3.0,12.0,0.0,1021.0,79.0,3.0,0.0,0.0
2025-10-06 19:00:00,4.0,2.0,14.0,0.0,1021.0,70.0,6.0,0.0,0.0
2025-10-06 20:00:00,6.0,4.0,13.0,0.0,1021.0,72.0,6.0,0.0,0.0
2025-10-06 21:00:00,6.0,3.0,12.0,0.0,1022.0,75.0,7.0,0.0,0.0
2025-10-06 22:00:00,5.0,3.0,12.0,0.0,1022.0,76.0,8.0,0.0,0.0
2025-10-06 23:00:00,5.0,3.0,12.0,0.0,1022.0,74.0,8.0,0.0,0.0
2025-10-07 00:00:00,4.0,3.0,12.0,0.0,1021.0,77.0,6.0,0.0,0.0
2025-10-07 01:00:00,4.0,2.0,11.0,0.0,1021.0,79.0,6.0,0.0,0.0
2025-10-07 02:00:00,4.0,2.0,11.0,0.0,1021.0,79.0,6.0,0.0,0.0
2025-10-07 03:00:00,4.0,2.0,12.0,0.0,1021.0,77.0,5.0,0.0,0.0
2025-10-07 04:00:00,4.0,2.0,12.0,0.0,1021.0,75.0,6.0,0.0,0.0
2025-10-07 05:00:00,4.0,3.0,12.0,0.0,1021.0,72.0,7.0,0.0,0.0
2025-10-07 06:00:00,4.0,3.0,11.0,0.0,1021.0,73.0,8.0,0.0,0.0
2025-10-07 07:00:00,5.0,3.0,12.0,0.0,1022.0,91.0,8.0,0.0,0.0
2025-10-07 08:00:00,7.0,4.0,15.0,0.0,1022.0,83.0,8.0,0.0,0.0
2025-10-07 09:00:00,11.0,4.0,17.0,0.0,1022.0,69.0,7.0,0.0,0.0
2025-10-07 10:00:00,12.0,4.0,19.0,0.0,1023.0,71.0,6.0,0.0,0.0
2025-10-07 11:00:00,7.0,3.0,20.0,0.0,1022.0,70.0,3.0,0.0,0.0
2025-10-07 12:00:00,5.0,3.0,20.0,0.0,1022.0,70.0,4.0,0.0,0.0
2025-10-07 13:00:00,5.0,3.0,20.0,0.0,1022.0,67.0,5.0,0.0,0.0
2025-10-07 14:00:00,4.0,2.0,19.0,0.0,1022.0,64.0,5.0,0.0,0.0
2025-10-07 15:00:00,4.0,2.0,19.0,0.0,1022.0,63.0,5.0,0.0,0.0
2025-10-07 16:00:00,3.0,2.0,18.0,0.0,1022.0,76.0,4.0,0.0,0.0
2025-10-07 17:00:00,2.0,2.0,16.0,0.0,1022.0,74.0,3.0,0.0,0.0
2025-10-07 18:00:00,4.0,2.0,15.0,0.0,1023.0,74.0,4.0,0.0,0.0
2025-10-07 19:00:00,7.0,4.0,16.0,0.0,1023.0,73.0,4.0,0.0,0.0
2025-10-07 20:00:00,8.0,5.0,16.0,0.0,1023.0,73.0,5.0,0.0,0.0
2025-10-07 21:00:00,9.0,5.0,16.0,0.0,1023.0,74.0,6.0,0.0,0.0
2025-10-07 22:00:00,9.0,5.0,15.0,0.0,1023.0,73.0,6.0,0.0,0.0
2025-10-07 23:00:00,6.0,3.0,15.0,0.0,1023.0,72.0,6.0,0.0,0.0
2025-10-08 00:00:00,5.0,3.0,15.0,0.0,1022.0,72.0,6.0,0.0,0.0
2025-10-08 01:00:00,5.0,2.0,14.0,0.0,1022.0,73.0,9.0,0.0,0.0
2025-10-08 02:00:00,3.0,2.0,13.0,0.0,1022.0,74.0,9.0,0.0,0.0
2025-10-08 03:00:00,2.0,2.0,13.0,0.0,1022.0,74.0,7.0,0.0,0.0
2025-10-08 04:00:00,2.0,2.0,13.0,0.0,1021.0,72.0,8.0,0.0,0.0
2025-10-08 05:00:00,2.0,2.0,13.0,0.0,1021.0,71.0,7.0,0.0,0.0
2025-10-08 06:00:00,2.0,2.0,12.0,0.0,1022.0,72.0,7.0,0.0,0.0
2025-10-08 07:00:00,2.0,2.0,12.0,0.0,1022.0,76.0,8.0,0.0,0.0
2025-10-08 08:00:00,3.0,2.0,15.0,0.0,1022.0,65.0,8.0,0.0,0.0
2025-10-08 09:00:00,5.0,2.0,17.0,0.0,1022.0,59.0,6.0,0.0,0.0
2025-10-08 10:00:00,13.0,5.0,18.0,0.0,1022.0,58.0,4.0,0.0,0.0
2025-10-08 11:00:00,9.0,3.0,19.0,0.0,1022.0,58.0,3.0,0.0,0.0
2025-10-08 12:00:00,4.0,2.0,20.0,0.0,1021.0,56.0,6.0,0.0,0.0
2025-10-08 13:00:00,4.0,2.0,20.0,0.0,1020.0,56.0,10.0,0.0,0.0
2025-10-08 14:00:00,3.0,2.0,20.0,0.0,1020.0,56.0,13.0,0.0,0.0
2025-10-08 15:00:00,3.0,2.0,19.0,0.0,1020.0,56.0,10.0,0.0,0.0
2025-10-08 16:00:00,3.0,2.0,18.0,0.0,1020.0,67.0,6.0,0.0,0.0
2025-10-08 17:00:00,4.0,2.0,16.0,0.0,1020.0,70.0,1.0,0.0,0.0
2025-10-08 18:00:00,4.0,2.0,15.0,0.0,1020.0,70.0,1.0,0.0,0.0
2025-10-08 19:00:00,6.0,4.0,16.0,0.0,1020.0,68.0,5.0,0.0,0.0
2025-10-08 20:00:00,5.0,3.0,16.0,0.0,1020.0,69.0,7.0,0.0,0.0
2025-10-08 21:00:00,6.0,4.0,15.0,0.0,1020.0,74.0,8.0,0.0,0.0
2025-10-08 22:00:00,5.0,3.0,15.0,0.0,1020.0,75.0,6.0,0.0,0.0
2025-10-08 23:00:00,5.0,3.0,15.0,0.0,1020.0,76.0,6.0,0.0,0.0
2025-10-09 00:00:00,4.0,3.0,15.0,0.0,1020.0,75.0,7.0,0.0,0.0
2025-10-09 01:00:00,4.0,3.0,15.0,0.0,1020.0,75.0,5.0,0.0,0.0
2025-10-09 02:00:00,4.0,3.0,14.0,0.0,1020.0,76.0,5.0,0.0,0.0
2025-10-09 03:00:00,4.0,3.0,14.0,0.0,1019.0,75.0,5.0,0.0,0.0
2025-10-09 04:00:00,5.0,3.0,14.0,0.0,1019.0,74.0,5.0,0.0,0.0
2025-10-09 05:00:00,4.0,3.0,14.0,0.0,1019.0,76.0,5.0,0.0,0.0
2025-10-09 06:00:00,4.0,3.0,15.0,0.0,1019.0,77.0,4.0,0.0,0.0
2025-10-09 07:00:00,4.0,3.0,15.0,0.0,1020.0,71.0,3.0,0.0,0.0
2025-10-09 08:00:00,5.0,3.0,16.0,0.0,1020.0,64.0,3.0,0.0,0.0
2025-10-09 09:00:00,7.0,4.0,17.0,0.0,1020.0,61.0,2.0,0.0,0.0
2025-10-09 10:00:00,10.0,5.0,18.0,0.0,1021.0,58.0,2.0,0.0,0.0
2025-10-09 11:00:00,9.0,4.0,19.0,0.0,1020.0,59.0,3.0,0.0,0.0
2025-10-09 12:00:00,6.0,4.0,18.0,0.0,1020.0,62.0,5.0,0.0,0.0
2025-10-09 13:00:00,10.0,7.0,18.0,0.0,1020.0,64.0,7.0,0.0,0.0
2025-10-09 14:00:00,13.0,10.0,18.0,0.0,1020.0,61.0,2.0,0.0,0.0
2025-10-09 15:00:00,14.0,11.0,18.0,0.0,1020.0,64.0,5.0,0.0,0.0
2025-10-09 16:00:00,13.0,10.0,18.0,0.0,1021.0,76.0,3.0,0.0,0.0
2025-10-09 17:00:00,13.0,9.0,17.0,0.0,1021.0,77.0,2.0,0.0,0.0
2025-10-09 18:00:00,12.0,9.0,16.0,0.0,1021.0,78.0,2.0,0.0,0.0
2025-10-09 19:00:00,15.0,12.0,17.0,0.0,1022.0,80.0,3.0,0.0,0.0
2025-10-09 20:00:00,16.0,13.0,17.0,0.0,1022.0,79.0,3.0,0.0,0.0
2025-10-09 21:00:00,16.0,12.0,17.0,0.0,1022.0,78.0,2.0,0.0,0.0
2025-10-09 22:00:00,15.0,12.0,17.0,0.0,1023.0,77.0,4.0,0.0,0.0
2025-10-09 23:00:00,11.0,8.0,16.0,0.0,1024.0,77.0,4.0,0.0,0.0
2025-10-10 00:00:00,11.0,9.0,16.0,0.0,1024.0,78.0,4.0,0.0,0.0
2025-10-10 01:00:00,8.0,6.0,15.0,0.0,1024.0,78.0,4.0,0.0,0.0
2025-10-10 02:00:00,6.0,5.0,15.0,0.0,1024.0,78.0,4.0,0.0,0.0
2025-10-10 03:00:00,6.0,5.0,15.0,0.0,1024.0,78.0,4.0,0.0,0.0
2025-10-10 04:00:00,6.0,4.0,14.0,0.0,1024.0,78.0,4.0,0.0,0.0
2025-10-10 05:00:00,5.0,3.0,14.0,0.0,1025.0,78.0,5.0,0.0,0.0
2025-10-10 06:00:00,5.0,3.0,14.0,0.0,1025.0,78.0,5.0,0.0,0.0
2025-10-10 07:00:00,4.0,2.0,14.0,0.0,1026.0,85.0,5.0,0.0,0.0
2025-10-10 08:00:00,3.0,2.0,17.0,0.0,1026.0,78.0,7.0,0.0,0.0
2025-10-10 09:00:00,4.0,2.0,19.0,0.0,1027.0,72.0,4.0,0.0,0.0
2025-10-10 10:00:00,5.0,2.0,21.0,0.0,1027.0,69.0,1.0,0.0,0.0
2025-10-10 11:00:00,4.0,2.0,21.0,0.0,1027.0,69.0,4.0,0.0,0.0
2025-10-10 12:00:00,5.0,3.0,21.0,0.0,1027.0,65.0,5.0,0.0,0.0
2025-10-10 13:00:00,7.0,4.0,21.0,0.0,1026.0,63.0,5.0,0.0,0.0
2025-10-10 14:00:00,7.0,4.0,21.0,0.0,1026.0,62.0,6.0,0.0,0.0
2025-10-10 15:00:00,6.0,5.0,21.0,0.0,1026.0,63.0,4.0,0.0,0.0
2025-10-10 16:00:00,7.0,5.0,19.0,0.0,1026.0,72.0,1.0,0.0,0.0
2025-10-10 17:00:00,6.0,3.0,18.0,0.0,1026.0,81.0,2.0,0.0,0.0
2025-10-10 18:00:00,6.0,3.0,16.0,0.0,1027.0,85.0,3.0,0.0,0.0
2025-10-10 19:00:00,6.0,3.0,17.0,0.0,1027.0,81.0,4.0,0.0,0.0
2025-10-10 20:00:00,7.0,4.0,17.0,0.0,1027.0,79.0,6.0,0.0,0.0
2025-10-10 21:00:00,7.0,4.0,17.0,0.0,1028.0,77.0,6.0,0.0,0.0
2025-10-10 22:00:00,6.0,4.0,16.0,0.0,1028.0,77.0,6.0,0.0,0.0
2025-10-10 23:00:00,6.0,4.0,16.0,0.0,1028.0,78.0,7.0,0.0,0.0
2025-10-11 00:00:00,7.0,5.0,16.0,0.0,1028.0,80.0,8.0,0.0,0.0
2025-10-11 01:00:00,6.0,5.0,15.0,0.0,1028.0,84.0,7.0,0.0,0.0
2025-10-11 02:00:00,5.0,4.0,14.0,0.0,1028.0,86.0,7.0,0.0,0.0
2025-10-11 03:00:00,5.0,4.0,14.0,0.0,1028.0,84.0,6.0,0.0,0.0
2025-10-11 04:00:00,6.0,4.0,14.0,0.0,1028.0,84.0,6.0,0.0,0.0
2025-10-11 05:00:00,6.0,4.0,14.0,0.0,1029.0,84.0,6.0,0.0,0.0
2025-10-11 06:00:00,5.0,4.0,14.0,0.0,1029.0,84.0,6.0,0.0,0.0
2025-10-11 07:00:00,4.0,3.0,15.0,0.0,1028.0,82.0,11.0,0.0,0.0
2025-10-11 08:00:00,4.0,3.0,17.0,0.0,1029.0,74.0,12.0,0.0,0.0
2025-10-11 09:00:00,6.0,3.0,19.0,0.0,1029.0,71.0,8.0,0.0,0.0
2025-10-11 10:00:00,5.0,3.0,20.0,0.0,1029.0,65.0,4.0,0.0,0.0
2025-10-11 11:00:00,8.0,4.0,21.0,0.0,1029.0,62.0,1.0,0.0,0.0
2025-10-11 12:00:00,6.0,4.0,21.0,0.0,1029.0,63.0,5.0,0.0,0.0
2025-10-11 13:00:00,6.0,4.0,21.0,0.0,1028.0,63.0,10.0,0.0,0.0
2025-10-11 14:00:00,5.0,3.0,20.0,0.0,1028.0,65.0,10.0,0.0,0.0
2025-10-11 15:00:00,5.0,3.0,20.0,0.0,1028.0,68.0,7.0,0.0,0.0
2025-10-11 16:00:00,7.0,3.0,19.0,0.0,1028.0,75.0,5.0,0.0,0.0
2025-10-11 17:00:00,6.0,4.0,18.0,0.0,1028.0,81.0,2.0,0.0,0.0
2025-10-11 18:00:00,6.0,4.0,16.0,0.0,1028.0,83.0,1.0,0.0,0.0
2025-10-11 19:00:00,6.0,4.0,17.0,0.0,1028.0,80.0,5.0,0.0,0.0
2025-10-11 20:00:00,8.0,6.0,17.0,0.0,1028.0,79.0,4.0,0.0,0.0
2025-10-11 21:00:00,10.0,7.0,16.0,0.0,1028.0,78.0,4.0,0.0,0.0
2025-10-11 22:00:00,8.0,6.0,16.0,0.0,1028.0,76.0,4.0,0.0,0.0
2025-10-11 23:00:00,6.0,5.0,16.0,0.0,1028.0,77.0,6.0,0.0,0.0
2025-10-12 00:00:00,7.0,5.0,14.0,0.0,1028.0,80.0,8.0,0.0,0.0
2025-10-12 01:00:00,8.0,6.0,14.0,0.0,1028.0,78.0,6.0,0.0,0.0
2025-10-12 02:00:00,6.0,5.0,14.0,0.0,1027.0,76.0,5.0,0.0,0.0
2025-10-12 03:00:00,6.0,5.0,14.0,0.0,1027.0,76.0,5.0,0.0,0.0
2025-10-12 04:00:00,6.0,4.0,14.0,0.0,1026.0,76.0,5.0,0.0,0.0
2025-10-12 05:00:00,6.0,5.0,14.0,0.0,1026.0,75.0,5.0,0.0,0.0
2025-10-12 06:00:00,6.0,5.0,13.0,0.0,1026.0,75.0,5.0,0.0,0.0
2025-10-12 07:00:00,6.0,5.0,14.0,0.0,1026.0,84.0,8.0,0.0,0.0
2025-10-12 08:00:00,6.0,5.0,16.0,0.0,1026.0,75.0,7.0,0.0,0.0
2025-10-12 09:00:00,6.0,5.0,19.0,0.0,1026.0,68.0,6.0,0.0,0.0
2025-10-12 10:00:00,8.0,5.0,20.0,0.0,1026.0,63.0,1.0,0.0,0.0
2025-10-12 11:00:00,8.0,5.0,21.0,0.0,1026.0,63.0,3.0,0.0,0.0
2025-10-12 12:00:00,7.0,5.0,21.0,0.0,1025.0,60.0,7.0,0.0,0.0
2025-10-12 13:00:00,8.0,5.0,20.0,0.0,1024.0,60.0,12.0,0.0,0.0
2025-10-12 14:00:00,8.0,5.0,20.0,0.0,1024.0,64.0,10.0,0.0,0.0
2025-10-12 15:00:00,7.0,5.0,20.0,0.0,1024.0,67.0,6.0,0.0,0.0
2025-10-12 16:00:00,6.0,4.0,19.0,0.0,1024.0,72.0,4.0,0.0,0.0
2025-10-12 17:00:00,7.0,5.0,17.0,0.0,1023.0,83.0,3.0,0.0,0.0
2025-10-12 18:00:00,8.0,6.0,16.0,0.0,1023.0,86.0,3.0,0.0,0.0
2025-10-12 19:00:00,9.0,7.0,16.0,0.0,1023.0,82.0,5.0,0.0,0.0
2025-10-12 20:00:00,9.0,7.0,16.0,0.0,1023.0,81.0,6.0,0.0,0.0
2025-10-12 21:00:00,8.0,6.0,16.0,0.0,1023.0,77.0,6.0,0.0,0.0
2025-10-12 22:00:00,8.0,6.0,15.0,0.0,1023.0,74.0,7.0,0.0,0.0
2025-10-12 23:00:00,7.0,5.0,14.0,0.0,1022.0,76.0,8.0,0.0,0.0
2025-10-13 00:00:00,8.0,6.0,14.0,0.0,1022.0,76.0,6.0,0.0,0.0
2025-10-13 01:00:00,7.0,6.0,14.0,0.0,1022.0,78.0,5.0,0.0,0.0
2025-10-13 02:00:00,7.0,6.0,14.0,0.0,1022.0,78.0,5.0,0.0,0.0
2025-10-13 03:00:00,7.0,6.0,14.0,0.0,1021.0,78.0,5.0,0.0,0.0
2025-10-13 04:00:00,7.0,6.0,14.0,0.0,1021.0,77.0,4.0,0.0,0.0
2025-10-13 05:00:00,8.0,6.0,14.0,0.0,1021.0,75.0,4.0,0.0,0.0
2025-10-13 06:00:00,8.0,6.0,14.0,0.0,1021.0,75.0,5.0,0.0,0.0
2025-10-13 07:00:00,7.0,6.0,15.0,0.0,1022.0,77.0,9.0,0.0,0.0
2025-10-13 08:00:00,7.0,5.0,17.0,0.0,1022.0,69.0,7.0,0.0,0.0
2025-10-13 09:00:00,8.0,5.0,20.0,0.0,1022.0,64.0,7.0,0.0,0.0
2025-10-13 10:00:00,7.0,5.0,21.0,0.0,1022.0,56.0,8.0,0.0,0.0
2025-10-13 11:00:00,7.0,5.0,22.0,0.0,1022.0,50.0,6.0,0.0,0.0
2025-10-13 12:00:00,6.0,5.0,22.0,0.0,1022.0,47.0,2.0,0.0,0.0
2025-10-13 13:00:00,7.0,5.0,22.0,0.0,1021.0,48.0,5.0,0.0,0.0
2025-10-13 14:00:00,7.0,5.0,22.0,0.0,1021.0,52.0,11.0,0.0,0.0
2025-10-13 15:00:00,9.0,5.0,20.0,0.0,1021.0,58.0,12.0,0.0,0.0
2025-10-13 16:00:00,9.0,6.0,19.0,0.0,1021.0,61.0,7.0,0.0,0.0
2025-10-13 17:00:00,9.0,6.0,17.0,0.0,1021.0,75.0,4.0,0.0,0.0
2025-10-13 18:00:00,9.0,6.0,16.0,0.0,1022.0,70.0,10.0,0.0,0.0
2025-10-13 19:00:00,11.0,7.0,16.0,0.0,1022.0,69.0,8.0,0.0,0.0
2025-10-13 20:00:00,11.0,7.0,16.0,0.0,1022.0,70.0,7.0,0.0,0.0
2025-10-13 21:00:00,7.0,5.0,15.0,0.0,1022.0,71.0,6.0,0.0,0.0
2025-10-13 22:00:00,7.0,5.0,15.0,0.0,1022.0,72.0,6.0,0.0,0.0
2025-10-13 23:00:00,6.0,4.0,14.0,0.0,1022.0,72.0,6.0,0.0,0.0
2025-10-14 00:00:00,5.0,4.0,14.0,0.0,1022.0,72.0,6.0,0.0,0.0
2025-10-14 01:00:00,4.0,3.0,14.0,0.0,1022.0,72.0,5.0,0.0,0.0
2025-10-14 02:00:00,4.0,3.0,14.0,0.0,1022.0,73.0,5.0,0.0,0.0
2025-10-14 03:00:00,3.0,3.0,13.0,0.0,1021.0,74.0,6.0,0.0,0.0
2025-10-14 04:00:00,3.0,3.0,13.0,0.0,1021.0,73.0,6.0,0.0,0.0
2025-10-14 05:00:00,4.0,3.0,13.0,0.0,1021.0,73.0,6.0,0.0,0.0
2025-10-14 06:00:00,4.0,3.0,13.0,0.0,1021.0,72.0,6.0,0.0,0.0
2025-10-14 07:00:00,4.0,3.0,12.0,0.0,1021.0,76.0,9.0,0.0,0.0
2025-10-14 08:00:00,4.0,3.0,15.0,0.0,1022.0,70.0,8.0,0.0,0.0
2025-10-14 09:00:00,4.0,3.0,17.0,0.0,1022.0,62.0,5.0,0.0,0.0
2025-10-14 10:00:00,11.0,5.0,18.0,0.0,1022.0,57.0,4.0,0.0,0.0
2025-10-14 11:00:00,10.0,4.0,19.0,0.0,1022.0,56.0,5.0,0.0,0.0
2025-10-14 12:00:00,9.0,3.0,19.0,0.0,1021.0,54.0,6.0,0.0,0.0
2025-10-14 13:00:00,8.0,3.0,20.0,0.0,1020.0,54.0,7.0,0.0,0.0
2025-10-14 14:00:00,6.0,3.0,20.0,0.0,1020.0,54.0,8.0,0.0,0.0
2025-10-14 15:00:00,6.0,3.0,19.0,0.0,1020.0,55.0,6.0,0.0,0.0
2025-10-14 16:00:00,6.0,3.0,18.0,0.0,1020.0,68.0,3.0,0.0,0.0
2025-10-14 17:00:00,6.0,4.0,16.0,0.0,1020.0,69.0,0.0,0.0,0.0
2025-10-14 18:00:00,6.0,4.0,15.0,0.0,1020.0,72.0,2.0,0.0,0.0
2025-10-14 19:00:00,7.0,5.0,16.0,0.0,1020.0,71.0,5.0,0.0,0.0
2025-10-14 20:00:00,10.0,8.0,16.0,0.0,1020.0,70.0,6.0,0.0,0.0
2025-10-14 21:00:00,11.0,9.0,15.0,0.0,1021.0,72.0,8.0,0.0,0.0
2025-10-14 22:00:00,7.0,6.0,14.0,0.0,1021.0,75.0,8.0,0.0,0.0
2025-10-14 23:00:00,7.0,6.0,14.0,0.0,1021.0,74.0,5.0,0.0,0.0
2025-10-15 00:00:00,6.0,5.0,14.0,0.0,1021.0,72.0,5.0,0.0,0.0
2025-10-15 01:00:00,6.0,4.0,14.0,0.0,1021.0,69.0,5.0,0.0,0.0
2025-10-15 02:00:00,5.0,4.0,14.0,0.0,1021.0,68.0,5.0,0.0,0.0
2025-10-15 03:00:00,5.0,4.0,14.0,0.0,1020.0,68.0,5.0,0.0,0.0
2025-10-15 04:00:00,5.0,4.0,14.0,0.0,1020.0,69.0,5.0,0.0,0.0
2025-10-15 05:00:00,5.0,4.0,13.0,0.0,1021.0,68.0,6.0,0.0,0.0
2025-10-15 06:00:00,5.0,4.0,14.0,0.0,1021.0,67.0,5.0,0.0,0.0
2025-10-15 07:00:00,6.0,4.0,12.0,0.0,1021.0,75.0,8.0,0.0,0.0
2025-10-15 08:00:00,8.0,4.0,16.0,0.0,1022.0,64.0,9.0,0.0,0.0
2025-10-15 09:00:00,7.0,4.0,18.0,0.0,1022.0,60.0,8.0,0.0,0.0
2025-10-15 10:00:00,8.0,4.0,19.0,0.0,1022.0,56.0,7.0,0.0,0.0
2025-10-15 11:00:00,10.0,5.0,20.0,0.0,1022.0,51.0,8.0,0.0,0.0
2025-10-15 12:00:00,9.0,4.0,21.0,0.0,1022.0,47.0,13.0,0.0,0.0
2025-10-15 13:00:00,7.0,4.0,21.0,0.0,1021.0,45.0,20.0,0.0,0.0
2025-10-15 14:00:00,8.0,4.0,20.0,0.0,1021.0,45.0,18.0,0.0,0.0
2025-10-15 15:00:00,7.0,4.0,20.0,0.0,1021.0,48.0,11.0,0.0,0.0
2025-10-15 16:00:00,8.0,4.0,18.0,0.0,1021.0,52.0,13.0,0.0,0.0
2025-10-15 17:00:00,6.0,3.0,17.0,0.0,1021.0,50.0,18.0,0.0,0.0
2025-10-15 18:00:00,6.0,3.0,16.0,0.0,1021.0,52.0,15.0,0.0,0.0
2025-10-15 19:00:00,7.0,4.0,15.0,0.0,1022.0,59.0,12.0,0.0,0.0
2025-10-15 20:00:00,9.0,5.0,14.0,0.0,1022.0,61.0,10.0,0.0,0.0
2025-10-15 21:00:00,7.0,4.0,14.0,0.0,1022.0,62.0,9.0,0.0,0.0
2025-10-15 22:00:00,9.0,6.0,14.0,0.0,1022.0,63.0,9.0,0.0,0.0
2025-10-15 23:00:00,6.0,4.0,13.0,0.0,1022.0,64.0,8.0,0.0,0.0
2025-10-16 00:00:00,5.0,3.0,13.0,0.0,1022.0,64.0,6.0,0.0,0.0
2025-10-16 01:00:00,4.0,3.0,13.0,0.0,1022.0,64.0,5.0,0.0,0.0
2025-10-16 02:00:00,5.0,3.0,13.0,0.0,1021.0,64.0,4.0,0.0,0.0
2025-10-16 03:00:00,5.0,4.0,12.0,0.0,1021.0,65.0,4.0,0.0,0.0
2025-10-16 04:00:00,6.0,4.0,12.0,0.0,1020.0,66.0,4.0,0.0,0.0
2025-10-16 05:00:00,5.0,4.0,12.0,0.0,1020.0,66.0,4.0,0.0,0.0
2025-10-16 06:00:00,4.0,3.0,12.0,0.0,1021.0,67.0,5.0,0.0,0.0
2025-10-16 07:00:00,6.0,4.0,11.0,0.0,1021.0,75.0,7.0,0.0,0.0
2025-10-16 08:00:00,6.0,4.0,14.0,0.0,1021.0,67.0,8.0,0.0,0.0
2025-10-16 09:00:00,11.0,6.0,17.0,0.0,1021.0,62.0,10.0,0.0,0.0
2025-10-16 10:00:00,11.0,6.0,18.0,0.0,1021.0,58.0,11.0,0.0,0.0
2025-10-16 11:00:00,9.0,5.0,19.0,0.0,1020.0,53.0,9.0,0.0,0.0
2025-10-16 12:00:00,7.0,4.0,19.0,0.0,1020.0,48.0,9.0,0.0,0.0
2025-10-16 13:00:00,5.0,3.0,20.0,0.0,1019.0,46.0,10.0,0.0,0.0
2025-10-16 14:00:00,5.0,2.0,20.0,0.0,1019.0,45.0,10.0,0.0,0.0
2025-10-16 15:00:00,5.0,2.0,19.0,0.0,1019.0,45.0,12.0,0.0,0.0
2025-10-16 16:00:00,8.0,3.0,17.0,0.0,1019.0,49.0,16.0,0.0,0.0
2025-10-16 17:00:00,7.0,4.0,16.0,0.0,1020.0,53.0,18.0,0.0,0.0
2025-10-16 18:00:00,7.0,4.0,14.0,0.0,1020.0,56.0,16.0,0.0,0.0
2025-10-16 19:00:00,8.0,5.0,14.0,0.0,1020.0,60.0,10.0,0.0,0.0
2025-10-16 20:00:00,8.0,5.0,13.0,0.0,1020.0,61.0,10.0,0.0,0.0
2025-10-16 21:00:00,9.0,7.0,13.0,0.0,1020.0,61.0,9.0,0.0,0.0
2025-10-16 22:00:00,8.0,6.0,12.0,0.0,1020.0,62.0,8.0,0.0,0.0
2025-10-16 23:00:00,8.0,6.0,12.0,0.0,1020.0,62.0,8.0,0.0,0.0
2025-10-17 00:00:00,7.0,5.0,12.0,0.0,1020.0,64.0,8.0,0.0,0.0
2025-10-17 01:00:00,6.0,5.0,12.0,0.0,1019.0,65.0,8.0,0.0,0.0
2025-10-17 02:00:00,6.0,5.0,12.0,0.0,1019.0,66.0,8.0,0.0,0.0
2025-10-17 03:00:00,6.0,5.0,12.0,0.0,1018.0,67.0,8.0,0.0,0.0
2025-10-17 04:00:00,6.0,5.0,12.0,0.0,1018.0,67.0,8.0,0.0,0.0
2025-10-17 05:00:00,7.0,5.0,12.0,0.0,1018.0,68.0,8.0,0.0,0.0
2025-10-17 06:00:00,8.0,6.0,12.0,0.0,1019.0,68.0,9.0,0.0,0.0
2025-10-17 07:00:00,8.0,5.0,10.0,0.0,1019.0,78.0,5.0,0.0,0.0
2025-10-17 08:00:00,7.0,5.0,14.0,0.0,1019.0,63.0,5.0,0.0,0.0
2025-10-17 09:00:00,8.0,5.0,16.0,0.0,1020.0,59.0,6.0,0.0,0.0
2025-10-17 10:00:00,9.0,5.0,17.0,0.0,1020.0,55.0,8.0,0.0,0.0
2025-10-17 11:00:00,10.0,6.0,19.0,0.0,1019.0,50.0,11.0,0.0,0.0
2025-10-17 12:00:00,10.0,6.0,19.0,0.0,1018.0,46.0,15.0,0.0,0.0
2025-10-17 13:00:00,9.0,6.0,20.0,0.0,1018.0,45.0,16.0,0.0,0.0
2025-10-17 14:00:00,11.0,7.0,20.0,0.0,1018.0,47.0,12.0,0.0,0.0
2025-10-17 15:00:00,11.0,7.0,19.0,0.0,1018.0,50.0,5.0,0.0,0.0
2025-10-17 16:00:00,11.0,7.0,18.0,0.0,1018.0,54.0,3.0,0.0,0.0
2025-10-17 17:00:00,12.0,7.0,16.0,0.0,1019.0,53.0,15.0,0.0,0.0
2025-10-17 18:00:00,12.0,7.0,14.0,0.0,1019.0,60.0,13.0,0.0,0.0
2025-10-17 19:00:00,11.0,7.0,14.0,0.0,1020.0,64.0,7.0,0.0,0.0
2025-10-17 20:00:00,12.0,7.0,13.0,0.0,1020.0,66.0,8.0,0.0,0.0
2025-10-17 21:00:00,11.0,8.0,12.0,0.0,1020.0,67.0,7.0,0.0,0.0
2025-10-17 22:00:00,12.0,9.0,12.0,0.0,1020.0,68.0,7.0,0.0,0.0
2025-10-17 23:00:00,15.0,11.0,12.0,0.0,1020.0,67.0,6.0,0.0,0.0
2025-10-18 00:00:00,15.0,13.0,12.0,0.0,1021.0,68.0,6.0,0.0,0.0
2025-10-18 01:00:00,16.0,14.0,11.0,0.0,1021.0,68.0,6.0,0.0,0.0
2025-10-18 02:00:00,16.0,14.0,11.0,0.0,1020.0,69.0,6.0,0.0,0.0
2025-10-18 03:00:00,17.0,14.0,11.0,0.0,1020.0,68.0,6.0,0.0,0.0
2025-10-18 04:00:00,16.0,13.0,11.0,0.0,1020.0,67.0,6.0,0.0,0.0
2025-10-18 05:00:00,16.0,13.0,11.0,0.0,1021.0,67.0,6.0,0.0,0.0
2025-10-18 06:00:00,14.0,11.0,11.0,0.0,1021.0,68.0,6.0,0.0,0.0
2025-10-18 07:00:00,13.0,10.0,10.0,0.0,1021.0,75.0,7.0,0.0,0.0
2025-10-18 08:00:00,14.0,10.0,13.0,0.0,1022.0,69.0,9.0,0.0,0.0
2025-10-18 09:00:00,14.0,9.0,16.0,0.0,1022.0,62.0,9.0,0.0,0.0
2025-10-18 10:00:00,13.0,9.0,18.0,0.0,1022.0,57.0,9.0,0.0,0.0
2025-10-18 11:00:00,12.0,8.0,19.0,0.0,1022.0,52.0,8.0,0.0,0.0
2025-10-18 12:00:00,12.0,7.0,20.0,0.0,1022.0,46.0,5.0,0.0,0.0
2025-10-18 13:00:00,9.0,6.0,20.0,0.0,1021.0,45.0,3.0,0.0,0.0
2025-10-18 14:00:00,10.0,6.0,20.0,0.0,1021.0,46.0,3.0,0.0,0.0
2025-10-18 15:00:00,11.0,7.0,19.0,0.0,1021.0,48.0,1.0,0.0,0.0
2025-10-18 16:00:00,11.0,8.0,17.0,0.0,1022.0,64.0,2.0,0.0,0.0
2025-10-18 17:00:00,10.0,5.0,15.0,0.0,1022.0,65.0,6.0,0.0,0.0
2025-10-18 18:00:00,11.0,6.0,13.0,0.0,1022.0,68.0,8.0,0.0,0.0
2025-10-18 19:00:00,11.0,7.0,14.0,0.0,1023.0,67.0,8.0,0.0,0.0
2025-10-18 20:00:00,13.0,8.0,13.0,0.0,1023.0,69.0,8.0,0.0,0.0
2025-10-18 21:00:00,13.0,9.0,12.0,0.0,1024.0,70.0,8.0,0.0,0.0
2025-10-18 22:00:00,10.0,7.0,12.0,0.0,1024.0,69.0,9.0,0.0,0.0
2025-10-18 23:00:00,10.0,7.0,11.0,0.0,1024.0,69.0,9.0,0.0,0.0
2025-10-19 00:00:00,9.0,6.0,11.0,0.0,1024.0,69.0,8.0,0.0,0.0
2025-10-19 01:00:00,8.0,6.0,11.0,0.0,1024.0,69.0,8.0,0.0,0.0
2025-10-19 02:00:00,8.0,6.0,11.0,0.0,1024.0,69.0,7.0,0.0,0.0
2025-10-19 03:00:00,10.0,7.0,11.0,0.0,1023.0,71.0,8.0,0.0,0.0
2025-10-19 04:00:00,9.0,7.0,10.0,0.0,1023.0,72.0,8.0,0.0,0.0
2025-10-19 05:00:00,7.0,6.0,10.0,0.0,1023.0,72.0,8.0,0.0,0.0
2025-10-19 06:00:00,6.0,5.0,10.0,0.0,1023.0,73.0,8.0,0.0,0.0
2025-10-19 07:00:00,6.0,4.0,9.0,0.0,1023.0,78.0,8.0,0.0,0.0
2025-10-19 08:00:00,5.0,4.0,13.0,0.0,1023.0,64.0,9.0,0.0,0.0
2025-10-19 09:00:00,6.0,4.0,15.0,0.0,1023.0,58.0,8.0,0.0,0.0
2025-10-19 10:00:00,5.0,4.0,16.0,0.0,1023.0,52.0,7.0,0.0,0.0
2025-10-19 11:00:00,6.0,4.0,17.0,0.0,1022.0,46.0,5.0,0.0,0.0
2025-10-19 12:00:00,6.0,4.0,17.0,0.0,1022.0,43.0,1.0,0.0,0.0
2025-10-19 13:00:00,7.0,4.0,18.0,0.0,1021.0,43.0,4.0,0.0,0.0
2025-10-19 14:00:00,8.0,5.0,17.0,0.0,1020.0,46.0,8.0,0.0,0.0
2025-10-19 15:00:00,8.0,5.0,17.0,0.0,1020.0,50.0,9.0,0.0,0.0
2025-10-19 16:00:00,8.0,5.0,16.0,0.0,1020.0,49.0,8.0,0.0,0.0
2025-10-19 17:00:00,11.0,6.0,14.0,0.0,1020.0,64.0,4.0,0.0,0.0
2025-10-19 18:00:00,11.0,7.0,12.0,0.0,1019.0,67.0,3.0,0.0,0.0
2025-10-19 19:00:00,9.0,6.0,14.0,0.0,1019.0,65.0,8.0,0.0,0.0
2025-10-19 20:00:00,15.0,9.0,13.0,0.0,1019.0,67.0,7.0,0.0,0.0
2025-10-19 21:00:00,11.0,8.0,12.0,0.0,1019.0,69.0,8.0,0.0,0.0
2025-10-19 22:00:00,8.0,6.0,12.0,0.0,1019.0,70.0,8.0,0.0,0.0
2025-10-19 23:00:00,9.0,7.0,12.0,0.0,1018.0,70.0,7.0,0.0,0.0
2025-10-20 00:00:00,8.0,6.0,12.0,0.0,1018.0,71.0,7.0,0.0,0.0
2025-10-20 01:00:00,6.0,5.0,11.0,0.0,1018.0,73.0,7.0,0.0,0.0
2025-10-20 02:00:00,7.0,6.0,11.0,0.0,1017.0,75.0,7.0,0.0,0.0
2025-10-20 03:00:00,7.0,6.0,11.0,0.0,1016.0,76.0,6.0,0.0,0.0
2025-10-20 04:00:00,8.0,6.0,11.0,0.0,1016.0,77.0,6.0,0.0,0.0
2025-10-20 05:00:00,8.0,7.0,11.0,0.0,1016.0,78.0,7.0,0.0,0.0
2025-10-20 06:00:00,9.0,7.0,11.0,0.0,1016.0,78.0,7.0,0.0,0.0
2025-10-20 07:00:00,9.0,7.0,14.0,0.0,1016.0,59.0,7.0,0.0,0.0
2025-10-20 08:00:00,9.0,6.0,15.0,0.0,1016.0,53.0,7.0,0.0,0.0
2025-10-20 09:00:00,11.0,7.0,17.0,0.0,1015.0,47.0,8.0,0.0,0.0
2025-10-20 10:00:00,12.0,7.0,18.0,0.0,1015.0,46.0,6.0,0.0,0.0
2025-10-20 11:00:00,16.0,11.0,18.0,0.0,1014.0,54.0,4.0,0.0,0.0
2025-10-20 12:00:00,18.0,10.0,17.0,0.0,1014.0,60.0,1.0,0.0,0.0
2025-10-20 13:00:00,17.0,12.0,17.0,0.0,1013.0,68.0,3.0,0.0,0.0
2025-10-20 14:00:00,11.0,8.0,18.0,0.0,1012.0,66.0,10.0,0.0,0.0
2025-10-20 15:00:00,15.0,12.0,18.0,0.0,1012.0,72.0,6.0,0.0,0.0
2025-10-20 16:00:00,12.0,9.0,16.0,0.0,1012.0,83.0,7.0,0.0,0.0
2025-10-20 17:00:00,19.0,12.0,15.0,0.0,1011.0,86.0,4.0,0.0,0.0
2025-10-20 18:00:00,14.0,11.0,15.0,0.0,1011.0,87.0,4.0,0.0,0.0
2025-10-20 19:00:00,12.0,10.0,16.0,0.0,1011.0,83.0,3.0,0.0,0.0
2025-10-20 20:00:00,11.0,9.0,16.0,0.0,1012.0,84.0,1.0,0.0,0.0
2025-10-20 21:00:00,10.0,8.0,15.0,0.0,1012.0,86.0,3.0,0.0,0.0
2025-10-20 22:00:00,8.0,7.0,15.0,0.2,1011.0,91.0,3.0,0.0,0.0
2025-10-20 23:00:00,8.0,7.0,14.0,0.0,1011.0,95.0,9.0,0.0,0.0
2025-10-21 00:00:00,8.0,7.0,14.0,0.0,1010.0,94.0,6.0,0.0,0.0
2025-10-21 01:00:00,12.0,10.0,14.0,0.0,1009.0,94.0,6.0,0.0,0.0
2025-10-21 02:00:00,8.0,7.0,14.0,0.0,1009.0,93.0,5.0,0.0,0.0
2025-10-21 03:00:00,7.0,6.0,15.0,0.0,1008.0,89.0,3.0,0.0,0.0
2025-10-21 04:00:00,7.0,6.0,15.0,0.3,1008.0,92.0,7.0,0.0,0.0
2025-10-21 05:00:00,11.0,8.0,15.0,1.8,1008.0,91.0,5.0,0.0,0.0
2025-10-21 06:00:00,14.0,11.0,16.0,3.5,1008.0,90.0,9.0,0.0,0.0
2025-10-21 07:00:00,14.0,11.0,17.0,0.5,1008.0,83.0,11.0,0.0,0.0
2025-10-21 08:00:00,14.0,10.0,18.0,0.7,1008.0,83.0,10.0,0.0,0.0
2025-10-21 09:00:00,12.0,9.0,19.0,2.2,1008.0,80.0,12.0,0.0,0.0
2025-10-21 10:00:00,9.0,6.0,19.0,2.6,1008.0,80.0,10.0,0.0,0.0
2025-10-21 11:00:00,7.0,5.0,18.0,2.5,1008.0,83.0,10.0,0.0,0.0
2025-10-21 12:00:00,7.0,5.0,18.0,0.3,1007.0,82.0,6.0,0.0,0.0
2025-10-21 13:00:00,9.0,6.0,18.0,0.0,1007.0,83.0,6.0,0.0,0.0
2025-10-21 14:00:00,11.0,8.0,17.0,0.2,1007.0,90.0,3.0,0.0,0.0
2025-10-21 15:00:00,11.0,8.0,17.0,0.4,1007.0,93.0,3.0,0.0,0.0
2025-10-21 16:00:00,9.0,7.0,16.0,0.1,1007.0,95.0,3.0,0.0,0.0
2025-10-21 17:00:00,9.0,7.0,15.0,0.2,1007.0,96.0,5.0,0.0,0.0
2025-10-21 18:00:00,9.0,8.0,15.0,0.3,1007.0,94.0,6.0,0.0,0.0
2025-10-21 19:00:00,9.0,8.0,16.0,0.3,1007.0,91.0,8.0,0.0,0.0
2025-10-21 20:00:00,7.0,5.0,16.0,2.8,1007.0,91.0,9.0,0.0,0.0
2025-10-21 21:00:00,8.0,6.0,16.0,1.1,1007.0,91.0,9.0,0.0,0.0
2025-10-21 22:00:00,8.0,6.0,16.0,1.6,1007.0,91.0,6.0,0.0,0.0
2025-10-21 23:00:00,7.0,5.0,16.0,0.0,1007.0,91.0,5.0,0.0,0.0
2025-10-22 00:00:00,7.0,6.0,16.0,0.0,1007.0,91.0,5.0,0.0,0.0
2025-10-22 01:00:00,8.0,6.0,15.0,0.0,1007.0,91.0,5.0,0.0,0.0
2025-10-22 02:00:00,9.0,7.0,15.0,0.0,1007.0,91.0,6.0,0.0,0.0
2025-10-22 03:00:00,11.0,8.0,15.0,0.0,1006.0,92.0,7.0,0.0,0.0
2025-10-22 04:00:00,11.0,9.0,14.0,0.0,1006.0,92.0,8.0,0.0,0.0
2025-10-22 05:00:00,10.0,8.0,14.0,0.0,1006.0,92.0,7.0,0.0,0.0
2025-10-22 06:00:00,8.0,6.0,14.0,0.0,1007.0,92.0,7.0,0.0,0.0
2025-10-22 07:00:00,7.0,5.0,16.0,0.0,1007.0,91.0,5.0,0.0,0.0
2025-10-22 08:00:00,7.0,5.0,18.0,0.0,1007.0,87.0,4.0,0.0,0.0
2025-10-22 09:00:00,7.0,5.0,19.0,0.0,1007.0,82.0,4.0,0.0,0.0
2025-10-22 10:00:00,7.0,5.0,19.0,0.1,1008.0,86.0,4.0,0.0,0.0
2025-10-22 11:00:00,9.0,7.0,19.0,0.2,1007.0,85.0,10.0,0.0,0.0
2025-10-22 12:00:00,8.0,7.0,19.0,0.0,1007.0,79.0,10.0,0.0,0.0
2025-10-22 13:00:00,7.0,6.0,18.0,0.0,1007.0,80.0,9.0,0.0,0.0
2025-10-22 14:00:00,8.0,7.0,17.0,0.0,1007.0,86.0,6.0,0.0,0.0
2025-10-22 15:00:00,7.0,6.0,17.0,0.3,1007.0,92.0,4.0,0.0,0.0
2025-10-22 16:00:00,6.0,5.0,16.0,0.0,1008.0,96.0,5.0,0.0,0.0
2025-10-22 17:00:00,4.0,3.0,16.0,0.0,1008.0,97.0,6.0,0.0,0.0
2025-10-22 18:00:00,5.0,4.0,15.0,0.0,1008.0,98.0,5.0,0.0,0.0
2025-10-22 19:00:00,8.0,7.0,15.0,0.0,1007.0,96.0,4.0,0.0,0.0
2025-10-22 20:00:00,10.0,8.0,15.0,0.0,1007.0,97.0,3.0,0.0,0.0
2025-10-22 21:00:00,18.0,16.0,15.0,0.0,1008.0,96.0,3.0,0.0,0.0
2025-10-22 22:00:00,16.0,14.0,15.0,0.0,1008.0,96.0,3.0,0.0,0.0
2025-10-22 23:00:00,14.0,13.0,15.0,0.0,1008.0,96.0,4.0,0.0,0.0
2025-10-23 00:00:00,15.0,13.0,15.0,0.0,1008.0,96.0,4.0,0.0,0.0
2025-10-23 01:00:00,14.0,12.0,15.0,0.0,1008.0,95.0,4.0,0.0,0.0
2025-10-23 02:00:00,9.0,8.0,15.0,0.0,1007.0,95.0,5.0,0.0,0.0
2025-10-23 03:00:00,7.0,5.0,15.0,0.0,1006.0,94.0,6.0,0.0,0.0
2025-10-23 04:00:00,9.0,5.0,15.0,0.0,1006.0,92.0,4.0,0.0,0.0
2025-10-23 05:00:00,12.0,8.0,16.0,0.0,1005.0,92.0,5.0,0.0,0.0
2025-10-23 06:00:00,13.0,9.0,16.0,0.0,1005.0,89.0,6.0,0.0,0.0
2025-10-23 07:00:00,12.0,9.0,17.0,0.0,1003.0,97.0,3.0,0.0,0.0
2025-10-23 08:00:00,10.0,8.0,17.0,0.0,1003.0,100.0,1.0,0.0,0.0
2025-10-23 09:00:00,11.0,8.0,18.0,0.9,1002.0,99.0,9.0,0.0,0.0
2025-10-23 10:00:00,19.0,10.0,20.0,0.1,1002.0,95.0,15.0,0.0,0.0
2025-10-23 11:00:00,5.0,3.0,20.0,0.0,1001.0,90.0,18.0,0.0,0.0
2025-10-23 12:00:00,4.0,2.0,19.0,2.3,999.0,90.0,21.0,0.0,0.0
2025-10-23 13:00:00,8.0,5.0,18.0,1.1,998.0,91.0,18.0,0.0,0.0
2025-10-23 14:00:00,6.0,4.0,19.0,0.0,996.0,83.0,25.0,0.0,0.0
2025-10-23 15:00:00,6.0,4.0,19.0,0.1,994.0,82.0,36.0,0.0,0.0
2025-10-23 16:00:00,6.0,4.0,18.0,1.5,993.0,86.0,33.0,0.0,0.0
2025-10-23 17:00:00,5.0,4.0,18.0,1.0,992.0,87.0,26.0,0.0,0.0
2025-10-23 18:00:00,4.0,3.0,18.0,11.7,992.0,90.0,19.0,0.0,0.0
2025-10-23 19:00:00,3.0,2.0,17.0,0.0,992.0,92.0,23.0,0.0,0.0
2025-10-23 20:00:00,3.0,2.0,17.0,0.0,992.0,89.0,27.0,0.0,0.0
2025-10-23 21:00:00,2.0,2.0,16.0,0.0,993.0,88.0,22.0,0.0,0.0
2025-10-23 22:00:00,2.0,2.0,16.0,0.1,994.0,85.0,15.0,0.0,0.0
2025-10-23 23:00:00,4.0,2.0,15.0,0.6,994.0,89.0,6.0,0.0,0.0
2025-10-24 00:00:00,10.0,7.0,14.0,0.0,998.0,77.0,12.0,0.0,0.0
2025-10-24 01:00:00,12.0,8.0,13.0,0.0,999.0,72.0,5.0,0.0,0.0
2025-10-24 02:00:00,4.0,2.0,13.0,0.0,1000.0,71.0,9.0,0.0,0.0
2025-10-24 03:00:00,2.0,2.0,12.0,0.0,1001.0,75.0,4.0,0.0,0.0
2025-10-24 04:00:00,2.0,2.0,11.0,0.0,1002.0,81.0,8.0,0.0,0.0
2025-10-24 05:00:00,2.0,2.0,11.0,0.0,1002.0,80.0,8.0,0.0,0.0
2025-10-24 06:00:00,2.0,2.0,10.0,0.0,1003.0,86.0,9.0,0.0,0.0
2025-10-24 07:00:00,2.0,2.0,11.0,0.0,1005.0,92.0,9.0,0.0,0.0
2025-10-24 08:00:00,4.0,2.0,14.0,0.0,1006.0,86.0,8.0,0.0,0.0
2025-10-24 09:00:00,7.0,3.0,16.0,0.0,1006.0,77.0,7.0,0.0,0.0
2025-10-24 10:00:00,3.0,2.0,18.0,0.0,1007.0,67.0,6.0,0.0,0.0
2025-10-24 11:00:00,6.0,2.0,18.0,0.0,1007.0,63.0,4.0,0.0,0.0
2025-10-24 12:00:00,7.0,3.0,18.0,0.0,1007.0,69.0,4.0,0.0,0.0
2025-10-24 13:00:00,8.0,3.0,18.0,0.0,1007.0,71.0,6.0,0.0,0.0
2025-10-24 14:00:00,10.0,4.0,17.0,0.0,1008.0,73.0,9.0,0.0,0.0
2025-10-24 15:00:00,9.0,5.0,16.0,0.0,1008.0,75.0,9.0,0.0,0.0
2025-10-24 16:00:00,5.0,2.0,15.0,0.0,1009.0,84.0,3.0,0.0,0.0
2025-10-24 17:00:00,4.0,2.0,13.0,0.0,1010.0,86.0,4.0,0.0,0.0
2025-10-24 18:00:00,5.0,3.0,11.0,0.0,1010.0,93.0,5.0,0.0,0.0
2025-10-24 19:00:00,4.0,2.0,12.0,0.0,1010.0,90.0,7.0,0.0,0.0
2025-10-24 20:00:00,8.0,5.0,11.0,0.0,1011.0,89.0,8.0,0.0,0.0
2025-10-24 21:00:00,10.0,7.0,11.0,0.0,1011.0,91.0,9.0,0.0,0.0
2025-10-24 22:00:00,7.0,5.0,11.0,0.0,1011.0,92.0,9.0,0.0,0.0
2025-10-24 23:00:00,7.0,4.0,11.0,0.0,1012.0,92.0,8.0,0.0,0.0
2025-10-25 00:00:00,6.0,4.0,11.0,0.0,1011.0,91.0,9.0,0.0,0.0
2025-10-25 01:00:00,5.0,3.0,11.0,0.0,1011.0,91.0,10.0,0.0,0.0
2025-10-25 02:00:00,5.0,3.0,11.0,0.0,1010.0,89.0,9.0,0.0,0.0
2025-10-25 03:00:00,6.0,3.0,11.0,0.0,1010.0,89.0,9.0,0.0,0.0
2025-10-25 04:00:00,6.0,3.0,11.0,0.0,1010.0,90.0,9.0,0.0,0.0
2025-10-25 05:00:00,8.0,4.0,12.0,0.0,1009.0,90.0,9.0,0.0,0.0
2025-10-25 06:00:00,8.0,4.0,12.0,0.0,1009.0,89.0,9.0,0.0,0.0
2025-10-25 07:00:00,8.0,4.0,13.0,0.0,1009.0,88.0,8.0,0.0,0.0
2025-10-25 08:00:00,11.0,4.0,15.0,0.0,1009.0,92.0,7.0,0.0,0.0
2025-10-25 09:00:00,11.0,5.0,17.0,0.0,1009.0,81.0,8.0,0.0,0.0
2025-10-25 10:00:00,10.0,5.0,18.0,0.0,1009.0,78.0,9.0,0.0,0.0
2025-10-25 11:00:00,9.0,4.0,19.0,0.0,1009.0,77.0,11.0,0.0,0.0
2025-10-25 12:00:00,9.0,4.0,19.0,0.0,1008.0,76.0,13.0,0.0,0.0
2025-10-25 13:00:00,8.0,4.0,19.0,0.0,1007.0,77.0,16.0,0.0,0.0
2025-10-25 14:00:00,8.0,4.0,18.0,0.0,1006.0,76.0,17.0,0.0,0.0
2025-10-25 15:00:00,7.0,4.0,17.0,0.0,1006.0,78.0,14.0,0.0,0.0
2025-10-25 16:00:00,8.0,4.0,16.0,0.0,1006.0,85.0,6.0,0.0,0.0
2025-10-25 17:00:00,8.0,4.0,16.0,0.0,1006.0,89.0,2.0,0.0,0.0
2025-10-25 18:00:00,6.0,3.0,15.0,0.0,1005.0,92.0,4.0,0.0,0.0
2025-10-25 19:00:00,6.0,4.0,15.0,0.0,1005.0,87.0,5.0,0.0,0.0
2025-10-25 20:00:00,6.0,3.0,15.0,0.0,1005.0,90.0,6.0,0.0,0.0
2025-10-25 21:00:00,8.0,4.0,14.0,0.0,1005.0,92.0,6.0,0.0,0.0
2025-10-25 22:00:00,7.0,4.0,14.0,0.0,1005.0,92.0,6.0,0.0,0.0
2025-10-25 23:00:00,7.0,4.0,14.0,0.0,1005.0,91.0,6.0,0.0,0.0
2025-10-26 00:00:00,8.0,4.0,14.0,0.0,1005.0,90.0,6.0,0.0,0.0
2025-10-26 01:00:00,8.0,4.0,14.0,0.0,1004.0,90.0,5.0,0.0,0.0
2025-10-26 02:00:00,8.0,4.0,14.0,0.0,1004.0,91.0,5.0,0.0,0.0
2025-10-26 03:00:00,8.0,4.0,14.0,0.0,1004.0,92.0,6.0,0.0,0.0
2025-10-26 04:00:00,7.0,3.0,13.0,0.0,1004.0,92.0,5.0,0.0,0.0
2025-10-26 05:00:00,6.0,3.0,13.0,0.0,1004.0,92.0,5.0,0.0,0.0
2025-10-26 06:00:00,7.0,4.0,13.0,0.0,1005.0,91.0,5.0,0.0,0.0
2025-10-26 07:00:00,7.0,4.0,15.0,0.0,1004.0,91.0,5.0,0.0,0.0
2025-10-26 08:00:00,7.0,4.0,16.0,0.0,1004.0,91.0,4.0,0.0,0.0
2025-10-26 09:00:00,7.0,5.0,18.0,0.0,1004.0,86.0,1.0,0.0,0.0
2025-10-26 10:00:00,7.0,4.0,18.0,0.0,1004.0,86.0,8.0,0.0,0.0
2025-10-26 11:00:00,7.0,4.0,18.0,0.0,1004.0,86.0,12.0,0.0,0.0
2025-10-26 12:00:00,7.0,5.0,18.0,0.0,1004.0,86.0,12.0,0.0,0.0
2025-10-26 13:00:00,8.0,5.0,17.0,0.0,1003.0,83.0,10.0,0.0,0.0
2025-10-26 14:00:00,9.0,5.0,17.0,0.0,1003.0,80.0,8.0,0.0,0.0
2025-10-26 15:00:00,10.0,6.0,17.0,0.0,1003.0,79.0,7.0,0.0,0.0
2025-10-26 16:00:00,10.0,6.0,16.0,0.0,1004.0,82.0,6.0,0.0,0.0
2025-10-26 17:00:00,12.0,6.0,14.0,0.0,1004.0,85.0,4.0,0.0,0.0
2025-10-26 18:00:00,12.0,7.0,14.0,0.0,1004.0,84.0,4.0,0.0,0.0
2025-10-26 19:00:00,14.0,9.0,13.0,1.3,1006.0,81.0,24.0,0.0,0.0
2025-10-26 20:00:00,13.0,9.0,11.0,2.2,1006.0,81.0,30.0,0.0,0.0
2025-10-26 21:00:00,4.0,2.0,11.0,0.0,1006.0,79.0,24.0,0.0,0.0
2025-10-26 22:00:00,2.0,2.0,11.0,0.0,1006.0,76.0,14.0,0.0,0.0
2025-10-26 23:00:00,2.0,2.0,11.0,0.0,1007.0,72.0,6.0,0.0,0.0
2025-10-27 00:00:00,2.0,2.0,11.0,0.0,1007.0,70.0,9.0,0.0,0.0
2025-10-27 01:00:00,2.0,2.0,10.0,0.0,1008.0,69.0,6.0,0.0,0.0
2025-10-27 02:00:00,2.0,2.0,10.0,0.0,1008.0,68.0,5.0,0.0,0.0
2025-10-27 03:00:00,2.0,2.0,10.0,0.0,1008.0,70.0,5.0,0.0,0.0
2025-10-27 04:00:00,2.0,2.0,9.0,0.0,1008.0,72.0,7.0,0.0,0.0
2025-10-27 05:00:00,2.0,2.0,8.0,0.0,1009.0,77.0,8.0,0.0,0.0
2025-10-27 06:00:00,2.0,2.0,8.0,0.0,1009.0,80.0,8.0,0.0,0.0
2025-10-27 07:00:00,2.0,2.0,8.0,0.0,1008.0,77.0,6.0,0.0,0.0
2025-10-27 08:00:00,2.0,2.0,11.0,0.0,1009.0,68.0,4.0,0.0,0.0
2025-10-27 09:00:00,4.0,2.0,13.0,0.0,1009.0,64.0,3.0,0.0,0.0
2025-10-27 10:00:00,9.0,6.0,15.0,0.0,1009.0,60.0,4.0,0.0,0.0
2025-10-27 11:00:00,5.0,2.0,16.0,0.0,1008.0,60.0,9.0,0.0,0.0
2025-10-27 12:00:00,4.0,2.0,16.0,0.0,1007.0,62.0,10.0,0.0,0.0
2025-10-27 13:00:00,4.0,2.0,16.0,0.0,1007.0,66.0,12.0,0.0,0.0
2025-10-27 14:00:00,3.0,2.0,16.0,0.0,1006.0,59.0,11.0,0.0,0.0
2025-10-27 15:00:00,3.0,2.0,15.0,0.0,1006.0,59.0,8.0,0.0,0.0
2025-10-27 16:00:00,3.0,2.0,14.0,0.0,1006.0,71.0,5.0,0.0,0.0
2025-10-27 17:00:00,3.0,2.0,13.0,0.0,1006.0,72.0,9.0,0.0,0.0
2025-10-27 18:00:00,4.0,2.0,12.0,0.0,1006.0,73.0,4.0,0.0,0.0
2025-10-27 19:00:00,6.0,4.0,12.0,0.0,1007.0,75.0,8.0,0.0,0.0
2025-10-27 20:00:00,8.0,5.0,12.0,0.0,1007.0,72.0,8.0,0.0,0.0
2025-10-27 21:00:00,8.0,5.0,12.0,0.0,1008.0,70.0,8.0,0.0,0.0
2025-10-27 22:00:00,7.0,4.0,11.0,0.0,1009.0,69.0,7.0,0.0,0.0
2025-10-27 23:00:00,6.0,4.0,11.0,0.0,1009.0,68.0,8.0,0.0,0.0
2025-10-28 00:00:00,5.0,3.0,11.0,0.0,1010.0,68.0,6.0,0.0,0.0
2025-10-28 01:00:00,4.0,3.0,10.0,0.0,1010.0,72.0,6.0,0.0,0.0
2025-10-28 02:00:00,5.0,3.0,10.0,0.0,1011.0,73.0,7.0,0.0,0.0
2025-10-28 03:00:00,5.0,3.0,10.0,0.0,1012.0,74.0,5.0,0.0,0.0
2025-10-28 04:00:00,4.0,2.0,10.0,0.0,1012.0,74.0,6.0,0.0,0.0
2025-10-28 05:00:00,3.0,2.0,10.0,0.0,1013.0,72.0,5.0,0.0,0.0
2025-10-28 06:00:00,5.0,3.0,10.0,0.0,1014.0,73.0,6.0,0.0,0.0
2025-10-28 07:00:00,5.0,3.0,9.0,0.0,1015.0,87.0,8.0,0.0,0.0
2025-10-28 08:00:00,7.0,4.0,12.0,0.0,1016.0,75.0,9.0,0.0,0.0
2025-10-28 09:00:00,9.0,5.0,15.0,0.0,1016.0,65.0,10.0,0.0,0.0
2025-10-28 10:00:00,12.0,5.0,18.0,0.0,1016.0,57.0,8.0,0.0,0.0
2025-10-28 11:00:00,10.0,5.0,18.0,0.0,1016.0,53.0,11.0,0.0,0.0
2025-10-28 12:00:00,7.0,4.0,19.0,0.0,1016.0,53.0,10.0,0.0,0.0
2025-10-28 13:00:00,25.0,6.0,19.0,0.0,1016.0,56.0,9.0,0.0,0.0
2025-10-28 14:00:00,10.0,6.0,18.0,0.0,1016.0,56.0,9.0,0.0,0.0
2025-10-28 15:00:00,10.0,7.0,18.0,0.0,1016.0,59.0,11.0,0.0,0.0
2025-10-28 16:00:00,12.0,9.0,16.0,0.0,1016.0,69.0,10.0,0.0,0.0
2025-10-28 17:00:00,12.0,9.0,14.0,0.0,1016.0,74.0,12.0,0.0,0.0
2025-10-28 18:00:00,15.0,11.0,12.0,0.0,1017.0,78.0,10.0,0.0,0.0
2025-10-28 19:00:00,16.0,12.0,13.0,0.0,1017.0,80.0,8.0,0.0,0.0
2025-10-28 20:00:00,18.0,15.0,12.0,0.0,1017.0,83.0,8.0,0.0,0.0
2025-10-28 21:00:00,17.0,13.0,12.0,0.0,1018.0,82.0,8.0,0.0,0.0
2025-10-28 22:00:00,14.0,11.0,12.0,0.0,1018.0,83.0,9.0,0.0,0.0
2025-10-28 23:00:00,13.0,9.0,12.0,0.0,1018.0,84.0,9.0,0.0,0.0
2025-10-29 00:00:00,10.0,8.0,12.0,0.0,1018.0,87.0,9.0,0.0,0.0
2025-10-29 01:00:00,9.0,6.0,12.0,0.0,1018.0,87.0,9.0,0.0,0.0
2025-10-29 02:00:00,8.0,5.0,13.0,0.0,1017.0,85.0,9.0,0.0,0.0
2025-10-29 03:00:00,7.0,4.0,13.0,0.0,1017.0,83.0,8.0,0.0,0.0
2025-10-29 04:00:00,7.0,4.0,14.0,0.0,1017.0,84.0,10.0,0.0,0.0
2025-10-29 05:00:00,9.0,5.0,14.0,0.0,1017.0,85.0,12.0,0.0,0.0
2025-10-29 06:00:00,10.0,6.0,15.0,0.0,1018.0,85.0,12.0,0.0,0.0
2025-10-29 07:00:00,11.0,7.0,16.0,0.0,1018.0,87.0,6.0,0.0,0.0
2025-10-29 08:00:00,13.0,7.0,19.0,0.0,1018.0,84.0,6.0,0.0,0.0
2025-10-29 09:00:00,11.0,6.0,22.0,0.0,1018.0,74.0,5.0,0.0,0.0
2025-10-29 10:00:00,20.0,7.0,23.0,0.0,1018.0,68.0,10.0,0.0,0.0
2025-10-29 11:00:00,17.0,6.0,22.0,0.0,1018.0,75.0,14.0,0.0,0.0
2025-10-29 12:00:00,11.0,6.0,22.0,0.0,1018.0,62.0,23.0,0.0,0.0
2025-10-29 13:00:00,12.0,6.0,20.0,0.0,1017.0,62.0,24.0,0.0,0.0
2025-10-29 14:00:00,7.0,4.0,20.0,0.0,1017.0,66.0,21.0,0.0,0.0
2025-10-29 15:00:00,5.0,3.0,18.0,0.0,1016.0,75.0,17.0,0.0,0.0
2025-10-29 16:00:00,6.0,4.0,17.0,0.0,1016.0,79.0,16.0,0.0,0.0
2025-10-29 17:00:00,11.0,7.0,15.0,0.0,1016.0,89.0,15.0,0.0,0.0
2025-10-29 18:00:00,11.0,7.0,14.0,0.0,1016.0,91.0,12.0,0.0,0.0
2025-10-29 19:00:00,12.0,7.0,15.0,0.0,1016.0,87.0,6.0,0.0,0.0
2025-10-29 20:00:00,12.0,7.0,15.0,0.0,1016.0,84.0,6.0,0.0,0.0
2025-10-29 21:00:00,11.0,6.0,15.0,0.0,1016.0,84.0,7.0,0.0,0.0
2025-10-29 22:00:00,10.0,6.0,15.0,0.0,1015.0,82.0,6.0,0.0,0.0
2025-10-29 23:00:00,10.0,6.0,16.0,0.0,1015.0,85.0,16.0,0.0,0.0
2025-10-30 00:00:00,10.0,6.0,17.0,0.0,1014.0,84.0,20.0,0.0,0.0
2025-10-30 01:00:00,10.0,6.0,17.0,0.0,1014.0,78.0,23.0,0.0,0.0
2025-10-30 02:00:00,10.0,6.0,18.0,0.0,1014.0,74.0,26.0,0.0,0.0
2025-10-30 03:00:00,10.0,6.0,18.0,0.0,1013.0,71.0,24.0,0.0,0.0
2025-10-30 04:00:00,9.0,6.0,17.0,0.0,1013.0,80.0,24.0,0.0,0.0
2025-10-30 05:00:00,8.0,5.0,17.0,0.0,1013.0,80.0,26.0,0.0,0.0
2025-10-30 06:00:00,9.0,5.0,17.0,0.0,1013.0,76.0,25.0,0.0,0.0
2025-10-30 07:00:00,8.0,5.0,17.0,0.4,1012.0,79.0,14.0,0.0,0.0
2025-10-30 08:00:00,7.0,5.0,18.0,0.0,1013.0,78.0,17.0,0.0,0.0
2025-10-30 09:00:00,8.0,5.0,18.0,0.7,1013.0,79.0,21.0,0.0,0.0
2025-10-30 10:00:00,7.0,5.0,19.0,0.0,1014.0,79.0,24.0,0.0,0.0
2025-10-30 11:00:00,7.0,5.0,18.0,0.6,1014.0,84.0,25.0,0.0,0.0
2025-10-30 12:00:00,7.0,4.0,18.0,0.3,1014.0,85.0,25.0,0.0,0.0
2025-10-30 13:00:00,7.0,5.0,17.0,0.4,1014.0,88.0,25.0,0.0,0.0
2025-10-30 14:00:00,8.0,5.0,17.0,0.2,1014.0,90.0,23.0,0.0,0.0
2025-10-30 15:00:00,9.0,6.0,17.0,0.0,1014.0,90.0,17.0,0.0,0.0
2025-10-30 16:00:00,9.0,5.0,17.0,0.2,1014.0,92.0,15.0,0.0,0.0
2025-10-30 17:00:00,9.0,6.0,16.0,1.0,1015.0,94.0,11.0,0.0,0.0
2025-10-30 18:00:00,8.0,5.0,16.0,1.1,1016.0,90.0,18.0,0.0,0.0
2025-10-30 19:00:00,6.0,4.0,16.0,0.7,1016.0,89.0,13.0,0.0,0.0
2025-10-30 20:00:00,7.0,5.0,16.0,0.2,1017.0,87.0,10.0,0.0,0.0
2025-10-30 21:00:00,6.0,4.0,16.0,1.0,1017.0,90.0,5.0,0.0,0.0
2025-10-30 22:00:00,5.0,3.0,16.0,0.5,1018.0,90.0,4.0,0.0,0.0
2025-10-30 23:00:00,6.0,4.0,16.0,0.6,1018.0,92.0,5.0,0.0,0.0
2025-10-31 00:00:00,5.0,4.0,16.0,0.2,1018.0,95.0,7.0,0.0,0.0
2025-10-31 01:00:00,6.0,4.0,15.0,0.0,1018.0,97.0,6.0,0.0,0.0
2025-10-31 02:00:00,9.0,5.0,16.0,1.0,1018.0,96.0,5.0,0.0,0.0
2025-10-31 03:00:00,9.0,5.0,16.0,0.1,1018.0,95.0,7.0,0.0,0.0
2025-10-31 04:00:00,9.0,5.0,16.0,0.2,1018.0,95.0,6.0,0.0,0.0
2025-10-31 05:00:00,9.0,5.0,16.0,0.0,1018.0,93.0,6.0,0.0,0.0
2025-10-31 06:00:00,9.0,5.0,16.0,0.0,1018.0,90.0,6.0,0.0,0.0
2025-10-31 07:00:00,10.0,5.0,17.0,0.0,1018.0,90.0,5.0,0.0,0.0
2025-10-31 08:00:00,9.0,5.0,19.0,0.0,1018.0,85.0,5.0,0.0,0.0
2025-10-31 09:00:00,10.0,5.0,20.0,0.0,1019.0,85.0,4.0,0.0,0.0
2025-10-31 10:00:00,9.0,5.0,20.0,0.0,1019.0,81.0,5.0,0.0,0.0
2025-10-31 11:00:00,10.0,5.0,20.0,0.0,1019.0,82.0,2.0,0.0,0.0
2025-10-31 12:00:00,8.0,5.0,18.0,0.6,1019.0,92.0,2.0,0.0,0.0
2025-10-31 13:00:00,9.0,5.0,18.0,0.1,1018.0,94.0,2.0,0.0,0.0
2025-10-31 14:00:00,9.0,5.0,18.0,0.0,1018.0,90.0,3.0,0.0,0.0
2025-10-31 15:00:00,8.0,5.0,18.0,0.0,1019.0,92.0,3.0,0.0,0.0
2025-10-31 16:00:00,9.0,5.0,17.0,0.0,1019.0,98.0,4.0,0.0,0.0
2025-10-31 17:00:00,9.0,6.0,16.0,0.0,1019.0,98.0,2.0,0.0,0.0
2025-10-31 18:00:00,11.0,7.0,16.0,0.0,1019.0,99.0,3.0,0.0,0.0
2025-10-31 19:00:00,11.0,8.0,16.0,0.0,1020.0,96.0,3.0,0.0,0.0
2025-10-31 20:00:00,15.0,11.0,16.0,0.0,1020.0,94.0,5.0,0.0,0.0
2025-10-31 21:00:00,14.0,10.0,16.0,0.0,1020.0,92.0,6.0,0.0,0.0
2025-10-31 22:00:00,14.0,10.0,16.0,0.0,1020.0,92.0,2.0,0.0,0.0
2025-10-31 23:00:00,12.0,8.0,16.0,0.0,1021.0,93.0,3.0,0.0,0.0
2025-11-01 00:00:00,11.0,7.0,15.0,0.1,1021.0,95.0,6.0,0.0,0.0
2025-11-01 01:00:00,12.0,7.0,15.0,0.0,1020.0,96.0,5.0,0.0,0.0
2025-11-01 02:00:00,11.0,7.0,15.0,0.0,1020.0,95.0,3.0,0.0,0.0
2025-11-01 03:00:00,12.0,7.0,15.0,0.0,1020.0,94.0,3.0,0.0,0.0
2025-11-01 04:00:00,10.0,6.0,15.0,0.0,1020.0,94.0,3.0,0.0,0.0
2025-11-01 05:00:00,9.0,6.0,15.0,0.0,1020.0,94.0,3.0,0.0,0.0
2025-11-01 06:00:00,9.0,6.0,15.0,0.0,1020.0,94.0,2.0,0.0,0.0
2025-11-01 07:00:00,10.0,6.0,16.0,0.0,1020.0,96.0,4.0,0.0,0.0
2025-11-01 08:00:00,10.0,6.0,18.0,0.0,1020.0,93.0,4.0,0.0,0.0
2025-11-01 09:00:00,9.0,6.0,20.0,0.0,1020.0,88.0,4.0,0.0,0.0
2025-11-01 10:00:00,10.0,7.0,21.0,0.0,1020.0,85.0,6.0,0.0,0.0
2025-11-01 11:00:00,13.0,9.0,21.0,0.0,1020.0,86.0,13.0,0.0,0.0
2025-11-01 12:00:00,12.0,9.0,20.0,0.0,1020.0,86.0,17.0,0.0,0.0
2025-11-01 13:00:00,13.0,9.0,20.0,0.0,1020.0,85.0,14.0,0.0,0.0
2025-11-01 14:00:00,13.0,9.0,19.0,0.0,1020.0,87.0,13.0,0.0,0.0
2025-11-01 15:00:00,13.0,10.0,18.0,0.0,1019.0,88.0,11.0,0.0,0.0
2025-11-01 16:00:00,13.0,10.0,17.0,0.0,1019.0,92.0,8.0,0.0,0.0
2025-11-01 17:00:00,15.0,12.0,16.0,0.0,1019.0,96.0,5.0,0.0,0.0
2025-11-01 18:00:00,17.0,13.0,16.0,0.0,1019.0,97.0,5.0,0.0,0.0
2025-11-01 19:00:00,16.0,13.0,16.0,0.0,1020.0,95.0,1.0,0.0,0.0
2025-11-01 20:00:00,13.0,11.0,16.0,0.0,1020.0,95.0,0.0,0.0,0.0
2025-11-01 21:00:00,13.0,11.0,16.0,0.0,1020.0,95.0,4.0,0.0,0.0
2025-11-01 22:00:00,14.0,11.0,16.0,0.0,1020.0,94.0,4.0,0.0,0.0
2025-11-01 23:00:00,14.0,11.0,15.0,0.0,1020.0,94.0,5.0,0.0,0.0
2025-11-02 00:00:00,14.0,11.0,15.0,0.0,1020.0,94.0,6.0,0.0,0.0
2025-11-02 01:00:00,14.0,11.0,16.0,0.0,1019.0,93.0,5.0,0.0,0.0
2025-11-02 02:00:00,15.0,10.0,16.0,0.0,1019.0,94.0,5.0,0.0,0.0
2025-11-02 03:00:00,17.0,12.0,16.0,0.0,1018.0,95.0,5.0,0.0,0.0
2025-11-02 04:00:00,14.0,11.0,16.0,0.0,1018.0,95.0,5.0,0.0,0.0
2025-11-02 05:00:00,13.0,10.0,16.0,0.0,1018.0,94.0,5.0,0.0,0.0
2025-11-02 06:00:00,12.0,10.0,16.0,0.0,1018.0,93.0,5.0,0.0,0.0
2025-11-02 07:00:00,12.0,9.0,18.0,0.0,1018.0,87.0,9.0,0.0,0.0
2025-11-02 08:00:00,10.0,7.0,20.0,0.0,1017.0,83.0,13.0,0.0,0.0
2025-11-02 09:00:00,10.0,7.0,22.0,0.0,1017.0,81.0,17.0,0.0,0.0
2025-11-02 10:00:00,10.0,7.0,22.0,0.0,1016.0,78.0,16.0,0.0,0.0
2025-11-02 11:00:00,10.0,6.0,23.0,0.0,1016.0,74.0,16.0,0.0,0.0
2025-11-02 12:00:00,10.0,6.0,22.0,0.0,1015.0,72.0,22.0,0.0,0.0
2025-11-02 13:00:00,10.0,6.0,21.0,0.0,1015.0,69.0,24.0,0.0,0.0
2025-11-02 14:00:00,9.0,5.0,21.0,0.0,1014.0,68.0,23.0,0.0,0.0
2025-11-02 15:00:00,9.0,5.0,20.0,0.0,1014.0,68.0,24.0,0.0,0.0
2025-11-02 16:00:00,10.0,6.0,19.0,0.0,1013.0,70.0,22.0,0.0,0.0
2025-11-02 17:00:00,9.0,6.0,18.0,0.0,1012.0,77.0,20.0,0.0,0.0
2025-11-02 18:00:00,10.0,6.0,18.0,0.0,1012.0,80.0,22.0,0.0,0.0
2025-11-02 19:00:00,10.0,7.0,18.0,1.0,1012.0,86.0,16.0,0.0,0.0
2025-11-02 20:00:00,10.0,6.0,17.0,2.7,1011.0,89.0,22.0,0.0,0.0
2025-11-02 21:00:00,10.0,7.0,17.0,0.0,1011.0,89.0,22.0,0.0,0.0
2025-11-02 22:00:00,10.0,7.0,17.0,3.2,1011.0,91.0,22.0,0.0,0.0
2025-11-02 23:00:00,11.0,7.0,17.0,0.6,1010.0,90.0,21.0,0.0,0.0
2025-11-03 00:00:00,10.0,7.0,16.0,0.6,1011.0,90.0,22.0,0.0,0.0
2025-11-03 01:00:00,9.0,6.0,15.0,0.0,1011.0,85.0,5.0,0.0,0.0
2025-11-03 02:00:00,6.0,3.0,15.0,0.3,1011.0,91.0,6.0,0.0,0.0
2025-11-03 03:00:00,8.0,3.0,15.0,0.0,1012.0,94.0,7.0,0.0,0.0
2025-11-03 04:00:00,5.0,2.0,15.0,0.0,1012.0,93.0,10.0,0.0,0.0
2025-11-03 05:00:00,4.0,2.0,13.0,0.0,1014.0,78.0,20.0,0.0,0.0
2025-11-03 06:00:00,3.0,2.0,13.0,0.0,1015.0,73.0,17.0,0.0,0.0
2025-11-03 07:00:00,2.0,2.0,15.0,0.2,1016.0,54.0,19.0,0.0,0.0
2025-11-03 08:00:00,2.0,2.0,16.0,0.0,1017.0,51.0,10.0,0.0,0.0
2025-11-03 09:00:00,2.0,2.0,17.0,0.0,1019.0,50.0,9.0,0.0,0.0
2025-11-03 10:00:00,2.0,2.0,17.0,0.0,1019.0,52.0,10.0,0.0,0.0
2025-11-03 11:00:00,2.0,2.0,18.0,0.0,1020.0,54.0,11.0,0.0,0.0
2025-11-03 12:00:00,2.0,2.0,18.0,0.0,1020.0,57.0,13.0,0.0,0.0
2025-11-03 13:00:00,2.0,2.0,17.0,0.0,1020.0,58.0,13.0,0.0,0.0
2025-11-03 14:00:00,4.0,2.0,16.0,0.0,1021.0,62.0,14.0,0.0,0.0
2025-11-03 15:00:00,23.0,3.0,15.0,0.0,1021.0,67.0,14.0,0.0,0.0
2025-11-03 16:00:00,9.0,2.0,14.0,0.0,1022.0,71.0,10.0,0.0,0.0
2025-11-03 17:00:00,4.0,2.0,12.0,0.0,1023.0,71.0,9.0,0.0,0.0
2025-11-03 18:00:00,4.0,2.0,11.0,0.0,1024.0,72.0,9.0,0.0,0.0
2025-11-03 19:00:00,6.0,2.0,12.0,0.0,1024.0,68.0,6.0,0.0,0.0
2025-11-03 20:00:00,7.0,2.0,12.0,0.0,1025.0,70.0,4.0,0.0,0.0
2025-11-03 21:00:00,4.0,2.0,11.0,0.0,1025.0,72.0,6.0,0.0,0.0
2025-11-03 22:00:00,4.0,2.0,11.0,0.0,1026.0,68.0,7.0,0.0,0.0
2025-11-03 23:00:00,4.0,2.0,10.0,0.0,1026.0,68.0,9.0,0.0,0.0
2025-11-04 00:00:00,2.0,2.0,10.0,0.0,1026.0,72.0,9.0,0.0,0.0
2025-11-04 01:00:00,2.0,2.0,10.0,0.0,1026.0,73.0,9.0,0.0,0.0
2025-11-04 02:00:00,2.0,2.0,9.0,0.0,1026.0,74.0,9.0,0.0,0.0
2025-11-04 03:00:00,2.0,2.0,9.0,0.0,1026.0,76.0,8.0,0.0,0.0
2025-11-04 04:00:00,2.0,2.0,9.0,0.0,1026.0,75.0,7.0,0.0,0.0
2025-11-04 05:00:00,3.0,2.0,9.0,0.0,1027.0,74.0,7.0,0.0,0.0
2025-11-04 06:00:00,2.0,2.0,9.0,0.0,1027.0,74.0,8.0,0.0,0.0
2025-11-04 07:00:00,2.0,2.0,8.0,0.0,1026.0,74.0,9.0,0.0,0.0
2025-11-04 08:00:00,10.0,2.0,10.0,0.0,1026.0,74.0,8.0,0.0,0.0
2025-11-04 09:00:00,4.0,2.0,13.0,0.0,1027.0,60.0,5.0,0.0,0.0
2025-11-04 10:00:00,7.0,3.0,14.0,0.0,1027.0,59.0,5.0,0.0,0.0
2025-11-04 11:00:00,11.0,3.0,15.0,0.0,1026.0,57.0,6.0,0.0,0.0
2025-11-04 12:00:00,7.0,2.0,16.0,0.0,1026.0,57.0,5.0,0.0,0.0
2025-11-04 13:00:00,3.0,2.0,16.0,0.0,1026.0,64.0,8.0,0.0,0.0
2025-11-04 14:00:00,4.0,2.0,16.0,0.0,1026.0,61.0,9.0,0.0,0.0
2025-11-04 15:00:00,3.0,2.0,16.0,0.0,1026.0,58.0,10.0,0.0,0.0
2025-11-04 16:00:00,5.0,2.0,14.0,0.0,1026.0,70.0,8.0,0.0,0.0
2025-11-04 17:00:00,8.0,3.0,12.0,0.0,1026.0,77.0,5.0,0.0,0.0
2025-11-04 18:00:00,4.0,2.0,11.0,0.0,1026.0,81.0,3.0,0.0,0.0
2025-11-04 19:00:00,5.0,3.0,12.0,0.0,1026.0,72.0,8.0,0.0,0.0
2025-11-04 20:00:00,9.0,6.0,11.0,0.0,1026.0,70.0,6.0,0.0,0.0
2025-11-04 21:00:00,11.0,8.0,11.0,0.0,1026.0,68.0,5.0,0.0,0.0
2025-11-04 22:00:00,12.0,8.0,11.0,0.0,1026.0,66.0,5.0,0.0,0.0
2025-11-04 23:00:00,11.0,9.0,10.0,0.0,1026.0,64.0,5.0,0.0,0.0
2025-11-05 00:00:00,6.0,4.0,10.0,0.0,1026.0,63.0,5.0,0.0,0.0
2025-11-05 01:00:00,5.0,3.0,10.0,0.0,1025.0,61.0,5.0,0.0,0.0
2025-11-05 02:00:00,5.0,3.0,10.0,0.0,1025.0,60.0,4.0,0.0,0.0
2025-11-05 03:00:00,4.0,2.0,10.0,0.0,1024.0,60.0,4.0,0.0,0.0
2025-11-05 04:00:00,5.0,3.0,10.0,0.0,1024.0,59.0,4.0,0.0,0.0
2025-11-05 05:00:00,5.0,3.0,10.0,0.0,1024.0,59.0,4.0,0.0,0.0
2025-11-05 06:00:00,6.0,4.0,9.0,0.0,1024.0,59.0,4.0,0.0,0.0
2025-11-05 07:00:00,7.0,4.0,6.0,0.0,1024.0,80.0,9.0,0.0,0.0
2025-11-05 08:00:00,13.0,4.0,9.0,0.0,1024.0,72.0,9.0,0.0,0.0
2025-11-05 09:00:00,10.0,5.0,12.0,0.0,1024.0,59.0,10.0,0.0,0.0
2025-11-05 10:00:00,16.0,8.0,15.0,0.0,1024.0,63.0,10.0,0.0,0.0
2025-11-05 11:00:00,13.0,5.0,17.0,0.0,1023.0,53.0,4.0,0.0,0.0
2025-11-05 12:00:00,7.0,3.0,18.0,0.0,1023.0,56.0,4.0,0.0,0.0
2025-11-05 13:00:00,5.0,3.0,17.0,0.0,1022.0,64.0,6.0,0.0,0.0
2025-11-05 14:00:00,4.0,2.0,16.0,0.0,1022.0,67.0,7.0,0.0,0.0
2025-11-05 15:00:00,5.0,2.0,16.0,0.0,1022.0,70.0,4.0,0.0,0.0
2025-11-05 16:00:00,7.0,3.0,14.0,0.0,1021.0,81.0,2.0,0.0,0.0
2025-11-05 17:00:00,12.0,5.0,12.0,0.0,1021.0,87.0,3.0,0.0,0.0
2025-11-05 18:00:00,8.0,4.0,11.0,0.0,1021.0,79.0,6.0,0.0,0.0
2025-11-05 19:00:00,9.0,4.0,12.0,0.0,1021.0,66.0,5.0,0.0,0.0
2025-11-05 20:00:00,9.0,5.0,11.0,0.0,1021.0,67.0,5.0,0.0,0.0
2025-11-05 21:00:00,8.0,4.0,11.0,0.0,1021.0,69.0,5.0,0.0,0.0
2025-11-05 22:00:00,10.0,7.0,11.0,0.0,1020.0,69.0,5.0,0.0,0.0
2025-11-05 23:00:00,9.0,6.0,11.0,0.0,1020.0,69.0,6.0,0.0,0.0
2025-11-06 00:00:00,9.0,6.0,10.0,0.0,1020.0,68.0,6.0,0.0,0.0
2025-11-06 01:00:00,8.0,5.0,10.0,0.0,1020.0,68.0,5.0,0.0,0.0
2025-11-06 02:00:00,6.0,4.0,10.0,0.0,1019.0,64.0,6.0,0.0,0.0
2025-11-06 03:00:00,6.0,4.0,10.0,0.0,1019.0,62.0,6.0,0.0,0.0
2025-11-06 04:00:00,7.0,5.0,10.0,0.0,1018.0,62.0,6.0,0.0,0.0
2025-11-06 05:00:00,6.0,4.0,10.0,0.0,1018.0,63.0,6.0,0.0,0.0
2025-11-06 06:00:00,6.0,4.0,10.0,0.0,1018.0,63.0,6.0,0.0,0.0
2025-11-06 07:00:00,6.0,4.0,8.0,0.0,1018.0,83.0,9.0,0.0,0.0
2025-11-06 08:00:00,7.0,4.0,10.0,0.0,1018.0,81.0,9.0,0.0,0.0
2025-11-06 09:00:00,7.0,4.0,14.0,0.0,1018.0,68.0,9.0,0.0,0.0
2025-11-06 10:00:00,14.0,6.0,17.0,0.0,1018.0,63.0,9.0,0.0,0.0
2025-11-06 11:00:00,11.0,5.0,19.0,0.0,1017.0,54.0,6.0,0.0,0.0
2025-11-06 12:00:00,11.0,5.0,20.0,0.0,1016.0,48.0,5.0,0.0,0.0
2025-11-06 13:00:00,9.0,5.0,20.0,0.0,1016.0,45.0,4.0,0.0,0.0
2025-11-06 14:00:00,8.0,5.0,19.0,0.0,1015.0,54.0,8.0,0.0,0.0
2025-11-06 15:00:00,8.0,6.0,17.0,0.0,1015.0,67.0,7.0,0.0,0.0
2025-11-06 16:00:00,10.0,6.0,14.0,0.0,1015.0,79.0,3.0,0.0,0.0
2025-11-06 17:00:00,12.0,7.0,12.0,0.0,1015.0,74.0,6.0,0.0,0.0
2025-11-06 18:00:00,14.0,10.0,10.0,0.0,1015.0,76.0,8.0,0.0,0.0
2025-11-06 19:00:00,15.0,10.0,12.0,0.0,1015.0,68.0,6.0,0.0,0.0
2025-11-06 20:00:00,15.0,11.0,11.0,0.0,1016.0,71.0,6.0,0.0,0.0
2025-11-06 21:00:00,16.0,13.0,11.0,0.0,1016.0,73.0,7.0,0.0,0.0
2025-11-06 22:00:00,16.0,12.0,10.0,0.0,1016.0,74.0,7.0,0.0,0.0
2025-11-06 23:00:00,13.0,11.0,10.0,0.0,1016.0,76.0,8.0,0.0,0.0
2025-11-07 00:00:00,11.0,9.0,9.0,0.0,1015.0,76.0,8.0,0.0,0.0
2025-11-07 01:00:00,9.0,8.0,9.0,0.0,1015.0,76.0,8.0,0.0,0.0
2025-11-07 02:00:00,9.0,7.0,9.0,0.0,1015.0,73.0,7.0,0.0,0.0
2025-11-07 03:00:00,9.0,8.0,9.0,0.0,1014.0,73.0,7.0,0.0,0.0
2025-11-07 04:00:00,10.0,9.0,9.0,0.0,1014.0,73.0,8.0,0.0,0.0
2025-11-07 05:00:00,10.0,9.0,9.0,0.0,1014.0,73.0,8.0,0.0,0.0
2025-11-07 06:00:00,11.0,10.0,9.0,0.0,1015.0,74.0,8.0,0.0,0.0
2025-11-07 07:00:00,12.0,11.0,12.0,0.0,1015.0,52.0,8.0,0.0,0.0
2025-11-07 08:00:00,14.0,12.0,14.0,0.0,1015.0,50.0,8.0,0.0,0.0
2025-11-07 09:00:00,14.0,13.0,19.0,0.0,1015.0,42.0,9.0,0.0,0.0
2025-11-07 10:00:00,15.0,13.0,21.0,0.0,1014.0,40.0,10.0,0.0,0.0
2025-11-07 11:00:00,13.0,11.0,21.0,0.0,1014.0,38.0,9.0,0.0,0.0
2025-11-07 12:00:00,13.0,10.0,20.0,0.0,1013.0,39.0,10.0,0.0,0.0
2025-11-07 13:00:00,14.0,9.0,19.0,0.0,1013.0,40.0,12.0,0.0,0.0
2025-11-07 14:00:00,12.0,8.0,18.0,0.0,1012.0,41.0,13.0,0.0,0.0
2025-11-07 15:00:00,12.0,8.0,17.0,0.0,1012.0,45.0,14.0,0.0,0.0
2025-11-07 16:00:00,13.0,8.0,15.0,0.0,1013.0,52.0,16.0,0.0,0.0
2025-11-07 17:00:00,13.0,8.0,13.0,0.0,1013.0,57.0,16.0,0.0,0.0
2025-11-07 18:00:00,20.0,10.0,11.0,0.0,1013.0,63.0,14.0,0.0,0.0
2025-11-07 19:00:00,12.0,9.0,11.0,0.0,1014.0,65.0,10.0,0.0,0.0
2025-11-07 20:00:00,11.0,8.0,11.0,0.0,1014.0,67.0,9.0,0.0,0.0
2025-11-07 21:00:00,9.0,7.0,10.0,0.0,1014.0,68.0,8.0,0.0,0.0
2025-11-07 22:00:00,9.0,7.0,10.0,0.0,1014.0,70.0,8.0,0.0,0.0
2025-11-07 23:00:00,8.0,7.0,10.0,0.0,1014.0,71.0,8.0,0.0,0.0
2025-11-08 00:00:00,7.0,7.0,10.0,0.0,1014.0,73.0,10.0,0.0,0.0
2025-11-08 01:00:00,6.0,5.0,10.0,0.0,1013.0,73.0,9.0,0.0,0.0
2025-11-08 02:00:00,5.0,5.0,9.0,0.0,1013.0,72.0,9.0,0.0,0.0
2025-11-08 03:00:00,5.0,5.0,9.0,0.0,1012.0,72.0,8.0,0.0,0.0
2025-11-08 04:00:00,4.0,4.0,9.0,0.0,1012.0,72.0,7.0,0.0,0.0
2025-11-08 05:00:00,4.0,4.0,9.0,0.0,1012.0,72.0,6.0,0.0,0.0
2025-11-08 06:00:00,5.0,4.0,9.0,0.0,1012.0,72.0,6.0,0.0,0.0
2025-11-08 07:00:00,6.0,5.0,9.0,0.0,1012.0,71.0,8.0,0.0,0.0
2025-11-08 08:00:00,6.0,5.0,12.0,0.0,1012.0,64.0,8.0,0.0,0.0
2025-11-08 09:00:00,7.0,6.0,16.0,0.0,1013.0,50.0,5.0,0.0,0.0
2025-11-08 10:00:00,7.0,5.0,17.0,0.0,1013.0,46.0,4.0,0.0,0.0
2025-11-08 11:00:00,8.0,6.0,17.0,0.0,1012.0,44.0,2.0,0.0,0.0
2025-11-08 12:00:00,10.0,7.0,17.0,0.0,1012.0,44.0,7.0,0.0,0.0
2025-11-08 13:00:00,8.0,7.0,16.0,0.0,1012.0,46.0,10.0,0.0,0.0
2025-11-08 14:00:00,12.0,7.0,16.0,0.0,1012.0,49.0,10.0,0.0,0.0
2025-11-08 15:00:00,10.0,8.0,15.0,0.0,1012.0,52.0,9.0,0.0,0.0
2025-11-08 16:00:00,10.0,8.0,13.0,0.0,1012.0,63.0,3.0,0.0,0.0
2025-11-08 17:00:00,15.0,8.0,11.0,0.0,1013.0,66.0,5.0,0.0,0.0
2025-11-08 18:00:00,12.0,9.0,10.0,0.0,1013.0,71.0,5.0,0.0,0.0
2025-11-08 19:00:00,15.0,13.0,11.0,0.0,1014.0,67.0,7.0,0.0,0.0
2025-11-08 20:00:00,11.0,10.0,10.0,0.0,1014.0,69.0,8.0,0.0,0.0
2025-11-08 21:00:00,10.0,9.0,9.0,0.0,1015.0,70.0,8.0,0.0,0.0
2025-11-08 22:00:00,10.0,8.0,9.0,0.0,1015.0,70.0,7.0,0.0,0.0
2025-11-08 23:00:00,9.0,8.0,9.0,0.0,1015.0,71.0,7.0,0.0,0.0
2025-11-09 00:00:00,8.0,8.0,9.0,0.0,1015.0,72.0,6.0,0.0,0.0
2025-11-09 01:00:00,8.0,7.0,9.0,0.0,1015.0,72.0,6.0,0.0,0.0
2025-11-09 02:00:00,7.0,7.0,8.0,0.0,1016.0,73.0,7.0,0.0,0.0
2025-11-09 03:00:00,7.0,7.0,8.0,0.0,1015.0,73.0,6.0,0.0,0.0
2025-11-09 04:00:00,7.0,6.0,8.0,0.0,1015.0,71.0,5.0,0.0,0.0
2025-11-09 05:00:00,7.0,6.0,9.0,0.0,1015.0,71.0,5.0,0.0,0.0
2025-11-09 06:00:00,7.0,6.0,9.0,0.0,1016.0,72.0,5.0,0.0,0.0
2025-11-09 07:00:00,7.0,6.0,7.0,0.0,1016.0,83.0,8.0,0.0,0.0
2025-11-09 08:00:00,7.0,6.0,9.0,0.0,1017.0,81.0,8.0,0.0,0.0
2025-11-09 09:00:00,7.0,7.0,11.0,0.0,1017.0,70.0,6.0,0.0,0.0
2025-11-09 10:00:00,8.0,7.0,14.0,0.0,1017.0,63.0,4.0,0.0,0.0
2025-11-09 11:00:00,7.0,7.0,16.0,0.0,1017.0,58.0,4.0,0.0,0.0
2025-11-09 12:00:00,9.0,7.0,16.0,0.0,1016.0,58.0,10.0,0.0,0.0
2025-11-09 13:00:00,8.0,7.0,16.0,0.0,1016.0,59.0,10.0,0.0,0.0
2025-11-09 14:00:00,8.0,6.0,16.0,0.0,1016.0,58.0,10.0,0.0,0.0
2025-11-09 15:00:00,8.0,6.0,16.0,0.0,1016.0,58.0,9.0,0.0,0.0
2025-11-09 16:00:00,8.0,7.0,14.0,0.0,1016.0,66.0,6.0,0.0,0.0
2025-11-09 17:00:00,10.0,8.0,12.0,0.0,1016.0,72.0,2.0,0.0,0.0
2025-11-09 18:00:00,12.0,8.0,10.0,0.0,1016.0,77.0,7.0,0.0,0.0
2025-11-09 19:00:00,9.0,8.0,11.0,0.0,1016.0,71.0,7.0,0.0,0.0
2025-11-09 20:00:00,18.0,17.0,10.0,0.0,1016.0,73.0,6.0,0.0,0.0
2025-11-09 21:00:00,17.0,15.0,10.0,0.0,1016.0,72.0,4.0,0.0,0.0
2025-11-09 22:00:00,13.0,12.0,10.0,0.0,1016.0,71.0,4.0,0.0,0.0
2025-11-09 23:00:00,12.0,10.0,10.0,0.0,1016.0,70.0,4.0,0.0,0.0
2025-11-10 00:00:00,10.0,9.0,10.0,0.0,1016.0,70.0,5.0,0.0,0.0
2025-11-10 01:00:00,7.0,6.0,10.0,0.0,1016.0,69.0,6.0,0.0,0.0
2025-11-10 02:00:00,6.0,5.0,10.0,0.0,1016.0,68.0,5.0,0.0,0.0
2025-11-10 03:00:00,5.0,4.0,10.0,0.0,1016.0,66.0,6.0,0.0,0.0
2025-11-10 04:00:00,4.0,3.0,9.0,0.0,1016.0,65.0,5.0,0.0,0.0
2025-11-10 05:00:00,4.0,3.0,10.0,0.0,1016.0,64.0,5.0,0.0,0.0
2025-11-10 06:00:00,4.0,4.0,9.0,0.0,1016.0,64.0,5.0,0.0,0.0
2025-11-10 07:00:00,5.0,4.0,7.0,0.0,1015.0,74.0,8.0,0.0,0.0
2025-11-10 08:00:00,7.0,4.0,9.0,0.0,1015.0,70.0,8.0,0.0,0.0
2025-11-10 09:00:00,9.0,4.0,12.0,0.0,1015.0,66.0,9.0,0.0,0.0
2025-11-10 10:00:00,12.0,5.0,15.0,0.0,1015.0,54.0,6.0,0.0,0.0
2025-11-10 11:00:00,11.0,5.0,17.0,0.0,1015.0,48.0,4.0,0.0,0.0
2025-11-10 12:00:00,8.0,4.0,18.0,0.0,1015.0,43.0,3.0,0.0,0.0
2025-11-10 13:00:00,7.0,4.0,18.0,0.0,1014.0,40.0,3.0,0.0,0.0
2025-11-10 14:00:00,5.0,3.0,18.0,0.0,1014.0,41.0,4.0,0.0,0.0
2025-11-10 15:00:00,6.0,4.0,17.0,0.0,1014.0,51.0,4.0,0.0,0.0
2025-11-10 16:00:00,9.0,4.0,14.0,0.0,1015.0,58.0,3.0,0.0,0.0
2025-11-10 17:00:00,16.0,6.0,12.0,0.0,1015.0,64.0,3.0,0.0,0.0
2025-11-10 18:00:00,20.0,7.0,10.0,0.0,1015.0,65.0,6.0,0.0,0.0
2025-11-10 19:00:00,11.0,7.0,11.0,0.0,1016.0,63.0,8.0,0.0,0.0
2025-11-10 20:00:00,9.0,6.0,10.0,0.0,1016.0,65.0,6.0,0.0,0.0
2025-11-10 21:00:00,7.0,5.0,10.0,0.0,1016.0,66.0,6.0,0.0,0.0
2025-11-10 22:00:00,6.0,5.0,10.0,0.0,1016.0,69.0,5.0,0.0,0.0
2025-11-10 23:00:00,6.0,5.0,9.0,0.0,1016.0,70.0,7.0,0.0,0.0
2025-11-11 00:00:00,5.0,4.0,9.0,0.0,1016.0,70.0,6.0,0.0,0.0
2025-11-11 01:00:00,4.0,3.0,9.0,0.0,1016.0,70.0,6.0,0.0,0.0
2025-11-11 02:00:00,4.0,3.0,9.0,0.0,1017.0,70.0,6.0,0.0,0.0
2025-11-11 03:00:00,4.0,3.0,9.0,0.0,1017.0,70.0,6.0,0.0,0.0
2025-11-11 04:00:00,4.0,3.0,10.0,0.0,1017.0,69.0,5.0,0.0,0.0
2025-11-11 05:00:00,4.0,3.0,10.0,0.0,1017.0,68.0,5.0,0.0,0.0
2025-11-11 06:00:00,5.0,4.0,9.0,0.0,1017.0,68.0,6.0,0.0,0.0
2025-11-11 07:00:00,6.0,4.0,8.0,0.0,1017.0,76.0,9.0,0.0,0.0
2025-11-11 08:00:00,5.0,3.0,10.0,0.0,1017.0,72.0,9.0,0.0,0.0
2025-11-11 09:00:00,7.0,4.0,12.0,0.0,1018.0,74.0,8.0,0.0,0.0
2025-11-11 10:00:00,7.0,4.0,14.0,0.0,1019.0,54.0,4.0,0.0,0.0
2025-11-11 11:00:00,11.0,5.0,16.0,0.0,1018.0,50.0,2.0,0.0,0.0
2025-11-11 12:00:00,14.0,6.0,17.0,0.0,1018.0,54.0,6.0,0.0,0.0
2025-11-11 13:00:00,9.0,7.0,17.0,0.0,1018.0,59.0,4.0,0.0,0.0
2025-11-11 14:00:00,17.0,14.0,17.0,0.0,1018.0,62.0,4.0,0.0,0.0
2025-11-11 15:00:00,34.0,29.0,16.0,0.0,1018.0,68.0,4.0,0.0,0.0
2025-11-11 16:00:00,42.0,35.0,14.0,0.0,1019.0,81.0,3.0,0.0,0.0
2025-11-11 17:00:00,40.0,32.0,12.0,0.0,1019.0,86.0,2.0,0.0,0.0
2025-11-11 18:00:00,35.0,28.0,11.0,0.0,1020.0,88.0,2.0,0.0,0.0
2025-11-11 19:00:00,36.0,32.0,13.0,0.0,1020.0,80.0,5.0,0.0,0.0
2025-11-11 20:00:00,40.0,36.0,12.0,0.0,1020.0,81.0,5.0,0.0,0.0
2025-11-11 21:00:00,66.0,62.0,11.0,0.0,1021.0,81.0,5.0,0.0,0.0
2025-11-11 22:00:00,70.0,66.0,11.0,0.0,1021.0,81.0,6.0,0.0,0.0
2025-11-11 23:00:00,69.0,65.0,10.0,0.0,1021.0,83.0,7.0,0.0,0.0
2025-11-12 00:00:00,59.0,56.0,10.0,0.0,1021.0,83.0,9.0,0.0,0.0
2025-11-12 01:00:00,49.0,47.0,9.0,0.0,1021.0,84.0,10.0,0.0,0.0
2025-11-12 02:00:00,40.0,38.0,9.0,0.0,1021.0,86.0,9.0,0.0,0.0
2025-11-12 03:00:00,37.0,35.0,9.0,0.0,1021.0,88.0,9.0,0.0,0.0
2025-11-12 04:00:00,34.0,32.0,9.0,0.0,1021.0,88.0,9.0,0.0,0.0
2025-11-12 05:00:00,35.0,32.0,9.0,0.0,1022.0,88.0,8.0,0.0,0.0
2025-11-12 06:00:00,35.0,33.0,9.0,0.0,1022.0,87.0,8.0,0.0,0.0
2025-11-12 07:00:00,33.0,30.0,9.0,0.0,1022.0,92.0,8.0,0.0,0.0
2025-11-12 08:00:00,37.0,34.0,11.0,0.0,1022.0,88.0,8.0,0.0,0.0
2025-11-12 09:00:00,40.0,38.0,16.0,0.0,1023.0,74.0,7.0,0.0,0.0
2025-11-12 10:00:00,43.0,40.0,18.0,0.0,1023.0,64.0,6.0,0.0,0.0
2025-11-12 11:00:00,46.0,40.0,20.0,0.0,1023.0,62.0,9.0,0.0,0.0
2025-11-12 12:00:00,44.0,37.0,20.0,0.0,1023.0,64.0,10.0,0.0,0.0
2025-11-12 13:00:00,45.0,40.0,18.0,0.0,1022.0,68.0,10.0,0.0,0.0
2025-11-12 14:00:00,47.0,42.0,17.0,0.0,1022.0,71.0,6.0,0.0,0.0
2025-11-12 15:00:00,47.0,41.0,16.0,0.0,1022.0,75.0,3.0,0.0,0.0
2025-11-12 16:00:00,46.0,40.0,14.0,0.0,1023.0,86.0,2.0,0.0,0.0
2025-11-12 17:00:00,44.0,39.0,12.0,0.0,1023.0,90.0,3.0,0.0,0.0
2025-11-12 18:00:00,41.0,36.0,10.0,0.0,1023.0,92.0,2.0,0.0,0.0
2025-11-12 19:00:00,40.0,36.0,12.0,0.0,1024.0,90.0,8.0,0.0,0.0
2025-11-12 20:00:00,40.0,36.0,11.0,0.0,1024.0,90.0,8.0,0.0,0.0
2025-11-12 21:00:00,34.0,32.0,11.0,0.0,1024.0,92.0,9.0,0.0,0.0
2025-11-12 22:00:00,30.0,27.0,11.0,0.0,1024.0,93.0,9.0,0.0,0.0
2025-11-12 23:00:00,32.0,29.0,11.0,0.0,1025.0,94.0,9.0,0.0,0.0
2025-11-13 00:00:00,41.0,38.0,11.0,0.0,1025.0,94.0,8.0,0.0,0.0
2025-11-13 01:00:00,52.0,48.0,11.0,0.0,1024.0,94.0,8.0,0.0,0.0
2025-11-13 02:00:00,43.0,39.0,11.0,0.0,1024.0,92.0,7.0,0.0,0.0
2025-11-13 03:00:00,28.0,25.0,10.0,0.0,1024.0,92.0,8.0,0.0,0.0
2025-11-13 04:00:00,30.0,28.0,10.0,0.0,1024.0,92.0,8.0,0.0,0.0
2025-11-13 05:00:00,31.0,29.0,10.0,0.0,1024.0,92.0,8.0,0.0,0.0
2025-11-13 06:00:00,39.0,36.0,11.0,0.0,1024.0,92.0,8.0,0.0,0.0
2025-11-13 07:00:00,55.0,52.0,12.0,0.0,1024.0,94.0,7.0,0.0,0.0
2025-11-13 08:00:00,57.0,54.0,14.0,0.0,1024.0,94.0,6.0,0.0,0.0
2025-11-13 09:00:00,48.0,45.0,16.0,0.0,1024.0,89.0,7.0,0.0,0.0
2025-11-13 10:00:00,42.0,38.0,18.0,0.0,1025.0,82.0,10.0,0.0,0.0
2025-11-13 11:00:00,49.0,40.0,18.0,0.0,1024.0,78.0,13.0,0.0,0.0
2025-11-13 12:00:00,56.0,48.0,18.0,0.0,1024.0,73.0,16.0,0.0,0.0
2025-11-13 13:00:00,60.0,55.0,18.0,0.0,1023.0,72.0,17.0,0.0,0.0
2025-11-13 14:00:00,64.0,59.0,17.0,0.0,1023.0,73.0,17.0,0.0,0.0
2025-11-13 15:00:00,65.0,60.0,16.0,0.0,1023.0,76.0,15.0,0.0,0.0
2025-11-13 16:00:00,65.0,59.0,15.0,0.0,1024.0,82.0,13.0,0.0,0.0
2025-11-13 17:00:00,67.0,61.0,13.0,0.0,1024.0,91.0,9.0,0.0,0.0
2025-11-13 18:00:00,71.0,64.0,12.0,0.0,1024.0,92.0,6.0,0.0,0.0
2025-11-13 19:00:00,64.0,58.0,13.0,0.0,1024.0,90.0,5.0,0.0,0.0
2025-11-13 20:00:00,66.0,60.0,12.0,0.0,1024.0,91.0,6.0,0.0,0.0
2025-11-13 21:00:00,69.0,62.0,12.0,0.0,1024.0,93.0,7.0,0.0,0.0
2025-11-13 22:00:00,65.0,59.0,12.0,0.0,1024.0,94.0,7.0,0.0,0.0
2025-11-13 23:00:00,58.0,54.0,12.0,0.0,1024.0,94.0,8.0,0.0,0.0
2025-11-14 00:00:00,57.0,53.0,12.0,0.0,1024.0,94.0,8.0,0.0,0.0
2025-11-14 01:00:00,60.0,56.0,12.0,0.0,1024.0,93.0,7.0,0.0,0.0
2025-11-14 02:00:00,67.0,62.0,12.0,0.0,1023.0,93.0,8.0,0.0,0.0
2025-11-14 03:00:00,73.0,67.0,12.0,0.0,1023.0,93.0,7.0,0.0,0.0
2025-11-14 04:00:00,70.0,65.0,12.0,0.0,1022.0,92.0,6.0,0.0,0.0
2025-11-14 05:00:00,68.0,64.0,12.0,0.0,1022.0,92.0,6.0,0.0,0.0
2025-11-14 06:00:00,72.0,67.0,12.0,0.0,1022.0,93.0,6.0,0.0,0.0
2025-11-14 07:00:00,76.0,70.0,13.0,0.0,1022.0,92.0,5.0,0.0,0.0
2025-11-14 08:00:00,70.0,65.0,14.0,0.0,1022.0,91.0,6.0,0.0,0.0
2025-11-14 09:00:00,70.0,65.0,15.0,0.0,1022.0,90.0,8.0,0.0,0.0
2025-11-14 10:00:00,74.0,67.0,17.0,0.0,1022.0,86.0,7.0,0.0,0.0
2025-11-14 11:00:00,73.0,67.0,16.0,0.0,1022.0,90.0,8.0,0.0,0.0
2025-11-14 12:00:00,75.0,69.0,16.0,0.0,1021.0,88.0,10.0,0.0,0.0
2025-11-14 13:00:00,75.0,69.0,16.0,0.0,1020.0,87.0,10.0,0.0,0.0
2025-11-14 14:00:00,76.0,70.0,16.0,0.0,1020.0,88.0,11.0,0.0,0.0
2025-11-14 15:00:00,76.0,70.0,16.0,0.0,1020.0,89.0,12.0,0.0,0.0
2025-11-14 16:00:00,76.0,69.0,14.0,0.0,1020.0,93.0,9.0,0.0,0.0
2025-11-14 17:00:00,74.0,68.0,13.0,0.0,1020.0,94.0,6.0,0.0,0.0
2025-11-14 18:00:00,80.0,73.0,12.0,0.0,1020.0,95.0,4.0,0.0,0.0
2025-11-14 19:00:00,88.0,78.0,13.0,0.0,1020.0,92.0,4.0,0.0,0.0
2025-11-14 20:00:00,86.0,77.0,13.0,0.0,1020.0,92.0,6.0,0.0,0.0
2025-11-14 21:00:00,85.0,76.0,13.0,0.0,1020.0,92.0,6.0,0.0,0.0
2025-11-14 22:00:00,85.0,76.0,12.0,0.0,1020.0,93.0,7.0,0.0,0.0
2025-11-14 23:00:00,71.0,65.0,12.0,0.0,1020.0,92.0,7.0,0.0,0.0
2025-11-15 00:00:00,50.0,47.0,12.0,0.0,1019.0,92.0,6.0,0.0,0.0
2025-11-15 01:00:00,28.0,26.0,12.0,0.0,1019.0,91.0,6.0,0.0,0.0
2025-11-15 02:00:00,34.0,32.0,12.0,0.0,1018.0,91.0,5.0,0.0,0.0
2025-11-15 03:00:00,24.0,22.0,12.0,0.0,1018.0,90.0,5.0,0.0,0.0
2025-11-15 04:00:00,16.0,15.0,13.0,0.0,1018.0,90.0,4.0,0.0,0.0
2025-11-15 05:00:00,12.0,10.0,13.0,0.0,1018.0,89.0,5.0,0.0,0.0
2025-11-15 06:00:00,11.0,8.0,13.0,0.0,1018.0,88.0,4.0,0.0,0.0
2025-11-15 07:00:00,11.0,8.0,14.0,0.0,1018.0,88.0,6.0,0.0,0.0
2025-11-15 08:00:00,10.0,8.0,15.0,0.0,1018.0,88.0,5.0,0.0,0.0
2025-11-15 09:00:00,10.0,8.0,17.0,0.0,1018.0,84.0,1.0,0.0,0.0
2025-11-15 10:00:00,11.0,8.0,17.0,0.0,1018.0,82.0,3.0,0.0,0.0
2025-11-15 11:00:00,11.0,7.0,18.0,0.0,1017.0,78.0,5.0,0.0,0.0
2025-11-15 12:00:00,11.0,7.0,18.0,0.0,1017.0,76.0,9.0,0.0,0.0
2025-11-15 13:00:00,12.0,7.0,18.0,0.0,1016.0,78.0,12.0,0.0,0.0
2025-11-15 14:00:00,12.0,7.0,18.0,0.0,1016.0,76.0,13.0,0.0,0.0
2025-11-15 15:00:00,12.0,7.0,17.0,0.0,1016.0,79.0,10.0,0.0,0.0
2025-11-15 16:00:00,12.0,8.0,15.0,0.0,1016.0,86.0,6.0,0.0,0.0
2025-11-15 17:00:00,14.0,9.0,14.0,0.0,1016.0,88.0,7.0,0.0,0.0
2025-11-15 18:00:00,13.0,9.0,14.0,0.0,1016.0,87.0,8.0,0.0,0.0
2025-11-15 19:00:00,10.0,7.0,15.0,0.0,1015.0,82.0,4.0,0.0,0.0
2025-11-15 20:00:00,9.0,6.0,15.0,0.0,1015.0,84.0,5.0,0.0,0.0
2025-11-15 21:00:00,9.0,5.0,15.0,0.0,1015.0,84.0,2.0,0.0,0.0
2025-11-15 22:00:00,10.0,6.0,15.0,0.0,1015.0,85.0,6.0,0.0,0.0
2025-11-15 23:00:00,11.0,6.0,15.0,0.0,1015.0,86.0,5.0,0.0,0.0
2025-11-16 00:00:00,11.0,6.0,15.0,0.0,1015.0,86.0,3.0,0.0,0.0
2025-11-16 01:00:00,12.0,8.0,15.0,0.2,1014.0,90.0,5.0,0.0,0.0
2025-11-16 02:00:00,14.0,9.0,14.0,0.0,1014.0,92.0,4.0,0.0,0.0
2025-11-16 03:00:00,15.0,9.0,14.0,0.0,1014.0,94.0,3.0,0.0,0.0
2025-11-16 04:00:00,17.0,10.0,14.0,0.0,1014.0,94.0,4.0,0.0,0.0
2025-11-16 05:00:00,19.0,11.0,14.0,0.0,1014.0,94.0,3.0,0.0,0.0
2025-11-16 06:00:00,22.0,11.0,14.0,0.0,1014.0,94.0,3.0,0.0,0.0
2025-11-16 07:00:00,23.0,12.0,17.0,0.0,1013.0,82.0,14.0,0.0,0.0
2025-11-16 08:00:00,23.0,12.0,18.0,0.0,1014.0,80.0,13.0,0.0,0.0
2025-11-16 09:00:00,21.0,11.0,20.0,0.0,1014.0,75.0,13.0,0.0,0.0
2025-11-16 10:00:00,22.0,11.0,21.0,0.0,1014.0,76.0,14.0,0.0,0.0
2025-11-16 11:00:00,22.0,12.0,20.0,0.0,1013.0,77.0,15.0,0.0,0.0
2025-11-16 12:00:00,25.0,12.0,20.0,0.0,1013.0,78.0,18.0,0.0,0.0
2025-11-16 13:00:00,28.0,13.0,17.0,0.5,1012.0,87.0,20.0,0.0,0.0
2025-11-16 14:00:00,24.0,12.0,16.0,4.2,1012.0,91.0,16.0,0.0,0.0
2025-11-16 15:00:00,22.0,10.0,17.0,0.0,1011.0,84.0,18.0,0.0,0.0
2025-11-16 16:00:00,19.0,10.0,17.0,0.0,1011.0,83.0,24.0,0.0,0.0
2025-11-16 17:00:00,19.0,10.0,16.0,0.0,1010.0,82.0,28.0,0.0,0.0
2025-11-16 18:00:00,19.0,10.0,16.0,0.0,1010.0,82.0,24.0,0.0,0.0
2025-11-16 19:00:00,18.0,9.0,16.0,0.0,1010.0,84.0,15.0,0.0,0.0
2025-11-16 20:00:00,19.0,10.0,16.0,0.0,1010.0,85.0,14.0,0.0,0.0
2025-11-16 21:00:00,20.0,10.0,16.0,0.0,1010.0,86.0,17.0,0.0,0.0
2025-11-16 22:00:00,21.0,9.0,16.0,0.2,1009.0,88.0,16.0,0.0,0.0
2025-11-16 23:00:00,23.0,10.0,16.0,0.4,1009.0,89.0,14.0,0.0,0.0
2025-11-17 00:00:00,25.0,10.0,15.0,2.5,1009.0,94.0,15.0,0.0,0.0
2025-11-17 01:00:00,24.0,11.0,15.0,0.3,1008.0,96.0,5.0,0.0,0.0
2025-11-17 02:00:00,25.0,11.0,15.0,0.3,1006.0,96.0,4.0,0.0,0.0
2025-11-17 03:00:00,23.0,11.0,16.0,0.4,1006.0,89.0,11.0,0.0,0.0
2025-11-17 04:00:00,21.0,10.0,16.0,0.1,1005.0,89.0,27.0,0.0,0.0
2025-11-17 05:00:00,23.0,11.0,15.0,0.0,1003.0,85.0,17.0,0.0,0.0
2025-11-17 06:00:00,20.0,10.0,16.0,0.2,1003.0,82.0,26.0,0.0,0.0
2025-11-17 07:00:00,13.0,8.0,14.0,5.4,1003.0,97.0,21.0,0.0,0.0
2025-11-17 08:00:00,5.0,3.0,13.0,0.0,1004.0,100.0,10.0,0.0,0.0
2025-11-17 09:00:00,5.0,2.0,13.0,0.0,1004.0,96.0,6.0,0.0,0.0
2025-11-17 10:00:00,4.0,2.0,14.0,0.1,1004.0,96.0,9.0,0.0,0.0
2025-11-17 11:00:00,4.0,2.0,14.0,2.1,1004.0,97.0,16.0,0.0,0.0
2025-11-17 12:00:00,4.0,2.0,14.0,0.3,1004.0,94.0,14.0,0.0,0.0
2025-11-17 13:00:00,4.0,2.0,15.0,0.0,1003.0,87.0,10.0,0.0,0.0
2025-11-17 14:00:00,5.0,2.0,15.0,0.0,1003.0,86.0,14.0,0.0,0.0
2025-11-17 15:00:00,5.0,2.0,14.0,0.0,1003.0,87.0,13.0,0.0,0.0
2025-11-17 16:00:00,4.0,2.0,14.0,0.1,1004.0,90.0,11.0,0.0,0.0
2025-11-17 17:00:00,6.0,3.0,14.0,0.0,1004.0,89.0,8.0,0.0,0.0
2025-11-17 18:00:00,11.0,8.0,14.0,0.0,1005.0,88.0,5.0,0.0,0.0
2025-11-17 19:00:00,10.0,8.0,14.0,0.0,1006.0,89.0,8.0,0.0,0.0
2025-11-17 20:00:00,14.0,11.0,13.0,0.0,1006.0,88.0,7.0,0.0,0.0
2025-11-17 21:00:00,10.0,7.0,14.0,0.0,1007.0,87.0,6.0,0.0,0.0
2025-11-17 22:00:00,6.0,4.0,13.0,1.0,1008.0,92.0,5.0,0.0,0.0
2025-11-17 23:00:00,5.0,3.0,12.0,6.1,1009.0,88.0,25.0,0.0,0.0
2025-11-18 00:00:00,8.0,3.0,9.0,4.0,1011.0,84.0,28.0,0.0,0.0
2025-11-18 01:00:00,4.0,2.0,7.0,3.1,1012.0,84.0,31.0,0.0,0.0
2025-11-18 02:00:00,2.0,2.0,7.0,2.5,1013.0,82.0,26.0,0.0,0.0
2025-11-18 03:00:00,2.0,2.0,7.0,4.8,1014.0,82.0,30.0,0.0,0.0
2025-11-18 04:00:00,2.0,2.0,7.0,3.0,1014.0,81.0,32.0,0.0,0.0
2025-11-18 05:00:00,2.0,2.0,7.0,0.6,1015.0,79.0,27.0,0.0,0.0
2025-11-18 06:00:00,2.0,2.0,7.0,0.0,1016.0,75.0,25.0,0.0,0.0
2025-11-18 07:00:00,2.0,2.0,8.0,0.0,1016.0,65.0,17.0,0.0,0.0
2025-11-18 08:00:00,2.0,2.0,8.0,0.1,1016.0,62.0,14.0,0.0,0.0
2025-11-18 09:00:00,2.0,2.0,9.0,0.0,1017.0,61.0,18.0,0.0,0.0
2025-11-18 10:00:00,2.0,2.0,9.0,0.0,1017.0,60.0,19.0,0.0,0.0
2025-11-18 11:00:00,3.0,2.0,10.0,0.0,1017.0,59.0,17.0,0.0,0.0
2025-11-18 12:00:00,2.0,2.0,10.0,0.0,1017.0,60.0,16.0,0.0,0.0
2025-11-18 13:00:00,3.0,2.0,10.0,0.0,1016.0,62.0,19.0,0.0,0.0
2025-11-18 14:00:00,2.0,2.0,9.0,0.0,1016.0,66.0,21.0,0.0,0.0
2025-11-18 15:00:00,2.0,2.0,7.0,0.0,1016.0,68.0,22.0,0.0,0.0
2025-11-18 16:00:00,3.0,2.0,6.0,0.0,1016.0,71.0,21.0,0.0,0.0
2025-11-18 17:00:00,4.0,2.0,6.0,0.0,1016.0,73.0,19.0,0.0,0.0
2025-11-18 18:00:00,4.0,2.0,5.0,0.0,1016.0,73.0,17.0,0.0,0.0
2025-11-18 19:00:00,4.0,2.0,6.0,0.0,1016.0,71.0,9.0,0.0,0.0
2025-11-18 20:00:00,5.0,3.0,6.0,0.0,1016.0,70.0,9.0,0.0,0.0
2025-11-18 21:00:00,3.0,2.0,5.0,0.0,1017.0,71.0,8.0,0.0,0.0
2025-11-18 22:00:00,4.0,2.0,5.0,0.0,1017.0,72.0,8.0,0.0,0.0
2025-11-18 23:00:00,3.0,2.0,5.0,0.0,1017.0,72.0,7.0,0.0,0.0
2025-11-19 00:00:00,2.0,2.0,4.0,0.0,1016.0,73.0,7.0,0.0,0.0
2025-11-19 01:00:00,3.0,2.0,4.0,0.0,1016.0,73.0,6.0,0.0,0.0
2025-11-19 02:00:00,3.0,3.0,4.0,0.0,1016.0,74.0,7.0,0.0,0.0
2025-11-19 03:00:00,3.0,2.0,3.0,0.0,1015.0,75.0,8.0,0.0,0.0
2025-11-19 04:00:00,3.0,2.0,3.0,0.0,1015.0,77.0,8.0,0.0,0.0
2025-11-19 05:00:00,3.0,2.0,3.0,0.0,1015.0,78.0,7.0,0.0,0.0
2025-11-19 06:00:00,3.0,2.0,3.0,0.0,1015.0,78.0,6.0,0.0,0.0
2025-11-19 07:00:00,3.0,2.0,2.0,0.0,1015.0,83.0,9.0,0.0,0.0
2025-11-19 08:00:00,3.0,2.0,3.0,0.0,1015.0,84.0,8.0,0.0,0.0
2025-11-19 09:00:00,3.0,2.0,7.0,0.0,1015.0,72.0,7.0,0.0,0.0
2025-11-19 10:00:00,3.0,2.0,9.0,0.0,1015.0,66.0,8.0,0.0,0.0
2025-11-19 11:00:00,5.0,3.0,10.0,0.0,1014.0,60.0,6.0,0.0,0.0
2025-11-19 12:00:00,3.0,2.0,11.0,0.0,1013.0,59.0,5.0,0.0,0.0
2025-11-19 13:00:00,4.0,2.0,11.0,0.0,1012.0,59.0,5.0,0.0,0.0
2025-11-19 14:00:00,3.0,2.0,10.0,0.0,1012.0,59.0,4.0,0.0,0.0
2025-11-19 15:00:00,3.0,2.0,10.0,0.0,1012.0,68.0,2.0,0.0,0.0
2025-11-19 16:00:00,4.0,2.0,8.0,0.0,1012.0,70.0,1.0,0.0,0.0
2025-11-19 17:00:00,7.0,6.0,6.0,0.0,1012.0,75.0,4.0,0.0,0.0
2025-11-19 18:00:00,8.0,6.0,5.0,0.0,1012.0,83.0,7.0,0.0,0.0
2025-11-19 19:00:00,7.0,4.0,6.0,0.0,1012.0,79.0,8.0,0.0,0.0
2025-11-19 20:00:00,7.0,5.0,6.0,0.0,1012.0,78.0,8.0,0.0,0.0
2025-11-19 21:00:00,8.0,6.0,6.0,0.0,1011.0,76.0,8.0,0.0,0.0
2025-11-19 22:00:00,7.0,6.0,6.0,0.0,1011.0,84.0,8.0,0.0,0.0
2025-11-19 23:00:00,9.0,8.0,6.0,0.0,1010.0,90.0,10.0,0.0,0.0
2025-11-20 00:00:00,8.0,7.0,7.0,0.0,1010.0,89.0,4.0,0.0,0.0
2025-11-20 01:00:00,4.0,3.0,7.0,0.0,1009.0,90.0,5.0,0.0,0.0
2025-11-20 02:00:00,6.0,5.0,7.0,0.3,1008.0,93.0,5.0,0.0,0.0
2025-11-20 03:00:00,7.0,6.0,8.0,1.2,1008.0,94.0,6.0,0.0,0.0
2025-11-20 04:00:00,5.0,4.0,8.0,1.2,1007.0,92.0,7.0,0.0,0.0
2025-11-20 05:00:00,4.0,3.0,9.0,0.3,1006.0,90.0,9.0,0.0,0.0
2025-11-20 06:00:00,5.0,4.0,9.0,0.0,1006.0,87.0,13.0,0.0,0.0
2025-11-20 07:00:00,6.0,5.0,7.0,0.0,1006.0,91.0,4.0,0.0,0.0
2025-11-20 08:00:00,5.0,5.0,8.0,0.0,1006.0,89.0,6.0,0.0,0.0
2025-11-20 09:00:00,11.0,6.0,10.0,0.0,1007.0,87.0,5.0,0.0,0.0
2025-11-20 10:00:00,10.0,5.0,12.0,0.0,1008.0,84.0,4.0,0.0,0.0
2025-11-20 11:00:00,9.0,6.0,13.0,0.0,1008.0,82.0,7.0,0.0,0.0
2025-11-20 12:00:00,10.321390512074782,7.342510008353074,12.0,0.0,1007.0,83.0,9.0,0.0,0.0
2025-11-20 13:00:00,10.246124661905377,7.29302375720269,12.0,0.0,1007.0,82.0,8.0,0.0,0.0
2025-11-20 14:00:00,6.0,4.0,12.0,0.0,1008.0,80.0,7.0,0.0,0.0
2025-11-20 15:00:00,5.0,3.0,11.0,0.0,1008.0,84.0,4.0,0.0,0.0
2025-11-20 16:00:00,7.0,4.0,10.0,0.0,1008.0,89.0,2.0,0.0,0.0
2025-11-20 17:00:00,8.0,4.0,9.0,0.0,1008.0,91.0,3.0,0.0,0.0
2025-11-20 18:00:00,12.0,7.0,8.0,0.0,1008.0,93.0,5.0,0.0,0.0
2025-11-20 19:00:00,9.0,5.0,9.0,0.0,1008.0,90.0,4.0,0.0,0.0
2025-11-20 20:00:00,11.0,7.0,8.0,0.0,1007.0,91.0,7.0,0.0,0.0
2025-11-20 21:00:00,10.0,6.0,8.0,0.0,1007.0,88.0,5.0,0.0,0.0
2025-11-20 22:00:00,9.0,6.0,8.0,0.0,1007.0,84.0,5.0,0.0,0.0
2025-11-20 23:00:00,6.0,4.0,8.0,1.2,1007.0,89.0,12.0,0.0,0.0
2025-11-21 00:00:00,2.0,2.0,7.0,2.1,1008.0,86.0,14.0,0.0,0.0
2025-11-21 01:00:00,2.0,2.0,7.0,1.3,1008.0,85.0,14.0,0.0,0.0
2025-11-21 02:00:00,2.0,2.0,6.0,1.3,1008.0,85.0,15.0,0.0,0.0
2025-11-21 03:00:00,2.0,2.0,6.0,0.6,1008.0,84.0,19.0,0.0,0.0
2025-11-21 04:00:00,2.0,2.0,6.0,0.4,1008.0,81.0,26.0,0.0,0.0
2025-11-21 05:00:00,2.0,2.0,6.0,0.2,1007.0,78.0,27.0,0.0,0.0
2025-11-21 06:00:00,2.0,2.0,6.0,0.0,1008.0,75.0,25.0,0.0,0.0
2025-11-21 07:00:00,3.0,2.0,8.0,0.0,1008.0,58.0,12.0,0.0,0.0
2025-11-21 08:00:00,4.0,2.0,8.0,0.0,1009.0,55.0,12.0,0.0,0.0
2025-11-21 09:00:00,3.0,2.0,9.0,0.0,1009.0,55.0,14.0,0.0,0.0
2025-11-21 10:00:00,4.0,2.0,8.0,0.0,1010.0,64.0,15.0,0.0,0.0
2025-11-21 11:00:00,8.0,6.0,8.0,0.0,1010.0,68.0,15.0,0.0,0.0
2025-11-21 12:00:00,3.0,2.0,7.0,0.0,1010.0,74.0,15.0,0.0,0.0
2025-11-21 13:00:00,3.0,2.0,6.0,0.3,1010.0,81.0,15.0,0.0,0.0
2025-11-21 14:00:00,3.0,2.0,6.0,0.3,1010.0,82.0,17.0,0.0,0.0
2025-11-21 15:00:00,3.0,2.0,5.0,0.2,1011.0,82.0,15.0,0.0,0.0
2025-11-21 16:00:00,3.0,2.0,5.0,0.1,1011.0,81.0,17.0,0.0,0.0
2025-11-21 17:00:00,4.0,2.0,5.0,0.0,1011.0,78.0,17.0,0.0,0.0
2025-11-21 18:00:00,4.0,3.0,5.0,0.0,1012.0,82.0,14.0,0.0,0.0
2025-11-21 19:00:00,5.0,4.0,5.0,0.0,1012.0,79.0,14.0,0.0,0.0
2025-11-21 20:00:00,5.0,4.0,5.0,0.0,1012.0,80.0,18.0,0.0,0.0
2025-11-21 21:00:00,5.0,4.0,4.0,0.0,1013.0,81.0,19.0,0.0,0.0
2025-11-21 22:00:00,5.0,4.0,5.0,0.0,1013.0,74.0,18.0,0.0,0.0
2025-11-21 23:00:00,4.0,3.0,5.0,0.0,1014.0,76.0,15.0,0.0,0.0
2025-11-22 00:00:00,3.0,2.0,4.0,0.1,1014.0,81.0,14.0,0.0,0.0
2025-11-22 01:00:00,3.0,2.0,4.0,0.1,1014.0,81.0,17.0,0.0,0.0
2025-11-22 02:00:00,3.0,2.0,4.0,0.2,1015.0,81.0,19.0,0.0,0.0
2025-11-22 03:00:00,4.0,2.0,4.0,0.4,1015.0,80.0,19.0,0.0,0.0
2025-11-22 04:00:00,3.0,2.0,4.0,0.5,1015.0,78.0,23.0,0.0,0.0
2025-11-22 05:00:00,3.0,2.0,4.0,0.1,1016.0,75.0,23.0,0.0,0.0
2025-11-22 06:00:00,3.0,2.0,4.0,0.0,1016.0,73.0,24.0,0.0,0.0
2025-11-22 07:00:00,4.0,2.0,7.0,0.0,1015.0,42.0,6.0,0.0,0.0
2025-11-22 08:00:00,4.0,2.0,7.0,0.0,1016.0,43.0,8.0,0.0,0.0
2025-11-22 09:00:00,6.0,2.0,8.0,0.0,1016.0,42.0,12.0,0.0,0.0
2025-11-22 10:00:00,7.0,2.0,8.0,0.0,1017.0,43.0,16.0,0.0,0.0
2025-11-22 11:00:00,9.0,3.0,8.0,0.0,1017.0,41.0,22.0,0.0,0.0
2025-11-22 12:00:00,7.0,2.0,7.0,0.0,1017.0,42.0,27.0,0.0,0.0
2025-11-22 13:00:00,5.0,2.0,7.0,0.0,1017.0,43.0,27.0,0.0,0.0
2025-11-22 14:00:00,4.0,2.0,6.0,0.0,1017.0,45.0,26.0,0.0,0.0
2025-11-22 15:00:00,4.0,3.0,5.0,0.0,1018.0,52.0,26.0,0.0,0.0
2025-11-22 16:00:00,4.0,3.0,4.0,0.0,1018.0,62.0,26.0,0.0,0.0
2025-11-22 17:00:00,4.0,3.0,3.0,0.0,1019.0,71.0,26.0,0.0,0.0
2025-11-22 18:00:00,4.0,3.0,3.0,0.0,1019.0,74.0,24.0,0.0,0.0
2025-11-22 19:00:00,4.0,3.0,3.0,0.0,1020.0,77.0,16.0,0.0,0.0
2025-11-22 20:00:00,4.0,3.0,3.0,0.0,1020.0,73.0,15.0,0.0,0.0
2025-11-22 21:00:00,3.0,3.0,3.0,0.0,1020.0,67.0,14.0,0.0,0.0
2025-11-22 22:00:00,4.0,3.0,3.0,0.0,1020.0,64.0,15.0,0.0,0.0
2025-11-22 23:00:00,3.0,2.0,3.0,0.0,1020.0,62.0,17.0,0.0,0.0
2025-11-23 00:00:00,3.0,2.0,3.0,0.0,1019.0,61.0,17.0,0.0,0.0
2025-11-23 01:00:00,3.0,2.0,3.0,0.0,1019.0,60.0,17.0,0.0,0.0
2025-11-23 02:00:00,3.0,2.0,3.0,0.0,1019.0,58.0,15.0,0.0,0.0
2025-11-23 03:00:00,2.0,2.0,3.0,0.0,1019.0,55.0,10.0,0.0,0.0
2025-11-23 04:00:00,2.0,2.0,3.0,0.0,1018.0,53.0,8.0,0.0,0.0
2025-11-23 05:00:00,2.0,2.0,2.0,0.0,1018.0,53.0,8.0,0.0,0.0
2025-11-23 06:00:00,2.0,2.0,2.0,0.0,1019.0,53.0,8.0,0.0,0.0
2025-11-23 07:00:00,3.0,2.0,3.0,0.0,1019.0,49.0,6.0,0.0,0.0
2025-11-23 08:00:00,3.0,3.0,4.0,0.0,1019.0,45.0,6.0,0.0,0.0
2025-11-23 09:00:00,4.0,3.0,5.0,0.0,1019.0,40.0,7.0,0.0,0.0
2025-11-23 10:00:00,5.0,4.0,7.0,0.0,1019.0,34.0,6.0,0.0,0.0
2025-11-23 11:00:00,4.0,3.0,8.0,0.0,1018.0,31.0,4.0,0.0,0.0
2025-11-23 12:00:00,3.0,2.0,8.0,0.0,1018.0,34.0,7.0,0.0,0.0
2025-11-23 13:00:00,3.0,2.0,8.0,0.0,1017.0,38.0,6.0,0.0,0.0
2025-11-23 14:00:00,5.0,4.0,8.0,0.0,1018.0,43.0,6.0,0.0,0.0
2025-11-23 15:00:00,5.0,4.0,8.0,0.0,1017.0,47.0,3.0,0.0,0.0
2025-11-23 16:00:00,6.0,5.0,7.0,0.0,1018.0,49.0,4.0,0.0,0.0
2025-11-23 17:00:00,10.0,7.0,6.0,0.0,1018.0,56.0,10.0,0.0,0.0
2025-11-23 18:00:00,8.0,6.0,5.0,0.0,1018.0,66.0,9.0,0.0,0.0
2025-11-23 19:00:00,10.0,8.0,5.0,0.0,1018.0,76.0,7.0,0.0,0.0
2025-11-23 20:00:00,7.0,6.0,4.0,0.0,1018.0,80.0,9.0,0.0,0.0
2025-11-23 21:00:00,8.0,6.0,4.0,0.0,1018.0,80.0,8.0,0.0,0.0
2025-11-23 22:00:00,16.0,14.0,4.0,0.0,1017.0,84.0,10.0,0.0,0.0
2025-11-23 23:00:00,10.0,9.0,5.0,0.0,1017.0,81.0,9.0,0.0,0.0
2025-11-24 00:00:00,7.0,7.0,5.0,0.0,1016.0,80.0,7.0,0.0,0.0
2025-11-24 01:00:00,8.0,7.0,6.0,0.0,1015.0,80.0,6.0,0.0,0.0
2025-11-24 02:00:00,6.0,5.0,6.0,0.0,1014.0,82.0,5.0,0.0,0.0
2025-11-24 03:00:00,5.0,4.0,6.0,0.2,1014.0,89.0,6.0,0.0,0.0
2025-11-24 04:00:00,5.0,3.0,6.0,0.5,1013.0,93.0,4.0,0.0,0.0
2025-11-24 05:00:00,5.0,4.0,6.0,0.7,1012.0,94.0,5.0,0.0,0.0
2025-11-24 06:00:00,6.0,5.0,7.0,2.2,1012.0,94.0,3.0,0.0,0.0
2025-11-24 07:00:00,5.0,4.0,7.0,0.2,1011.0,93.0,1.0,0.0,0.0
2025-11-24 08:00:00,6.0,5.0,8.0,0.1,1011.0,92.0,2.0,0.0,0.0
2025-11-24 09:00:00,4.0,4.0,8.0,0.4,1010.0,93.0,3.0,0.0,0.0
2025-11-24 10:00:00,5.0,4.0,9.0,0.9,1010.0,93.0,4.0,0.0,0.0
2025-11-24 11:00:00,3.0,3.0,11.0,1.0,1009.0,89.0,12.0,0.0,0.0
2025-11-24 12:00:00,4.0,3.0,12.0,1.7,1008.0,90.0,11.0,0.0,0.0
2025-11-24 13:00:00,3.0,2.0,10.0,3.7,1006.0,93.0,12.0,0.0,0.0
2025-11-24 14:00:00,3.0,2.0,10.0,5.1,1006.0,93.0,9.0,0.0,0.0
2025-11-24 15:00:00,3.0,2.0,10.0,5.7,1005.0,95.0,7.0,0.0,0.0
2025-11-24 16:00:00,4.0,2.0,11.0,5.0,1005.0,93.0,12.0,0.0,0.0
2025-11-24 17:00:00,5.0,3.0,10.0,5.9,1005.0,96.0,9.0,0.0,0.0
2025-11-24 18:00:00,5.0,4.0,10.0,1.1,1005.0,96.0,4.0,0.0,0.0
2025-11-24 19:00:00,7.0,6.0,11.0,7.7,1004.0,94.0,5.0,0.0,0.0
2025-11-24 20:00:00,9.0,8.0,10.0,2.4,1004.0,96.0,3.0,0.0,0.0
2025-11-24 21:00:00,8.0,7.0,11.0,2.3,1003.0,94.0,5.0,0.0,0.0
2025-11-24 22:00:00,11.0,9.0,12.0,3.6,1002.0,91.0,11.0,0.0,0.0
2025-11-24 23:00:00,20.0,19.0,13.0,0.3,1001.0,87.0,26.0,0.0,0.0
2025-11-25 00:00:00,12.0,12.0,13.0,0.4,1000.0,88.0,27.0,0.0,0.0
2025-11-25 01:00:00,5.0,5.0,13.0,1.6,1000.0,88.0,19.0,0.0,0.0
2025-11-25 02:00:00,7.0,6.0,13.0,1.7,999.0,89.0,28.0,0.0,0.0
2025-11-25 03:00:00,8.0,7.0,13.0,1.1,998.0,89.0,30.0,0.0,0.0
2025-11-25 04:00:00,5.0,5.0,13.0,0.7,998.0,90.0,34.0,0.0,0.0
2025-11-25 05:00:00,6.0,5.0,12.0,1.5,998.0,93.0,24.0,0.0,0.0
2025-11-25 06:00:00,6.0,5.0,12.0,0.4,998.0,93.0,17.0,0.0,0.0
2025-11-25 07:00:00,7.0,7.0,12.0,0.0,998.0,94.0,8.0,0.0,0.0
2025-11-25 08:00:00,16.0,13.0,13.0,0.1,998.0,93.0,9.0,0.0,0.0
2025-11-25 09:00:00,20.0,15.0,14.0,0.3,999.0,89.0,15.0,0.0,0.0
2025-11-25 10:00:00,18.0,15.0,14.0,0.6,1000.0,90.0,17.0,0.0,0.0
2025-11-25 11:00:00,9.0,8.0,13.0,0.3,999.0,90.0,14.0,0.0,0.0
2025-11-25 12:00:00,10.0,9.0,13.0,0.0,999.0,88.0,10.0,0.0,0.0
2025-11-25 13:00:00,12.0,10.0,12.0,0.0,998.0,86.0,11.0,0.0,0.0
2025-11-25 14:00:00,11.0,10.0,12.0,0.0,998.0,88.0,7.0,0.0,0.0
2025-11-25 15:00:00,13.0,11.0,11.0,0.0,998.0,87.0,10.0,0.0,0.0
2025-11-25 16:00:00,13.0,11.0,10.0,0.0,999.0,88.0,8.0,0.0,0.0
2025-11-25 17:00:00,12.0,11.0,10.0,0.0,999.0,87.0,5.0,0.0,0.0
2025-11-25 18:00:00,11.0,10.0,9.0,0.0,1000.0,88.0,4.0,0.0,0.0
2025-11-25 19:00:00,12.0,10.0,9.0,0.0,1000.0,88.0,5.0,0.0,0.0
2025-11-25 20:00:00,12.0,10.0,8.0,0.0,1000.0,91.0,5.0,0.0,0.0
2025-11-25 21:00:00,15.0,13.0,8.0,0.0,1001.0,92.0,5.0,0.0,0.0
2025-11-25 22:00:00,16.0,14.0,8.0,0.0,1002.0,92.0,7.0,0.0,0.0
2025-11-25 23:00:00,18.0,17.0,8.0,0.0,1002.0,90.0,6.0,0.0,0.0
2025-11-26 00:00:00,11.0,10.0,8.0,0.0,1002.0,89.0,6.0,0.0,0.0
2025-11-26 01:00:00,2.0,2.0,7.0,0.0,1002.0,89.0,6.0,0.0,0.0
2025-11-26 02:00:00,2.0,2.0,7.0,0.0,1002.0,89.0,5.0,0.0,0.0
2025-11-26 03:00:00,2.0,2.0,7.0,0.0,1003.0,87.0,5.0,0.0,0.0
2025-11-26 04:00:00,2.0,2.0,6.0,0.0,1003.0,86.0,5.0,0.0,0.0
2025-11-26 05:00:00,2.0,2.0,6.0,0.0,1004.0,85.0,5.0,0.0,0.0
2025-11-26 06:00:00,2.0,2.0,6.0,0.0,1005.0,85.0,5.0,0.0,0.0
2025-11-26 07:00:00,2.0,2.0,8.0,0.2,1005.0,88.0,5.0,0.0,0.0
2025-11-26 08:00:00,2.0,2.0,9.0,0.0,1006.0,87.0,4.0,0.0,0.0
2025-11-26 09:00:00,4.0,2.0,9.0,0.0,1007.0,86.0,9.0,0.0,0.0
2025-11-26 10:00:00,4.0,2.0,10.0,0.0,1007.0,83.0,10.0,0.0,0.0
2025-11-26 11:00:00,4.0,2.0,11.0,0.0,1007.0,75.0,11.0,0.0,0.0
2025-11-26 12:00:00,3.0,2.0,12.0,0.0,1007.0,70.0,17.0,0.0,0.0
2025-11-26 13:00:00,2.0,2.0,11.0,0.0,1007.0,69.0,18.0,0.0,0.0
2025-11-26 14:00:00,3.0,2.0,10.0,0.0,1008.0,69.0,18.0,0.0,0.0
2025-11-26 15:00:00,4.0,2.0,9.0,0.0,1008.0,68.0,17.0,0.0,0.0
2025-11-26 16:00:00,3.0,2.0,8.0,0.0,1009.0,68.0,16.0,0.0,0.0
2025-11-26 17:00:00,2.0,2.0,8.0,0.0,1010.0,68.0,13.0,0.0,0.0
2025-11-26 18:00:00,3.0,2.0,6.0,0.0,1011.0,73.0,11.0,0.0,0.0
2025-11-26 19:00:00,2.0,2.0,8.0,0.0,1012.0,68.0,10.0,0.0,0.0
2025-11-26 20:00:00,2.0,2.0,8.0,0.0,1012.0,71.0,13.0,0.0,0.0
2025-11-26 21:00:00,2.0,2.0,7.0,0.0,1013.0,72.0,15.0,0.0,0.0
2025-11-26 22:00:00,2.0,2.0,8.0,0.0,1013.0,69.0,15.0,0.0,0.0
2025-11-26 23:00:00,3.0,2.0,8.0,0.0,1013.0,68.0,17.0,0.0,0.0
2025-11-27 00:00:00,4.0,3.0,8.0,0.0,1014.0,68.0,17.0,0.0,0.0
2025-11-27 01:00:00,4.0,3.0,7.0,0.0,1014.0,68.0,17.0,0.0,0.0
2025-11-27 02:00:00,3.0,2.0,7.0,0.0,1014.0,68.0,17.0,0.0,0.0
2025-11-27 03:00:00,3.0,3.0,7.0,0.0,1015.0,67.0,16.0,0.0,0.0
2025-11-27 04:00:00,4.0,3.0,7.0,0.0,1015.0,65.0,15.0,0.0,0.0
2025-11-27 05:00:00,4.0,3.0,7.0,0.0,1016.0,64.0,16.0,0.0,0.0
2025-11-27 06:00:00,4.0,4.0,7.0,0.0,1016.0,62.0,16.0,0.0,0.0
2025-11-27 07:00:00,5.0,3.0,9.0,0.0,1016.0,46.0,13.0,0.0,0.0
2025-11-27 08:00:00,5.0,3.0,9.0,0.0,1017.0,46.0,12.0,0.0,0.0
2025-11-27 09:00:00,5.0,3.0,9.0,0.0,1018.0,44.0,15.0,0.0,0.0
2025-11-27 10:00:00,5.0,2.0,10.0,0.0,1018.0,41.0,18.0,0.0,0.0
2025-11-27 11:00:00,4.0,2.0,10.0,0.0,1018.0,39.0,22.0,0.0,0.0
2025-11-27 12:00:00,4.0,2.0,11.0,0.0,1018.0,39.0,26.0,0.0,0.0
2025-11-27 13:00:00,4.0,2.0,10.0,0.0,1018.0,41.0,28.0,0.0,0.0
2025-11-27 14:00:00,5.0,2.0,10.0,0.0,1018.0,43.0,28.0,0.0,0.0
2025-11-27 15:00:00,4.0,2.0,9.0,0.0,1019.0,46.0,30.0,0.0,0.0
2025-11-27 16:00:00,5.0,3.0,8.0,0.0,1019.0,49.0,28.0,0.0,0.0
2025-11-27 17:00:00,5.0,3.0,7.0,0.0,1019.0,50.0,29.0,0.0,0.0
2025-11-27 18:00:00,6.0,3.0,7.0,0.0,1020.0,52.0,30.0,0.0,0.0
2025-11-27 19:00:00,5.0,3.0,7.0,0.0,1020.0,56.0,26.0,0.0,0.0
2025-11-27 20:00:00,5.0,3.0,7.0,0.0,1021.0,54.0,24.0,0.0,0.0
2025-11-27 21:00:00,5.0,3.0,7.0,0.0,1021.0,53.0,24.0,0.0,0.0
2025-11-27 22:00:00,4.0,3.0,7.0,0.0,1021.0,50.0,26.0,0.0,0.0
2025-11-27 23:00:00,5.0,3.0,7.0,0.0,1021.0,50.0,26.0,0.0,0.0
2025-11-28 00:00:00,4.0,3.0,7.0,0.0,1021.0,50.0,28.0,0.0,0.0
2025-11-28 01:00:00,4.0,3.0,7.0,0.0,1021.0,50.0,30.0,0.0,0.0
2025-11-28 02:00:00,5.0,3.0,7.0,0.0,1020.0,48.0,28.0,0.0,0.0
2025-11-28 03:00:00,4.0,3.0,7.0,0.0,1020.0,47.0,27.0,0.0,0.0
2025-11-28 04:00:00,3.0,2.0,7.0,0.0,1020.0,47.0,27.0,0.0,0.0
2025-11-28 05:00:00,3.0,2.0,7.0,0.0,1020.0,46.0,27.0,0.0,0.0
2025-11-28 06:00:00,3.0,2.0,7.0,0.0,1020.0,46.0,27.0,0.0,0.0
2025-11-28 07:00:00,4.0,2.0,8.0,0.0,1019.0,39.0,10.0,0.0,0.0
2025-11-28 08:00:00,8.0,3.0,8.0,0.0,1019.0,38.0,10.0,0.0,0.0
2025-11-28 09:00:00,12.0,3.0,9.0,0.0,1019.0,36.0,13.0,0.0,0.0
2025-11-28 10:00:00,7.0,2.0,10.0,0.0,1019.0,33.0,17.0,0.0,0.0
2025-11-28 11:00:00,10.0,3.0,11.0,0.0,1019.0,32.0,22.0,0.0,0.0
2025-11-28 12:00:00,7.0,3.0,11.0,0.0,1018.0,31.0,26.0,0.0,0.0
2025-11-28 13:00:00,5.0,2.0,11.0,0.0,1017.0,30.0,24.0,0.0,0.0
2025-11-28 14:00:00,6.0,3.0,11.0,0.0,1017.0,30.0,22.0,0.0,0.0
2025-11-28 15:00:00,6.0,2.0,10.0,0.0,1016.0,29.0,18.0,0.0,0.0
2025-11-28 16:00:00,9.0,4.0,9.0,0.0,1017.0,24.0,17.0,0.0,0.0
2025-11-28 17:00:00,9.0,3.0,9.0,0.0,1017.0,20.0,17.0,0.0,0.0
2025-11-28 18:00:00,4.0,2.0,8.0,0.0,1017.0,28.0,20.0,0.0,0.0
2025-11-28 19:00:00,4.0,2.0,8.0,0.0,1017.0,38.0,18.0,0.0,0.0
2025-11-28 20:00:00,3.0,2.0,8.0,0.0,1017.0,38.0,17.0,0.0,0.0
2025-11-28 21:00:00,4.0,2.0,8.0,0.0,1017.0,38.0,17.0,0.0,0.0
2025-11-28 22:00:00,2.0,2.0,7.0,0.0,1017.0,38.0,16.0,0.0,0.0
2025-11-28 23:00:00,2.0,2.0,7.0,0.0,1017.0,38.0,15.0,0.0,0.0
2025-11-29 00:00:00,3.0,2.0,7.0,0.0,1016.0,38.0,13.0,0.0,0.0
2025-11-29 01:00:00,2.0,2.0,7.0,0.0,1016.0,39.0,11.0,0.0,0.0
2025-11-29 02:00:00,3.0,2.0,6.0,0.0,1016.0,39.0,9.0,0.0,0.0
2025-11-29 03:00:00,2.0,2.0,6.0,0.0,1016.0,40.0,7.0,0.0,0.0
2025-11-29 04:00:00,2.0,2.0,6.0,0.0,1015.0,40.0,6.0,0.0,0.0
2025-11-29 05:00:00,3.0,2.0,6.0,0.0,1015.0,42.0,5.0,0.0,0.0
2025-11-29 06:00:00,2.0,2.0,6.0,0.0,1015.0,43.0,5.0,0.0,0.0
2025-11-29 07:00:00,4.0,2.0,7.0,0.0,1015.0,31.0,10.0,0.0,0.0
2025-11-29 08:00:00,3.0,2.0,8.0,0.0,1015.0,30.0,8.0,0.0,0.0
2025-11-29 09:00:00,5.0,2.0,9.0,0.0,1015.0,37.0,6.0,0.0,0.0
2025-11-29 10:00:00,6.0,4.0,11.0,0.0,1015.0,24.0,6.0,0.0,0.0
2025-11-29 11:00:00,4.0,3.0,13.0,0.0,1015.0,22.0,10.0,0.0,0.0
2025-11-29 12:00:00,5.0,3.0,14.0,0.0,1014.0,21.0,14.0,0.0,0.0
2025-11-29 13:00:00,4.0,2.0,14.0,0.0,1014.0,20.0,18.0,0.0,0.0
2025-11-29 14:00:00,3.0,2.0,13.0,0.0,1014.0,22.0,17.0,0.0,0.0
2025-11-29 15:00:00,4.0,2.0,12.0,0.0,1014.0,25.0,15.0,0.0,0.0
2025-11-29 16:00:00,5.0,2.0,10.0,0.0,1014.0,28.0,13.0,0.0,0.0
2025-11-29 17:00:00,6.0,4.0,8.0,0.0,1015.0,33.0,11.0,0.0,0.0
2025-11-29 18:00:00,8.0,5.0,6.0,0.0,1015.0,42.0,9.0,0.0,0.0
2025-11-29 19:00:00,10.0,8.0,7.0,0.0,1015.0,39.0,7.0,0.0,0.0
2025-11-29 20:00:00,6.0,5.0,7.0,0.0,1015.0,40.0,7.0,0.0,0.0
2025-11-29 21:00:00,5.0,4.0,6.0,0.0,1015.0,41.0,6.0,0.0,0.0
2025-11-29 22:00:00,4.0,4.0,6.0,0.0,1015.0,42.0,6.0,0.0,0.0
2025-11-29 23:00:00,3.0,2.0,5.0,0.0,1015.0,42.0,6.0,0.0,0.0
2025-11-30 00:00:00,3.0,3.0,5.0,0.0,1015.0,42.0,6.0,0.0,0.0
2025-11-30 01:00:00,3.0,2.0,5.0,0.0,1015.0,42.0,6.0,0.0,0.0
2025-11-30 02:00:00,2.0,2.0,5.0,0.0,1015.0,44.0,6.0,0.0,0.0
2025-11-30 03:00:00,2.0,2.0,5.0,0.0,1015.0,46.0,5.0,0.0,0.0
2025-11-30 04:00:00,2.0,2.0,5.0,0.0,1015.0,48.0,6.0,0.0,0.0
2025-11-30 05:00:00,2.0,2.0,5.0,0.0,1015.0,48.0,6.0,0.0,0.0
2025-11-30 06:00:00,6.0,5.0,5.0,0.0,1016.0,50.0,5.0,0.0,0.0
2025-11-30 07:00:00,4.0,3.0,2.0,0.0,1015.0,77.0,9.0,0.0,0.0
2025-11-30 08:00:00,4.0,3.0,3.0,0.0,1015.0,72.0,9.0,0.0,0.0
2025-11-30 09:00:00,4.0,3.0,6.0,0.0,1016.0,57.0,7.0,0.0,0.0
2025-11-30 10:00:00,5.0,4.0,9.0,0.0,1016.0,48.0,6.0,0.0,0.0
2025-11-30 11:00:00,8.0,6.0,11.0,0.0,1016.0,44.0,2.0,0.0,0.0
2025-11-30 12:00:00,7.0,5.0,13.0,0.0,1016.0,46.0,3.0,0.0,0.0
2025-11-30 13:00:00,5.0,3.0,13.0,0.0,1015.0,53.0,6.0,0.0,0.0
2025-11-30 14:00:00,4.0,3.0,12.0,0.0,1015.0,58.0,6.0,0.0,0.0
2025-11-30 15:00:00,4.0,3.0,11.0,0.0,1015.0,63.0,4.0,0.0,0.0
2025-11-30 16:00:00,5.0,4.0,9.0,0.0,1015.0,74.0,2.0,0.0,0.0
2025-11-30 17:00:00,8.0,6.0,8.0,0.0,1015.0,74.0,1.0,0.0,0.0
2025-11-30 18:00:00,14.0,12.0,7.0,0.0,1016.0,74.0,2.0,0.0,0.0
2025-11-30 19:00:00,8.0,7.0,8.0,0.0,1016.0,73.0,9.0,0.0,0.0
2025-11-30 20:00:00,14.0,13.0,7.0,0.0,1016.0,80.0,8.0,0.0,0.0
2025-11-30 21:00:00,8.0,7.0,8.0,0.0,1017.0,81.0,8.0,0.0,0.0
2025-11-30 22:00:00,9.0,8.0,8.0,0.0,1017.0,80.0,8.0,0.0,0.0
2025-11-30 23:00:00,8.0,7.0,8.0,0.0,1017.0,79.0,8.0,0.0,0.0
2025-12-01 00:00:00,10.0,9.0,8.0,0.0,1018.0,78.0,7.0,0.0,0.0
2025-12-01 01:00:00,11.0,10.0,8.0,0.0,1018.0,77.0,7.0,0.0,0.0
2025-12-01 02:00:00,11.0,10.0,8.0,0.0,1018.0,75.0,6.0,0.0,0.0
2025-12-01 03:00:00,10.0,9.0,8.0,0.0,1018.0,74.0,7.0,0.0,0.0
2025-12-01 04:00:00,9.0,8.0,8.0,0.0,1018.0,73.0,7.0,0.0,0.0
2025-12-01 05:00:00,8.0,7.0,8.0,0.0,1018.0,72.0,8.0,0.0,0.0
2025-12-01 06:00:00,8.0,7.0,8.0,0.0,1019.0,72.0,7.0,0.0,0.0
2025-12-01 07:00:00,6.0,5.0,7.0,0.0,1019.0,70.0,5.0,0.0,0.0
2025-12-01 08:00:00,7.0,6.0,8.0,0.0,1019.0,70.0,6.0,0.0,0.0
2025-12-01 09:00:00,8.0,7.0,9.0,0.0,1020.0,64.0,5.0,0.0,0.0
2025-12-01 10:00:00,8.0,6.0,10.0,0.0,1021.0,58.0,5.0,0.0,0.0
2025-12-01 11:00:00,9.0,6.0,11.0,0.0,1020.0,58.0,5.0,0.0,0.0
2025-12-01 12:00:00,15.0,10.0,12.0,0.0,1020.0,58.0,4.0,0.0,0.0
2025-12-01 13:00:00,14.0,8.0,12.0,0.0,1020.0,58.0,6.0,0.0,0.0
2025-12-01 14:00:00,18.0,10.0,12.0,0.0,1020.0,56.0,7.0,0.0,0.0
2025-12-01 15:00:00,23.0,11.0,12.0,0.0,1019.0,58.0,9.0,0.0,0.0
2025-12-01 16:00:00,16.0,11.0,10.0,0.0,1020.0,71.0,8.0,0.0,0.0
2025-12-01 17:00:00,19.0,13.0,10.0,0.0,1020.0,72.0,9.0,0.0,0.0
2025-12-01 18:00:00,19.0,13.0,9.0,0.0,1020.0,78.0,6.0,0.0,0.0
2025-12-01 19:00:00,22.0,14.0,10.0,0.0,1020.0,72.0,4.0,0.0,0.0
2025-12-01 20:00:00,20.0,14.0,9.0,0.0,1020.0,73.0,5.0,0.0,0.0
2025-12-01 21:00:00,17.0,14.0,9.0,0.0,1020.0,74.0,5.0,0.0,0.0
2025-12-01 22:00:00,13.0,11.0,9.0,0.0,1020.0,74.0,5.0,0.0,0.0
2025-12-01 23:00:00,11.0,9.0,8.0,0.0,1020.0,74.0,4.0,0.0,0.0
2025-12-02 00:00:00,15.0,12.0,8.0,0.0,1020.0,75.0,5.0,0.0,0.0
2025-12-02 01:00:00,16.0,14.0,8.0,0.0,1019.0,74.0,5.0,0.0,0.0
2025-12-02 02:00:00,17.0,14.0,8.0,0.0,1019.0,74.0,5.0,0.0,0.0
2025-12-02 03:00:00,14.0,11.0,8.0,0.0,1018.0,73.0,4.0,0.0,0.0
2025-12-02 04:00:00,10.0,9.0,8.0,0.0,1018.0,72.0,3.0,0.0,0.0
2025-12-02 05:00:00,8.0,7.0,8.0,0.0,1018.0,72.0,5.0,0.0,0.0
2025-12-02 06:00:00,5.0,4.0,8.0,0.0,1018.0,73.0,4.0,0.0,0.0
2025-12-02 07:00:00,4.0,3.0,9.0,0.0,1018.0,77.0,7.0,0.0,0.0
2025-12-02 08:00:00,5.0,4.0,10.0,0.0,1018.0,74.0,8.0,0.0,0.0
2025-12-02 09:00:00,6.0,4.0,11.0,0.0,1018.0,73.0,7.0,0.0,0.0
2025-12-02 10:00:00,7.0,5.0,12.0,0.0,1018.0,59.0,5.0,0.0,0.0
2025-12-02 11:00:00,10.0,6.0,13.0,0.0,1018.0,56.0,4.0,0.0,0.0
2025-12-02 12:00:00,11.0,6.0,13.0,0.0,1017.0,58.0,6.0,0.0,0.0
2025-12-02 13:00:00,12.0,7.0,13.0,0.0,1016.0,62.0,7.0,0.0,0.0
2025-12-02 14:00:00,15.0,7.0,13.0,0.0,1016.0,66.0,5.0,0.0,0.0
2025-12-02 15:00:00,11.0,7.0,12.0,0.0,1016.0,71.0,4.0,0.0,0.0
2025-12-02 16:00:00,8.0,5.0,12.0,0.0,1016.0,78.0,3.0,0.0,0.0
2025-12-02 17:00:00,16.0,7.0,10.0,0.0,1016.0,80.0,5.0,0.0,0.0
2025-12-02 18:00:00,9.0,6.0,10.0,0.0,1016.0,84.0,6.0,0.0,0.0
2025-12-02 19:00:00,8.0,7.0,10.0,0.0,1016.0,81.0,6.0,0.0,0.0
2025-12-02 20:00:00,10.0,10.0,10.0,0.0,1016.0,81.0,5.0,0.0,0.0
2025-12-02 21:00:00,7.0,7.0,10.0,0.0,1016.0,80.0,6.0,0.0,0.0
2025-12-02 22:00:00,6.0,5.0,10.0,0.0,1015.0,79.0,6.0,0.0,0.0
2025-12-02 23:00:00,8.0,7.0,10.0,0.0,1015.0,78.0,6.0,0.0,0.0
2025-12-03 00:00:00,11.0,10.0,10.0,0.0,1015.0,76.0,8.0,0.0,0.0
2025-12-03 01:00:00,7.0,6.0,9.0,0.0,1015.0,75.0,8.0,0.0,0.0
2025-12-03 02:00:00,5.0,4.0,9.0,0.0,1015.0,77.0,8.0,0.0,0.0
2025-12-03 03:00:00,4.0,4.0,8.0,0.1,1014.0,87.0,7.0,0.0,0.0
2025-12-03 04:00:00,4.0,3.0,8.0,0.3,1014.0,90.0,7.0,0.0,0.0
2025-12-03 05:00:00,3.0,3.0,8.0,0.2,1014.0,90.0,7.0,0.0,0.0
2025-12-03 06:00:00,5.0,4.0,8.0,0.0,1014.0,87.0,7.0,0.0,0.0
2025-12-03 07:00:00,6.0,6.0,9.0,0.0,1014.0,94.0,4.0,0.0,0.0
2025-12-03 08:00:00,6.0,6.0,10.0,0.0,1015.0,96.0,4.0,0.0,0.0
2025-12-03 09:00:00,5.0,4.0,11.0,0.0,1015.0,89.0,5.0,0.0,0.0
2025-12-03 10:00:00,10.0,8.0,11.0,0.0,1015.0,84.0,6.0,0.0,0.0
2025-12-03 11:00:00,9.0,6.0,12.0,0.0,1015.0,76.0,8.0,0.0,0.0
2025-12-03 12:00:00,13.0,7.0,12.0,0.0,1014.0,72.0,9.0,0.0,0.0
2025-12-03 13:00:00,12.0,7.0,12.0,0.0,1014.0,68.0,9.0,0.0,0.0
2025-12-03 14:00:00,9.0,6.0,12.0,0.0,1014.0,67.0,9.0,0.0,0.0
2025-12-03 15:00:00,6.0,5.0,11.0,0.0,1014.0,68.0,9.0,0.0,0.0
2025-12-03 16:00:00,11.0,5.0,10.0,0.0,1014.0,72.0,10.0,0.0,0.0
2025-12-03 17:00:00,37.0,14.0,9.0,0.0,1014.0,78.0,7.0,0.0,0.0
2025-12-03 18:00:00,14.0,9.0,8.0,0.0,1014.0,80.0,6.0,0.0,0.0
2025-12-03 19:00:00,17.0,12.0,9.0,0.0,1014.0,79.0,6.0,0.0,0.0
2025-12-03 20:00:00,17.0,13.0,9.0,0.0,1014.0,80.0,5.0,0.0,0.0
2025-12-03 21:00:00,23.0,18.0,9.0,0.0,1015.0,80.0,6.0,0.0,0.0
2025-12-03 22:00:00,19.0,16.0,9.0,0.0,1015.0,84.0,6.0,0.0,0.0
2025-12-03 23:00:00,12.0,11.0,9.0,0.0,1014.0,84.0,5.0,0.0,0.0
2025-12-04 00:00:00,15.0,12.0,9.0,0.0,1014.0,83.0,5.0,0.0,0.0
2025-12-04 01:00:00,9.0,7.0,9.0,0.0,1014.0,83.0,5.0,0.0,0.0
2025-12-04 02:00:00,7.0,6.0,9.0,0.0,1013.0,83.0,5.0,0.0,0.0
2025-12-04 03:00:00,6.0,5.0,9.0,0.0,1012.0,83.0,5.0,0.0,0.0
2025-12-04 04:00:00,5.0,5.0,8.0,0.0,1012.0,84.0,6.0,0.0,0.0
2025-12-04 05:00:00,6.0,5.0,8.0,0.0,1012.0,84.0,7.0,0.0,0.0
2025-12-04 06:00:00,6.0,6.0,8.0,0.0,1012.0,83.0,6.0,0.0,0.0
2025-12-04 07:00:00,6.0,5.0,9.0,0.0,1011.0,91.0,6.0,0.0,0.0
2025-12-04 08:00:00,7.0,5.0,10.0,0.0,1010.0,90.0,5.0,0.0,0.0
2025-12-04 09:00:00,12.0,6.0,11.0,0.0,1010.0,87.0,8.0,0.0,0.0
2025-12-04 10:00:00,9.0,6.0,12.0,0.0,1010.0,79.0,10.0,0.0,0.0
2025-12-04 11:00:00,9.0,6.0,12.0,0.0,1009.0,73.0,13.0,0.0,0.0
2025-12-04 12:00:00,14.0,7.0,13.0,0.0,1008.0,68.0,15.0,0.0,0.0
2025-12-04 13:00:00,15.0,7.0,12.0,0.0,1007.0,65.0,15.0,0.0,0.0
2025-12-04 14:00:00,17.0,8.0,11.0,0.0,1006.0,72.0,19.0,0.0,0.0
2025-12-04 15:00:00,14.0,8.0,9.0,0.6,1006.0,84.0,16.0,0.0,0.0
2025-12-04 16:00:00,18.0,10.0,8.0,0.3,1006.0,80.0,18.0,0.0,0.0
2025-12-04 17:00:00,16.0,11.0,8.0,0.1,1006.0,79.0,18.0,0.0,0.0
2025-12-04 18:00:00,13.0,10.0,7.0,0.1,1005.0,80.0,13.0,0.0,0.0
2025-12-04 19:00:00,11.0,10.0,8.0,0.0,1005.0,75.0,12.0,0.0,0.0
2025-12-04 20:00:00,11.0,8.0,8.0,0.0,1005.0,76.0,12.0,0.0,0.0
2025-12-04 21:00:00,6.0,5.0,8.0,0.0,1005.0,77.0,13.0,0.0,0.0
2025-12-04 22:00:00,4.0,3.0,8.0,0.0,1005.0,78.0,10.0,0.0,0.0
2025-12-04 23:00:00,2.0,2.0,8.0,0.0,1005.0,78.0,7.0,0.0,0.0
2025-12-05 00:00:00,2.0,2.0,8.0,0.0,1005.0,77.0,6.0,0.0,0.0
2025-12-05 01:00:00,2.0,2.0,7.0,0.0,1005.0,84.0,5.0,0.0,0.0
2025-12-05 02:00:00,2.0,2.0,7.0,0.0,1005.0,87.0,4.0,0.0,0.0
2025-12-05 03:00:00,2.0,2.0,7.0,0.0,1005.0,85.0,3.0,0.0,0.0
2025-12-05 04:00:00,2.0,2.0,7.0,0.0,1005.0,86.0,4.0,0.0,0.0
2025-12-05 05:00:00,2.0,2.0,7.0,0.0,1006.0,86.0,4.0,0.0,0.0
2025-12-05 06:00:00,2.0,2.0,7.0,0.0,1006.0,85.0,4.0,0.0,0.0
2025-12-05 07:00:00,3.0,3.0,8.0,0.0,1007.0,89.0,7.0,0.0,0.0
2025-12-05 08:00:00,3.0,3.0,8.0,0.0,1007.0,86.0,6.0,0.0,0.0
2025-12-05 09:00:00,6.0,3.0,9.0,0.0,1008.0,80.0,5.0,0.0,0.0
2025-12-05 10:00:00,9.0,4.0,11.0,0.0,1008.0,75.0,5.0,0.0,0.0
2025-12-05 11:00:00,8.0,4.0,12.0,0.0,1008.0,68.0,8.0,0.0,0.0
2025-12-05 12:00:00,9.0,4.0,12.0,0.0,1008.0,64.0,10.0,0.0,0.0
2025-12-05 13:00:00,8.0,4.0,13.0,0.0,1008.0,60.0,10.0,0.0,0.0
2025-12-05 14:00:00,10.0,5.0,12.0,0.0,1008.0,59.0,12.0,0.0,0.0
2025-12-05 15:00:00,9.0,4.0,11.0,0.0,1009.0,59.0,12.0,0.0,0.0
2025-12-05 16:00:00,5.0,2.0,10.0,0.0,1010.0,63.0,11.0,0.0,0.0
2025-12-05 17:00:00,6.0,2.0,9.0,0.0,1010.0,66.0,10.0,0.0,0.0
2025-12-05 18:00:00,5.0,3.0,9.0,0.0,1011.0,66.0,13.0,0.0,0.0
2025-12-05 19:00:00,5.0,3.0,10.0,0.0,1011.0,68.0,12.0,0.0,0.0
2025-12-05 20:00:00,5.0,3.0,10.0,0.0,1011.0,68.0,13.0,0.0,0.0
2025-12-05 21:00:00,6.0,4.0,10.0,0.0,1012.0,69.0,10.0,0.0,0.0
2025-12-05 22:00:00,5.0,4.0,9.0,0.0,1012.0,70.0,9.0,0.0,0.0
2025-12-05 23:00:00,5.0,3.0,9.0,0.0,1012.0,71.0,8.0,0.0,0.0
2025-12-06 00:00:00,4.0,3.0,9.0,0.0,1013.0,72.0,7.0,0.0,0.0
2025-12-06 01:00:00,4.0,3.0,9.0,0.0,1013.0,73.0,9.0,0.0,0.0
2025-12-06 02:00:00,4.0,4.0,9.0,0.0,1013.0,73.0,9.0,0.0,0.0
2025-12-06 03:00:00,4.0,4.0,8.0,0.0,1013.0,74.0,8.0,0.0,0.0
2025-12-06 04:00:00,5.0,5.0,8.0,0.0,1013.0,74.0,5.0,0.0,0.0
2025-12-06 05:00:00,5.0,5.0,8.0,0.0,1013.0,74.0,4.0,0.0,0.0
2025-12-06 06:00:00,6.0,5.0,8.0,0.0,1014.0,74.0,4.0,0.0,0.0
2025-12-06 07:00:00,5.0,4.0,7.0,0.0,1014.0,81.0,5.0,0.0,0.0
2025-12-06 08:00:00,3.0,3.0,7.0,0.0,1014.0,82.0,5.0,0.0,0.0
2025-12-06 09:00:00,5.0,3.0,10.0,0.0,1014.0,72.0,4.0,0.0,0.0
2025-12-06 10:00:00,6.0,3.0,12.0,0.0,1014.0,59.0,7.0,0.0,0.0
2025-12-06 11:00:00,6.0,3.0,14.0,0.0,1013.0,55.0,8.0,0.0,0.0
2025-12-06 12:00:00,10.0,4.0,14.0,0.0,1013.0,54.0,11.0,0.0,0.0
2025-12-06 13:00:00,5.0,3.0,14.0,0.0,1012.0,54.0,12.0,0.0,0.0
2025-12-06 14:00:00,6.0,3.0,14.0,0.0,1013.0,55.0,12.0,0.0,0.0
2025-12-06 15:00:00,4.0,3.0,12.0,0.0,1013.0,59.0,11.0,0.0,0.0
2025-12-06 16:00:00,5.0,3.0,10.0,0.0,1013.0,68.0,9.0,0.0,0.0
2025-12-06 17:00:00,5.0,3.0,9.0,0.0,1014.0,75.0,9.0,0.0,0.0
2025-12-06 18:00:00,8.0,6.0,8.0,0.0,1014.0,79.0,10.0,0.0,0.0
2025-12-06 19:00:00,7.0,6.0,9.0,0.0,1014.0,77.0,9.0,0.0,0.0
2025-12-06 20:00:00,9.0,7.0,9.0,0.0,1014.0,76.0,6.0,0.0,0.0
2025-12-06 21:00:00,7.0,6.0,9.0,0.0,1014.0,77.0,9.0,0.0,0.0
2025-12-06 22:00:00,5.0,4.0,9.0,0.0,1014.0,77.0,10.0,0.0,0.0
2025-12-06 23:00:00,5.0,4.0,8.0,0.0,1014.0,78.0,7.0,0.0,0.0
2025-12-07 00:00:00,4.0,4.0,9.0,0.0,1015.0,78.0,8.0,0.0,0.0
2025-12-07 01:00:00,3.0,3.0,8.0,0.0,1015.0,78.0,8.0,0.0,0.0
2025-12-07 02:00:00,3.0,3.0,8.0,0.0,1015.0,78.0,6.0,0.0,0.0
2025-12-07 03:00:00,3.0,3.0,8.0,0.0,1015.0,79.0,8.0,0.0,0.0
2025-12-07 04:00:00,4.0,3.0,8.0,0.0,1015.0,79.0,7.0,0.0,0.0
2025-12-07 05:00:00,4.0,3.0,8.0,0.0,1015.0,79.0,7.0,0.0,0.0
2025-12-07 06:00:00,4.0,3.0,8.0,0.0,1016.0,79.0,7.0,0.0,0.0
2025-12-07 07:00:00,6.0,5.0,8.0,0.0,1015.0,80.0,2.0,0.0,0.0
2025-12-07 08:00:00,4.0,4.0,9.0,0.0,1015.0,79.0,6.0,0.0,0.0
2025-12-07 09:00:00,5.0,4.0,11.0,0.0,1016.0,74.0,7.0,0.0,0.0
2025-12-07 10:00:00,4.0,4.0,13.0,0.0,1016.0,62.0,6.0,0.0,0.0
2025-12-07 11:00:00,4.0,4.0,14.0,0.0,1016.0,55.0,6.0,0.0,0.0
2025-12-07 12:00:00,6.0,5.0,15.0,0.0,1016.0,52.0,3.0,0.0,0.0
2025-12-07 13:00:00,4.0,4.0,15.0,0.0,1015.0,50.0,5.0,0.0,0.0
2025-12-07 14:00:00,6.0,4.0,15.0,0.0,1015.0,50.0,8.0,0.0,0.0
2025-12-07 15:00:00,5.0,4.0,14.0,0.0,1016.0,56.0,10.0,0.0,0.0
2025-12-07 16:00:00,6.0,4.0,11.0,0.0,1016.0,69.0,10.0,0.0,0.0
2025-12-07 17:00:00,11.0,9.0,9.0,0.0,1016.0,77.0,8.0,0.0,0.0
2025-12-07 18:00:00,6.0,6.0,8.0,0.0,1016.0,82.0,6.0,0.0,0.0
2025-12-07 19:00:00,6.0,5.0,10.0,0.0,1017.0,75.0,4.0,0.0,0.0
2025-12-07 20:00:00,6.0,5.0,9.0,0.0,1017.0,76.0,4.0,0.0,0.0
2025-12-07 21:00:00,7.0,6.0,9.0,0.0,1018.0,76.0,4.0,0.0,0.0
2025-12-07 22:00:00,8.0,7.0,8.0,0.0,1018.0,76.0,4.0,0.0,0.0
2025-12-07 23:00:00,6.0,5.0,8.0,0.0,1018.0,77.0,5.0,0.0,0.0
2025-12-08 00:00:00,5.0,5.0,8.0,0.0,1019.0,77.0,4.0,0.0,0.0
2025-12-08 01:00:00,5.0,4.0,8.0,0.0,1019.0,76.0,5.0,0.0,0.0
2025-12-08 02:00:00,5.0,5.0,8.0,0.0,1019.0,76.0,5.0,0.0,0.0
2025-12-08 03:00:00,5.0,4.0,8.0,0.0,1019.0,75.0,5.0,0.0,0.0
2025-12-08 04:00:00,5.0,4.0,8.0,0.0,1019.0,74.0,4.0,0.0,0.0
2025-12-08 05:00:00,5.0,5.0,8.0,0.0,1020.0,74.0,2.0,0.0,0.0
2025-12-08 06:00:00,7.0,6.0,8.0,0.0,1020.0,74.0,4.0,0.0,0.0
2025-12-08 07:00:00,8.0,7.0,6.0,0.0,1020.0,85.0,7.0,0.0,0.0
2025-12-08 08:00:00,8.0,5.0,7.0,0.0,1021.0,79.0,8.0,0.0,0.0
2025-12-08 09:00:00,8.0,6.0,9.0,0.0,1022.0,74.0,7.0,0.0,0.0
2025-12-08 10:00:00,12.0,9.0,10.0,0.0,1022.0,61.0,5.0,0.0,0.0
2025-12-08 11:00:00,13.0,10.0,12.0,0.0,1022.0,59.0,3.0,0.0,0.0
2025-12-08 12:00:00,10.0,8.0,13.0,0.0,1022.0,56.0,3.0,0.0,0.0
2025-12-08 13:00:00,8.0,7.0,13.0,0.0,1022.0,59.0,1.0,0.0,0.0
2025-12-08 14:00:00,8.0,6.0,13.0,0.0,1022.0,68.0,3.0,0.0,0.0
2025-12-08 15:00:00,6.0,5.0,12.0,0.0,1022.0,73.0,2.0,0.0,0.0
2025-12-08 16:00:00,8.0,6.0,10.0,0.0,1023.0,81.0,4.0,0.0,0.0
2025-12-08 17:00:00,12.0,9.0,9.0,0.0,1024.0,86.0,3.0,0.0,0.0
2025-12-08 18:00:00,11.0,9.0,8.0,0.0,1024.0,86.0,1.0,0.0,0.0
2025-12-08 19:00:00,10.0,9.0,10.0,0.0,1024.0,76.0,6.0,0.0,0.0
2025-12-08 20:00:00,9.0,7.0,10.0,0.0,1024.0,73.0,5.0,0.0,0.0
2025-12-08 21:00:00,9.0,8.0,9.0,0.0,1024.0,74.0,5.0,0.0,0.0
2025-12-08 22:00:00,10.0,8.0,9.0,0.0,1025.0,76.0,4.0,0.0,0.0
2025-12-08 23:00:00,8.0,7.0,9.0,0.0,1025.0,73.0,4.0,0.0,0.0
2025-12-09 00:00:00,8.0,7.0,9.0,0.0,1024.0,71.0,4.0,0.0,0.0
2025-12-09 01:00:00,9.0,8.0,9.0,0.0,1024.0,72.0,3.0,0.0,0.0
2025-12-09 02:00:00,9.0,8.0,9.0,0.0,1024.0,73.0,2.0,0.0,0.0
2025-12-09 03:00:00,8.0,7.0,9.0,0.0,1024.0,74.0,1.0,0.0,0.0
2025-12-09 04:00:00,7.0,6.0,9.0,0.0,1024.0,74.0,3.0,0.0,0.0
2025-12-09 05:00:00,8.0,7.0,8.0,0.0,1024.0,71.0,6.0,0.0,0.0
2025-12-09 06:00:00,9.0,7.0,8.0,0.0,1024.0,70.0,3.0,0.0,0.0
2025-12-09 07:00:00,8.0,7.0,6.0,0.0,1024.0,86.0,3.0,0.0,0.0
2025-12-09 08:00:00,11.0,9.0,6.0,0.0,1025.0,83.0,2.0,0.0,0.0
2025-12-09 09:00:00,15.0,9.0,9.0,0.0,1025.0,75.0,2.0,0.0,0.0
2025-12-09 10:00:00,36.0,14.0,11.0,0.0,1025.0,63.0,1.0,0.0,0.0
2025-12-09 11:00:00,56.0,18.0,13.0,0.0,1025.0,56.0,2.0,0.0,0.0
2025-12-09 12:00:00,16.0,10.0,14.0,0.0,1024.0,55.0,5.0,0.0,0.0
2025-12-09 13:00:00,11.0,8.0,14.0,0.0,1024.0,62.0,6.0,0.0,0.0
2025-12-09 14:00:00,10.0,9.0,14.0,0.0,1024.0,70.0,5.0,0.0,0.0
2025-12-09 15:00:00,12.0,9.0,12.0,0.0,1024.0,83.0,4.0,0.0,0.0
2025-12-09 16:00:00,15.0,13.0,10.0,0.0,1024.0,86.0,3.0,0.0,0.0
2025-12-09 17:00:00,18.0,15.0,9.0,0.0,1024.0,90.0,2.0,0.0,0.0
2025-12-09 18:00:00,18.0,15.0,8.0,0.0,1024.0,90.0,1.0,0.0,0.0
2025-12-09 19:00:00,15.0,13.0,10.0,0.0,1024.0,82.0,6.0,0.0,0.0
2025-12-09 20:00:00,19.0,16.0,9.0,0.0,1024.0,82.0,7.0,0.0,0.0
2025-12-09 21:00:00,15.0,14.0,8.0,0.0,1024.0,84.0,7.0,0.0,0.0
2025-12-09 22:00:00,12.0,11.0,8.0,0.0,1024.0,88.0,10.0,0.0,0.0
2025-12-09 23:00:00,15.0,14.0,7.0,0.0,1024.0,91.0,10.0,0.0,0.0
2025-12-10 00:00:00,15.0,14.0,7.0,0.0,1024.0,92.0,9.0,0.0,0.0
2025-12-10 01:00:00,21.0,20.0,7.0,0.0,1024.0,92.0,9.0,0.0,0.0
2025-12-10 02:00:00,19.0,18.0,7.0,0.0,1024.0,91.0,9.0,0.0,0.0
2025-12-10 03:00:00,23.0,22.0,7.0,0.0,1024.0,89.0,9.0,0.0,0.0
2025-12-10 04:00:00,29.0,28.0,7.0,0.0,1023.0,90.0,8.0,0.0,0.0
2025-12-10 05:00:00,39.0,38.0,7.0,0.0,1024.0,89.0,9.0,0.0,0.0
2025-12-10 06:00:00,47.0,46.0,7.0,0.0,1024.0,89.0,9.0,0.0,0.0
2025-12-10 07:00:00,45.0,44.0,6.0,0.0,1024.0,93.0,9.0,0.0,0.0
2025-12-10 08:00:00,41.0,39.0,7.0,0.0,1024.0,93.0,9.0,0.0,0.0
2025-12-10 09:00:00,43.0,41.0,9.0,0.0,1025.0,92.0,8.0,0.0,0.0
2025-12-10 10:00:00,42.0,40.0,12.0,0.0,1025.0,81.0,7.0,0.0,0.0
2025-12-10 11:00:00,42.0,40.0,13.0,0.0,1025.0,75.0,6.0,0.0,0.0
2025-12-10 12:00:00,44.0,41.0,14.0,0.0,1025.0,70.0,9.0,0.0,0.0
2025-12-10 13:00:00,46.0,42.0,14.0,0.0,1024.0,66.0,11.0,0.0,0.0
2025-12-10 14:00:00,44.0,40.0,14.0,0.0,1024.0,66.0,11.0,0.0,0.0
2025-12-10 15:00:00,43.0,39.0,12.0,0.0,1024.0,72.0,10.0,0.0,0.0
2025-12-10 16:00:00,58.0,54.0,10.0,0.0,1025.0,88.0,6.0,0.0,0.0
2025-12-10 17:00:00,63.0,60.0,8.0,0.0,1025.0,91.0,4.0,0.0,0.0
2025-12-10 18:00:00,63.0,59.0,7.0,0.0,1025.0,95.0,3.0,0.0,0.0
2025-12-10 19:00:00,61.0,58.0,8.0,0.0,1025.0,93.0,9.0,0.0,0.0
2025-12-10 20:00:00,60.0,57.0,8.0,0.0,1025.0,93.0,9.0,0.0,0.0
2025-12-10 21:00:00,61.0,58.0,7.0,0.0,1026.0,94.0,8.0,0.0,0.0
2025-12-10 22:00:00,62.0,59.0,7.0,0.0,1026.0,94.0,8.0,0.0,0.0
2025-12-10 23:00:00,60.0,58.0,7.0,0.0,1026.0,93.0,9.0,0.0,0.0
2025-12-11 00:00:00,56.0,54.0,8.0,0.0,1026.0,92.0,9.0,0.0,0.0
2025-12-11 01:00:00,52.0,50.0,8.0,0.0,1026.0,92.0,8.0,0.0,0.0
2025-12-11 02:00:00,48.0,47.0,8.0,0.0,1025.0,91.0,8.0,0.0,0.0
2025-12-11 03:00:00,43.0,42.0,7.0,0.0,1025.0,92.0,8.0,0.0,0.0
2025-12-11 04:00:00,43.0,41.0,7.0,0.0,1025.0,92.0,7.0,0.0,0.0
2025-12-11 05:00:00,40.0,39.0,7.0,0.0,1025.0,91.0,6.0,0.0,0.0
2025-12-11 06:00:00,37.0,36.0,7.0,0.0,1025.0,90.0,5.0,0.0,0.0
2025-12-11 07:00:00,34.0,33.0,6.0,0.0,1025.0,93.0,5.0,0.0,0.0
